title,date,description,source
Detik-detik Pencurian Motor Trail di Rumah Chef Aiko Terekam CCTV,"Rabu, 17 Nov 2021 13:48 WIB","\-

Maling menyatroni rumah Chef Aiko di Kembangan, Jakarta Barat. Motor trail CRF
Rally 250 cc milik suaminya, Ahmad Saugi Balfas, raib dibawa dua pelaku.

Pencurian terjadi pada Senin (15/11/2021), sekitar pukul 04.30 WIB. Aksi
pencurian oleh 2 pelaku yang berboncengan motor itu terekam kamera CCTV milik
tetangga Saugi dan Aiko.

""(CCTV) tetangga, kebenaran yang di sini rusak. Baru pasang lagi yang baru,""
kata Saugi kepada wartawan, Rabu (17/11).

Dari rekaman CCTV, tampak dua pelaku menggunakan topi berhenti di depan rumah
tetangganya. Seorang pelaku kemudian menunjuk ke rumah Aiko.

""Iya (ditarget) karena di CCTV nanti bisa kalian lihat jadi mereka itu sempat
kayak salah alamat, _nih_ sebelah _sono_. Mereka itu jam 4 _udah_ kayak
_mantau_ ,"" ungkap Saugi.

Selang beberapa menit kemudian, terdengar suara pagar rumah Chef Aiko
bergeser. Tak lama kemudian, kedua pelaku membawa motor trail warna merah
milik Saugi dengan cara _'disetut'_ (didorong pakai kaki).

"" _Sebenernya_ kondisi motor akinya lagi drop. Jadi si maling setelah menjebol
kunci gembok pas mau _ngidupin_ nggak hidup dan _disetut,_ "" ucap Saugi.

 _Baca selengkapnya di halaman berikutnya._

Selanjutnya __

Halaman

1  2

 ",www.detik.com
"Sindikat Pencuri 20 Motor di Bekasi Dibekuk, Hasil Curian Dijual di Lampung","Sabtu, 09 Apr 2022 01:23 WIB","\-

Polisi menangkap komplotan pencurian kendaraan bermotor (curanmor) di Kota
Bekasi. Dari tujuh tersangka yang ditangkap, polisi menyita 20 unit motor
curian.

Dari tujung tersangka ini, 3 pelaku merupakan pelaku pencurian (pemeriksa) dan
4 orang penadah di Bekasi dan Bogor. Sindikat ini terungkap setelah polisi
menangkap dua tersangka DR (22) dan MF (27). Dari kedua tersangka ini
mengembang hingga pelaku lain terungkap.

""Berdasarkan hasil observasi dan informasi dari masyarakat, tim melakukan
penangkapan tersangka DR dan MF. Dari hasil interogasi terhadap kedua
tersangka didapatkan informasi bahwa hasil curian dijual kepada tersangka
penadah,"" ucap Kapolsek Bekasi Kota Kompol Salahuddin di Polsek Metro Bekasi
Kota, Jumat (8/4/2022).

Para penadah berinisial RV (22), BY (25), ME (26), SR (22) ditangkap polisi di
kediaman masing-masing. Setelah diinterogasi, masih ada satu tersangka
curanmor yang lain berinisial FS (28).

""Dari hasil interogasi terhadap tersangka penadah, didapat bahwa ada tersangka
lainnya yaitu tersangka FS, ditangkap di Jatibening,"" tuturnya.

Para pelaku ranmor tersebut melakukan modusnya dengan menunggu para penghuni
rumah tertidur. Setelah itu mereka merusak stir motor dan mendorong motor
curiannya.

""Mereka mengambil motor orang lain dengan modus rumah-rumah kontrakan. Korban
rata-rata sudah pada tidur sehingga mereka beraksi ketika pukul 00.00 ke atas
ketika orang terlelap tidur,"" tuturnya.

""Teknisnya mereka tak pakai kunci, biasanya make kunci letter T kan, tapi
mereka dipatahkan menggunakan teknik langsung di dorong motornya,"" sambungnya.

Para pelaku kata Salahuddin mengaku menjual motor curiannya menuju Kota
Lampung. Selain itu, para pelaku baru melakukan aksinya tersebut selama 3
bulan.

""Barang itu habis dikumpulkan pada satu tempat, dimuat di dalam mobil pikap
dan dibawa ke daerah Lampung, (nama) daerahnya Krui, itu dalam waktu beberapa
bulan saja. Jalan tiga bulan itu bisa langsung dapat 20 unit,"" paparnya.

Para pelaku ranmor diancam hukuman pasal 363 ayat 1 KUHP dengan ancaman
hukuman paling lama 7 tahun penjara. Sedangkan para penadah diancam hukuman
pasal 481 ayat 1 KUHP dengan ancaman hukuman 7 tahun penjara.

 ",www.detik.com
"Perampok yang Sekap Korban di Depok Ditangkap, Ke Lokasi Bawa Angkot","Jumat, 04 Mar 2022 16:42 WIB","\-

Polisi menangkap lima orang pelaku perampokan di sebuah ruko di Pancoran Mas,
Depok, Jawa Barat. Para pelaku sempat menyekap dan mengikat para korbannya.

""Kasus ini terjadi pada Selasa, 1 Maret 2022, sekitar pukul 03.00 WIB, di Jl
Raya Sawangan, Pancoran Mas, Kota Depok. Tersangka kasus ini ada lima orang,""
kata Kabid Humas Polda Metro Jaya Kombes Endra Zulpan saat konferensi pers di
Polda Metro Jaya, Jumat (4/3/2022).

Kombes Zulpan menjelaskan kelima tersangka itu memiliki masing-masing peran
yang berbeda dalam menjalankan aksinya. Dari kelima tersangka, dua orang di
antaranya bertugas sebagai kapten dan pemantau situasi dari mobil angkot.

""Tersangka kasus ini ada lima, JS berperan sebagai kapten. Dia masuk ke rumah
dan mengancam korban dalam kejahatan ini. Kemudian RS, perannya menyediakan
alat transportasi dan mengawasi situasi,"" lanjutnya.

Dalam aksinya, empat orang tersangka dipimpin JS masuk ke rumah korban serta
mengancam para karyawan toko yang kebetulan tinggal di ruko tersebut. Para
tersangka mengikat lima orang itu menggunakan kain sarung yang diubah menjadi
tali.

""Kebetulan dalam ruko ada beberapa karyawan. Semua karyawan yang ada mereka
ancam dan takuti. Kemudian mereka ikat dengan kain sarung yang telah mereka
robek menjadi tali. Kemudian mereka mengambil HP milik para karyawan, ada lima
orang itu,"" lanjut Kombes Zulpan.

Dalam kejadian tersebut, polisi berhasil menyita sejumlah uang sisa dari
perampokan yang sudah digunakan tersangka. Kemudian ada beberapa barang bukti
lain berupa linggis, pakaian, dan ponsel milik karyawan korban.

""2 buah linggis, 1 rencong, 1 kunci tiga, 1 jam tangan G-Shock, 5 ponsel,
kemudian 1 unit mobil kendaraan roda empat yang digunakan. Rekaman CCTV, uang
tunai sebesar Rp 40 juta, ini adalah sisa kejahatan,"" sambungnya.  
  
Diketahui, sebuah ruko elektronik di Jl Raya Sawangan, Pancoran Mas, Depok,
disatroni lima orang perampok bersenjata tajam. Kelima orang pelaku tersebut
menyekap lima karyawan toko yang kebetulan tinggal di sana.

Kelima pelaku ditangkap Tim Subdit Resmob Ditreskrimum Polda Metro Jaya di
bawah pimpinan AKBP Handik Zusen, Kompol Widi Irawan, dan Kompol Rulian
Syauri.

Pemilik ruko, Ferly Wikarta (42), bercerita tiga orang tersangka merampok
dengan memanjat atap dari lantai 4 ruko. Kejadian itu terjadi pada Selasa
(1/3) pukul 03.00 WIB.

Kawanan perampok tersebut mengancam dan menakuti karyawan toko elektronik
milik Ferly yang tinggal di sana. Kemudian mereka menyekap semuanya dan
mengancam korban.

""Lima orang dewasa diikat semua, suster, mbak (ART), karyawan, saya, sama
istri. Semua mulut _disumpel_ kecuali saya, (untuk) ditanya kunci di mana,
kunci brankas berapa, 'kalau salah, _gue_ getok pakai linggis', kata Ferly
Wikarta.

 ",www.detik.com
Fakta-fakta Kasus Pembunuhan Mamih Juju di Musala Ruko,"Rabu, 18 Mei  2022 07:30 WIB","\-

Juju Juariyah (46) alias Mamih Juju warga Kampung Godebag Desa Tanjungkerta
Kecamatan Pagerageung Kabupaten Tasikmalaya ditemukan tewas di musala Ruko
miliknya, Selasa (17/5/2022).

Polisi menduga korban tewas akibat dibunuh. Tapi polisi masih melakukan
penyelidikan ihwal siapa pelaku pembunuhan keji itu. Polisi dari Polres
Tasikmalaya Kota juga masih berusaha mengungkap motivasi pelaku atau latar
belakang peristiwa tragis tersebut. Apakah perampokan, dendam, prahara
keluarga atau lainnya.

Namun demikian ada beberapa temuan dan keterangan sumber di lokasi kejadian.
Berikut fakta-fakta kasus pembunuhan Mamih Juju.

  

Kasus kematian yang menggegerkan masyarakat Kecamatan Pagerageung Kabupaten
Tasikmalaya ini pertama kali ditemukan oleh Galih (19) yang merupakan
keponakan korban.

Biasanya selain ditemani oleh Galih, korban juga ditemani oleh Jemi, anak
keduanya. Tapi pada malam sebelum kejadian Jemi sedang berwisata ke
Jogjakarta.

Waktu itu sekitar pukul 05.00 WIB, Galih yang tidur di lantai 2 Ruko sudah
terjaga. Dia mencoba membangunkan tantenya itu yang dia dapati terlentang di
musala lantai bawah. Posisi musala persis di belakang deretan dan tumpukan
barang dagangan.

Saat membangunkan korban pada jam 5 pagi itu Galih mengaku belum menyadari
jika Juju sudah tewas. Dia menyangka korban tidur pulas akibat kelelahan,
sehingga dia kembali ke atas untuk mendirikan salat Subuh.

Sekitar pukul 06.00, Galih mencoba kembali membangunkan korban. Kali ini dia
membangunkan korban dengan menyingkap bantal yang menutupi wajah korban. Dia
kaget bukan kepalang melihat leher Juju berlumuram darah. Selain itu dia juga
melihat kaki korban terikat lakban warna hitam.

Sadar ada yang tak beres dengan tantenya, Galih kemudian memberitahu kepada
saudaranya dan Odin Tohidin Kepala Dusun Godebag. ""Pertama kali ditemukan oleh
Galih, saya langsung memeriksa ke Ruko,"" kata Odin. Kronologis yang dialami
Galih di atas, juga didasarkan pada keterangan Odin.

""Ada luka sayat di pergelangan tangan dan leher korban,"" kata KBO Satuan
Reskrim Polres Tasikmalaya Kota Iptu Ridwan Budiarta, menjelaskan kondisi Juju
saat ditemukan.

Dari foto TKP yang didapat detikJabar, terlihat luka menganga di bagian leher
korban. Luka juga terlihat di bagian tangan dan tubuh janda beranak dua
tersebut.

Pantauan di lokasi kejadian, ceceran darah bahkan ditemukan di lantai luar
musala. Korban mengalami pendarahan hebat, sehingga darahnya berceceran di
lantai. Hal itu juga yang diduga menjadi penyebab kematian korban.

Selain penuh luka akibat benda tajam, kedua kaki korban juga terikat lakban
hitam. Fakta ini diungkapkan oleh Kepala Dusun Odin Tohidin, orang yang ikut
memeriksa langsung jenazah korban di musala.

Fakta selanjutnya dari kasus kematian Mamih Juju adalah pakaian yang
dikenakannya, yakni celana jeans dan kemeja kotak-kotak. Fakta ini terlihat
dari foto korban di TKP yang didapat detikJabar.

Beberapa warga di lokasi kejadian mengungkapkan fakta mengenai pakaian yang
dikenakan korban ini, mencuatkan dugaan atau asumsi bahwa korban tidak sedang
tidur ketika dibunuh. Karena lazimnya perempuan tidur dengan pakaian daster.

Mayat Juju Juariyah ditemukan di musala Ruko miliknya. Namun tidak ditemukan
kerusakan pada akses masuk atau pintu Ruko yang terdapat di pinggiran jalan
raya Pagerageung tersebut.

Pantauan detikJabar, Ruko tersebut memiliki dua muka, yang sebelah kiri lebih
lebar merupakan tempat dagangan kelontongan. Sementara yang kanan lebar
mukanya lebih sempit, digunakan untuk berjualan sayuran dan buah-buahan. Kedua
muka ruko saling terhubung dan keduanya memiliki pintu besi atau sliding door.
Akses masuk Ruko juga hanya ada di depan, bagian belakangnya hanya berupa
tembok dan berbatasan langsung dengan sebuah rumah kontrakan.

Ihwal tidak adanya kerusakan pada akses masuk Ruko, juga dibenarkan oleh
Kepala Dusun Odin. ""Pintu terkunci, Galih yang membuka pintu,"" kata Odin.

Kehidupan pribadi Juju diwarnai banyak romantika. Dia merupakan single parent
dari dua anak. Satu yang paling besar tinggal di Bandung, sudah berkeluarga.
Sementara anak kedua tinggal bersama di Ruko tersebut. Sebelum kejadian tragis
terjadi pada ibunya, anak kedua yang bernama Jemi sedang berwisata ke
Jogjakarta.

Lina, adik Juju mengatakan kakaknya itu baru sekitar 3 bulan bercerai dengan
suami keduanya. Seorang pria keturunan Pakistan bernama Jahor. Padahal usia
perkawinan mereka belum genap 2 tahun.

""Baru cerai dengan orang Pakistan, sekitar tiga bulan lalu,"" kata Lina.

Menurut Lina, semasa menjalin rumah tangga dengan pria Pakistan bernama Jahor,
kakaknya itu sering mengeluhkan sikap kasar suaminya.

""Jadi mantan suaminya itu sering KDRT,"" kata Lina. Dia menambahkan perceraian
dengan suami asal Pakistan itu juga dipicu karena Mamih Juju mengetahui
suaminya main perempuan.

""Terciduk main perempuan, akhirnya cerai,"" kata Lina.

  
  
  
[Gambas:Video 20detik]  

 ",www.detik.com
"Tepergok saat Curi Motor, Pria di Muara Angke Jakut Keluarkan Golok","Kamis, 25 Nov 2021 23:13 WIB","\-

Seorang pria berinisial DS (21) nyaris menjadi bulan-bulanan warga setelah
mencuri motor di Muara Angke, Jakarta Utara. DS sempat mengeluarkan golok saat
hendak ditangkap warga, namun kemudian dia terjatuh dari motor.

DS menjalankan aksinya di Muara Angke, Jakarta Utara, pada Kamis (25/11/2021),
sekitar pukul 10.00 WIB. Dalam aksinya, DS menggunakan kunci _letter-T_ untuk
menggasak motor incarannya.

Kapolsek Kawasan Sunda Kelapa AKP Seto Handoko Putra menjelaskan ada dua
pelaku dalam curanmor ini. Tetapi satu pelaku berhasil melarikan diri,
sementara DS tertangkap warga.

""Saat melancarkan aksinya DS ketahuan warga dan berusaha melarikan diri
bersama temannya, namun terjatuh dari motor kemudian tersangka mengeluarkan
sebilah golok untuk mengancam warga. Satu pelaku atas nama AN berhasil
melarikan diri,"" kata Seto saat dimintai konfirmasi, Kamis (25/11/2021).

Seto menuturkan DS sempat diamuk warga. Beruntung polisi datang dang
mengamankannya. DS kemudian dibawa ke RS Atmajaya untuk diobati karena
terjatuh dari motor.

""Setelah diobati di RS Atmajaya tersangka mengakui telah mengambil sepeda
motor Honda Beat,"" imbuhnya.

Polisi mengamankan sejumlah barang bukti dari pelaku, di antaranya 1 unit
motor, golok, serta kunci _letter-T_. Akibat perbuatannya, DS dijerat dengan
Pasal 363 ayat (1) Ke-4E dan 5E KUHP tentang Pencurian dengan Pemberatan.

 ",www.detik.com
"Sempat Diduga Salah Tangkap, 4 Terdakwa Kasus Begal Divonis 9-10 Bulan Bui","Senin, 25 Apr 2022 15:27 WIB","\-

Empat terdakwa kasus begal yang sempat diduga salah tangkap divonis 9 dan 10
bulan penjara. Mereka dinyatakan bersalah melakukan kekerasan sebagaimana
dakwaan jaksa.

Empat terdakwa itu adalah Fikry, Abdul Rohman, Randy Apriyanto, dan Muhammad
Rizky. Sidang keempatnya digelar di Pengadilan Negeri Cikarang.

""Mengadili, menyatakan terdakwa telah terbukti secara sadar meyakinkan
bersalah melakukan tindakan pidana pencurian dengan tindakan kekerasan.
Sebagaimana dalam dakwaan penuntut umum,"" ujar hakim ketua Chandra Ramadhani
saat membacakan vonis di PN Cikarang, Bekasi, Senin (25/4/2022).

Hakim menjatuhkan putusan ke Abdurrahman dengan pidana penjara selama 10
bulan. Sedangkan tiga terdakwa lainnya dijatuhi vonis 9 bulan penjara.  
  
""Menjatuhkan pidana terdakwa Abdurrahman dengan pidana penjara selama 10 bulan
dengan perintah agar terdakwa tetap berada di tahanan dikurangkan selama
terdakwa berada dalam tahanan sementara,"" ucapnya.

""Menjatuhkan pidana terhadap terdakwa Fikri, Randy, Rizky dengan pidana
masing-masing selama 9 bulan,"" sambung hakim.

Setelah hakim membacakan putusan, terlihat keluarga terdakwa tidak dapat
menahan air mata sesaat setelah dibacakan vonis. Para keluarga merasa kecewa
dan segera keluar dari ruangan sidang.

Dalam kasus ini, jaksa sebelumnya menuntut Muhammad Fikry, Muhammad Rizky, dan
Randy Apriyanto 2 tahun penjara. Sementara itu, Abdul Rohman dituntut 2,5
tahun penjara pada sidang terpisah.

[Gambas:Video 20detik]

  
  

 ",www.detik.com
"Gasak 5 Motor, 2 Remaja Pelaku Curanmor di Manado Ditangkap Polisi","Minggu, 12 Des 2021 23:30 WIB","\-

Dua remaja inisial MW (16), dan MD (15), di Manado ditangkap polisi gegara
mencuri sepeda motor. Polisi berhasil mengamankan 5 sepeda motor dari tangan
kedua pelaku.

""Tim Macan Polresta Manado berhasil menangkap dua remaja yang mencuri
kendaraan bermotor (curanmor) di tempat kos, di wilayah Kecamatan Sario. Para
pelaku masih dibawah umur, yaitu berinisial MW (16) dan inisial MD (15),"" kata
Kasat Reskrim Polresta Manado Kompol Taufiq Arifin, ketika dimintai
keterangan, Minggu (12/12/2021).

Taufik menjelaskan, para pelaku ditangkap di sebuah tempat kos di wilayah
Kecamatan Sario. Saat itu kata dia, tim dipimpin Kanit Buser IPDA Heraldy
Yudhantara bersama Tim Macan Polresta Manado.

""Setelah dilakukan penyelidikan dan dapat mengidentifikasi pelaku, tim
langsung menuju TKP di sebuah tempat kos di Kecamatan Sario. Kami langsung
menangkap kedua pelaku,"" jelas dia.

Taufik mengatakan saat pihaknya mengamankan para pelaku, sebanyak 5 sepeda
motor ikut dibawa sebagai barang bukti.

""Setelah dilakukan pengembangan dari kedua pelaku, barang bukti curanmor
sebanyak lima buah motor berhasil diamankan, tetapi satu motor lainnya masih
menjadi kendaraan yang ditilang,"" pungkas dia.

 ",www.detik.com
"Wanita Muda Tewas Dibacok di Bekasi Jadi Korban Begal, Begini Kronologinya","Jumat, 25 Mar 2022 15:55 WIB","\-

Perempuan berinisial IN (22) tewas bersimbah darah setelah dibacok kawanan
begal di Cikarang Utara, Kabupaten Bekasi. Korban yang juga karyawan pabrik
itu jadi sasaran begal.

Kasubdit Penmas Polda Metro Kompol Hari Agung Julianto mengatakan ada tiga
pelaku berinisial N (17), NR (16), dan AS (16) yang saat itu mengincar korban.
Pelaku AS hingga kini masih berstatus DPO.

""Jadi tersangka ini ada tiga. Dua sudah diamankan, satu orang tidak
ditampilkan karena di bawah umur. Satu orang inisial AS masih DPO,"" kata Agung
di Polda Metro Jaya, Jakarta, Jumat (25/3/2022).

Ketiga pelaku ditangkap dengan peran masing-masing. Pelaku N berperan sebagai
eksekutor yang merencanakan aksi. Sementara itu, dua pelaku lainnya bertindak
sebagai joki.

###

### Awalnya Niat Tawuran

Agung mengatakan pembunuhan ini terjadi tanpa direncanakan. Pasalnya, ketiga
pelaku merupakan komplotan begal yang tengah mencari musuh tawuran.

""Kronologinya pada 22 Maret 2022 tersangka N dan MR berputar-putar untuk cari
musuh untuk diajak tawuran. Tapi gagal karena ada kegiatan preventif Patroli
Presisi,"" katanya.

Pelaku lalu mengarahkan kendaraannya ke Kampung Tegal Gede, Cikarang Utara. Di
lokasi itu para pelaku melihat korban berjalan seorang diri.

### Para Pelaku Membegal Korban

Gagal mencari musuh tawuran, niat pelaku melakukan begal kepada korban pun
muncul. Pelaku memepet korban hingga melakukan pembacokan kepada IN.

""Karena korban dipepet tasnya dan korban melawan sehingga tersangka membegal
korban. Setelah korban teriak minta tolong, pelaku panik, sehingga kabur tanpa
berhasil mengambil barang-barang milik korban,"" tutur Agung.

Para pelaku ditangkap oleh tim gabungan dipimpin Kasubdit Resmob Polda Metro
AKBP Handik Zusen, Kasubdit Jatanras Ditreskrimum Polda Metro Jaya AKBP
Awaludin Amin, dan Kasat Reskrim Polres Metro Bekasi Kompol Aris Timang, di
daerah Cikarang pada Kamis (24/3) malam. Ketiganya kini telah ditetapkan
sebagai tersangka dengan jeratan Pasal 338 dan/atau 365 KUHP.

""Ancamannya 15 tahun penjara,"" terang Agung.

  
 _Simak selengkapnya di halaman selanjutnya._

Selanjutnya __

Halaman

1  2

 ",www.detik.com
"Motif Sopir Perkosa Bocah 11 Tahun di Mataram, Korban Sakit Mental","Rabu, 01 Jun 2022 08:21 WIB","\-

Kasus pemerkosaan seorang siswi sekolah dasar (SD) oleh pelaku inisial AW (34)
seorang sopir di sebuah homestay di Kecamatan Cakranegara Kota Mataram, NTB,
pada Rabu (18/5/2022) lalu ternyata korban memiliki penyakit mental.

Korban yang baru berusia 11 tahun itu kerap dibujuk pelaku AW sebelum
membawanya jalan-jalan sebelum akhirnya diperkosa. Kasatreskrim Polresta
Mataram, Kompol Kadek Adi Budi Astawa menjelaskan bahwa pelaku AW ini kerap
membujuk korban ketika korban bermain di lingkungan rumahnya yang tidak jauh
dari kediaman pelaku.

""Pelaku memang tidak ada hubungan keluarga dengan korban. Tapi korban dan
pelaku ini tinggal di satu lingkungan dengan pelaku,"" kata Kadek, Selasa
(31/5/2022).

  

Dari hasil pemeriksaan, pihak keluarga korban mengungkapkan korban memang
memiliki masalah mental. Sejak usia balita, korban memiliki penyakit
keterbelakangan mental. ""Jadi pelaku ini mengambil kesempatan dengan kondisi
ini. Lalu pelaku mengajak korban jalan-jalan,"" ujarKadek.

Selain itu, korban juga merupakan siswi aktif yang masih belajar di salah satu
SD di Kota Mataram. ""Memang masih aktif belajar korbannya. Jadi sering diajak
sama pelaku ketika pulang sekolah,"" ujar Kadek.

Diberitakan sebelumnya korban diperkosa oleh seorang sopir inisial AW (34)
usai diajak jalan-jalan keliling Kota Mataram. Setelah diajak jalan, pelaku
malah mengajak korban ke sebuah homestay di Kecamatan Cakranegara Kota
Mataram.

Setelah memesan homestay, pelaku malancarkan aksi pemerkosaan ke korban.
Akibat perbuatan pelaku AW, korban merasakan perih di bagian kemaluannya. Dari
hasil penyelidikan awal, polisi berhasil mengamankan sejumlah barang bukti
yang didapat dari tangan pelaku AW dan korban berupa satu pakaian dress lengan
panjang, satu celana panjang warna kuning dan satu buah jilbab yang digunakan
korban.

Kini, pelaku AW telah diamankan di Polresta Mataram. Kasus pemerkosaan yang
dilakukan AW pun telah ditangani oleh Unit Perlindungan Perempuan dan Anak
Polresta Mataram.  
Atas perbuatannya, pelaku AW dijerat pasal 81 Ayat (1) jo Pasal 76 D undang-
undang RI nomor 35 tahun 2014 tentang perubahan undang-undang RI nomor 23
tahun 2002 tentang perlindungan anak jo undang-undang nomor 17 tahun 2016
tentang perlindungan anak dengan ancaman 15 tahun penjara dan denda sebanyak 5
miliar.

  
  
  
[Gambas:Video 20detik]  

 ",www.detik.com
Residivis Curanmor di Manggarai Barat NTT Dibekuk Polisi,"Selasa, 24 Mei  2022 21:14 WIB","\-

Tim Jatanras Satreskrim Polres Manggarai Barat kembali membekuk pelaku
spesialis pencurian sepeda motor (Curanmor) di wilayah hukum Polres Manggarai
Barat, Pulau Flores, Nusa Tenggara Timur (NTT), Selasa (24/5/2022).

Pelaku yang diketahui berinisial SS alias Sandri (20) berdomisili di Waemata
Desa Gorontalo, Kecamatan Komodo, Kabupaten Manggarai Barat.

Sandri ditangkap oleh tim Jatanras Polres Manggarai Barat dipimpin Aipda
Marianus Demon Hada.

  

Pelaku dibekuk lantaran melakukan pencurian sepeda motor Honda Beat di Kampung
Sernaru, Kelurahan Wae Kelambu pada Jumat (29/4/2022) dini hari.

Kapolres Mabar AKBP Felli Hermanto, SIK, MSi, melalui Kasat Reskrim AKP
Ridwan, SH, membenarkan penangkapan tersebut. ""Iya, benar Tim Jatanras telah
mengamankan terduga pelaku curanmor sore tadi,"" ujar Ridwan, Selasa
(24/5/2022).

Ridwan menjelaskan, pelaku beraksi pada Jumat 29 April 2022 sekira pukul 02.30
WITA dini hari.

Saat itu pelaku yang pulang dari penginapan orang tuanya di Kampung Sernaru
untuk kembali ke penginapannya di Waemata.

Pada saat dalam perjalanan terduga pelaku lalu melihat sepeda motor Honda Beat
warna hitam dengan variasi hijau dan kuning yang terparkir di depan rumah
korban, Valentina Walda Jahim (25).

Selanjutnya, pelaku mendorong sepeda motor tersebut ke arah jalan utama
Sernaru.

Setelah sampai di jalan utama, pelaku lalu mencabut kabel kontak lalu
menghidupkan motor tersebut dan membawa kabur ke wilayah Malawatar, Kecamatan
Lembor, Kabupaten Manggarai Barat untuk dijual.

Ia membeberkan, pelaku diamankan oleh Tim Jatanras di Kompleks MTs Labuan Bajo
sekira pukul 15.20 WITA. ""Saat ini terduga pelaku beserta barang bukti sudah
diamankan di Polres Manggarai Barat,"" katanya.

Menurut Ridwan, pelaku merupakan residivis spesialis curanmor di wilayah hukum
Polres Manggarai Barat.

""Terduga pelaku sudah tiga kali keluar masuk Lembaga Pemasyarakatan (LP)
Ruteng, Kabupaten Manggarai dengan perbuatan yang sama,"" tambahnya.

Ridwan juga mengimbau kepada seluruh masyarakat untuk selalu memperhatikan
tingkat keamanan sepeda motor yang diparkir di rumah masing-masing.

""Jika merasa kendaraan yang diparkir di halaman rumah tidak aman, agar
disimpan di tempat yang lebih aman,"" tutup Ridwan.

  
  
  
[Gambas:Video 20detik]  

 ",www.detik.com
Komnas HAM Soroti Hukuman Mati ke Herry Wirawan Pemerkosa 13 Santriwati,"Rabu, 06 Apr 2022 07:12 WIB","\-

Terdakwa kasus pemerkosaan 13 orang santriwati, Herry Wirawan, divonis mati.
Ketua Komnas HAM Ahmad Taufan Damanik bicara soal tren global yang mulai
menghapuskan hukuman mati.

""Tren global di mana hukuman mati secara bertahap dihapuskan, hanya tinggal
beberapa negara lagi yang masih mengadopsi hukuman mati termasuk Indonesia.
Kita menginginkan ada suatu peninjauan dari hakim kasasi, manakala, misalnya
terpidana mati ini Herry Wirawan maupun pengacaranya mengajukan kasasi,"" kata
Taufan kepada wartawan, Selasa (5/4/2022).

Taufan kemudian bicara soal HAM yang salah satunya ialah hak untuk hidup. Dia
menilai hak untuk hidup merupakan hak yang tidak bisa dikurangi maupun
dibatasi dalam kondisi apapun.

""Sebagaimana dijelaskan dalam nilai-nilai hak asasi manusia yang universal,
telah ada satu tren yang bersifat global di mana hukuman mati diabolisi atau
dihapuskan. Kalau kita melihat konstitusi kita UUD 1945 pasal 28 i ayat 1 di
situ juga dikatakan bahwa hak untuk hidup itu merupakan hak yang tidak bisa
dikurangi atau dibatasi dalam kondisi apapun karena itu dia merupakan suatu
hak asasi yang absolut,"" ujarnya.

Taufan menilai tidak ada hubungan antara hukuman mati dengan efek jera dalam
tindak pidana. Menurutnya, hukuman mati tidak mengurangi tindak pidana
dilakukan orang lain.

""Kalau kita lihat kajian-kajian terkait penerapan hukuman mati, tidak
ditemukan kolerasi antara hukuman mati dengan efek jera atau pengurangan
tindak pidana. Apakah itu tindak pidana kekerasan seksual, tindak pidana
terorisme misalnya atau narkoba dan tindak pidana yang lainnya,"" ucapnya.

###

### Herry Wirawan Divonis Hukuman Mati

Sebelumnya, majelis hakim Pengadilan Tinggi (PT) Bandung menganulir hukuman
penjara seumur hidup Herry Wirawan menjadi hukuman mati. Herry Wirawan juga
diwajibkan membayar uang pengganti kerugian atau restitusi.

""Membebankan restitusi kepada terdakwa Herry Wirawan alias Heri bin Dede,""
ucap hakim PT Bandung sebagaimana dokumen putusan seperti dikutip dari
detikJabar, Senin (4/4).

Putusan banding itu ditetapkan hakim PT Bandung yang diketuai oleh Herri
Swantoro pada hari ini. Dalam putusan itu, hakim menganulir putusan sebelumnya
hukuman seumur hidup menjadi hukuman mati.

Adapun biaya restitusi sendiri totalnya mencapai Rp 300 juta lebih. Setiap
korban yang jumlahnya 13 orang akan mendapatkan restitusi dengan nominal
beragam.

[Gambas:Video 20detik]

  
  
  

 ",www.detik.com
Oknum Satpol PP Surabaya yang Perkosa Pemandu Lagu Kena 2 Pasal dan Ditahan,"Jumat, 01 Apr 2022 10:50 WIB","\-

Seorang pemandu lagu di Surabaya mengaku diperkosa oknum Satpol PP. Saat ini,
oknum Satpol PP itu sudah ditangkap.

Itu seperti yang disampaikan Kasat Reskrim Polrestabes Surabaya AKBP Mirzal
Maulana. Menurutnya, penangkapan berlangsung pada Rabu (30/3/2022) malam.

""Benar, sudah kami amankan yang bersangkutan tadi malam,"" kata Mirzal saat
dikonfirmasi detikJatim, Kamis (31/3/2022).

Mirzal juga menjelaskan, penangkapan itu dilakukan usai mengidentifikasi
keberadaan oknum Satpol PP berinisial KTI dan identitasnya. Setelah semua data
dan keterangan sesuai, KTI langsung ditangkap.

Kini, pelaku juga sudah ditetapkan sebagai tersangka. Oknum Satpol PP itu
ditahan oleh polisi.

""Benar (ditetapkan sebagai tersangka dan ditahan),"" imbuhnya.

Akibat perbuatannya, tersangka dijerat Pasal 286 KUHP dan atau Pasal 289 KUHP.
Adapun ancaman hukumannya yakni 9 tahun pidana penjara.

Sebelumnya diberitakan, seorang pemandu lagu di Surabaya mengaku diperkosa
oknum Satpol PP. Ia melapor ke Polrestabes Surabaya pada Minggu (27/3/2022).
Laporan tersebut bernomor LP/B/439/III/2022/SPKT/Polrestabes.SBY.

  
  
  
[Gambas:Video 20detik]  

 ",www.detik.com
Melihat Lagi Jejak Sadis Kolonel Priyanto Bunuh Handi dan Salsa,"Selasa, 07 Jun 2022 13:36 WIB","\-

Kolonel Priyanto, terdakwa kasus pembunuhan berencana sejoli Handi Saputra dan
Salsabila divonis hukuman seumur hidup bui. Dia dijerat hukuman berlapis oleh
majelis hakim militer.

Vonis tersebut dibacakan majelis hakim dalam sidang beragendakan putusan yang
digelar di Pengadilan Militer Tinggi II, Jakarta, Selasa (7/6/2022) pagi.
Dalam putusannya, ketua majelis hakim Brigjen Faridah Faisal mengatakan
Priyanto terbukti melakukan tindakan pembunuhan berencana, merampas
kemerdekaan orang lain, hingga menyembunyikan mayat.

""Memidana terdakwa oleh karena itu dengan pidana pokok penjara seumur hidup.
Pidana tambahan dipecat dari dinas militer,"" ungkap Faridah.

  

Kematian sejoli Handi Saputra dan Salsabila sendiri menghebohkan warga di
kawasan perbatasan Bandung-Garut akhir tahun 2021 silam. Peristiwa bermula
dari tabrakan yang dialami Handi-Salsa pada Rabu, 8 Desember 2021 di kawasan
Jalan Raya Nagreg-Limbangan, Ciaro, Bandung.

Handi dan Salsabila saat itu berboncengan menggunakan sepeda motor. Keduanya
bertabrakan dengan sebuah mobil berwarna hitam. Saksi mata yang sempat
diwawancarai DetikJabar saat itu mengatakan, Salsa mengalami luka parah.

Sementara Handi, yang mengemudikan motor berjenis Suzuki FU terlihat terkapar
tak berdaya namun masih bergerak. Keduanya kemudian dievakuasi oleh tiga pria
tegap yang ada di dalam mobil jenis Isuzu Panther tersebut.

Mobil hitam doff itu terakhir kali terpantau melaju ke arah Limbangan dan
kemudian menghilang tidak diketahui keberadaannya. Usai menerima informasi,
keluarga kemudian melakukan pencarian. Mereka mencari keduanya ke rumah sakit
hingga ke fasilitas kesehatan di sekitaran Bandung, Garut hingga Tasik dan
Sumedang, namun Handi tidak ditemukan.

Di tempat berbeda, pada hari Sabtu, 11 Desember 2021, warga di kawasan Dusun
Bleberan, Kabupaten Cilacap, Jateng dikejutkan dengan penemuan sesosok mayat
wanita tanpa identitas di aliran Sungai Serayu. Mayat itu kemudian diangkut
polisi untuk diselidiki penyebab kematiannya.

Di waktu yang sama, warga Banyumas juga dikejutkan dengan penemuan sesosok
jenazah lelaki tanpa identitas di aliran Sungai Serayu, Kecamatan Rawalo.
Jasad yang ditemukan warga Banyumas itu memiliki ciri-ciri rambut mohawk,
menggunakan celana jeans, kaus putih dan hanya ada sepatu di sebelah kakinya.

Pihak keluarga Handi saat itu yakin betul mayat itu Handi dan Salsa. Setelah
dicek, firasat keluarga terbukti. Mayat tersebut benar-benar Handi dan
pacarnya, Salsa.

Pada Jumat, 17 Desember 2021, keluarga kemudian bertolak menuju Jawa Tengah
untuk mengecek langsung mayat tersebut. Setelah diyakini, kedua sejoli itu
jasadnya kemudian diterbangkan menuju Garut dan Bandung untuk dimakamkan di
kampung halaman masing-masing.

Keduanya kemudian langsung dimakamkan di hari tersebut. Handi dimakamkan di
dekat rumahnya, Kecamatan Balubur Limbangan, Garut. Sedangkan Salsa dimakamkan
di Nagreg, Bandung.

Pihak kepolisian kemudian mengintensifkan penyelidikan. Hasilnya, mereka yang
bekerjasama dengan pihak TNI AD dan Polisi Militer mengidentifikasi para
pelaku merupakan oknum anggota TNI AD.

Ketiga pelaku yakni Kolonel Priyanto, Koptu Andreas Dwi dan Kopda Ahmad
Sholeh. Ketiganya kemudian diamankan di tempat berbeda oleh personel Polisi
Militer. Ketiganya kemudian diadili pihak TNI. Priyanto divonis bui seumur
hidup dan dipecat, sedangkan Koptu Andreas Dwi Atmoko diganjar kurungan 6
bulan.

 ",www.detik.com
Ini Identitas Begal yang Ditembak Mati di Sumenep,"Minggu, 13 Mar 2022 23:00 WIB","\-

Seorang begal di Sumenep ditembak mati. Video penembakan begal tersebut viral.
Siapa sebenarnya begal tersebut?

Pria yang ditembak mati tersebut adalah Herman (22), warga Gadu Timur,
Ganding, Sumenep.

""Herman ini (pekerjaan) sehari-harinya ambil batu, batu putih,"" ujar Jalil,
paman Herman kepada wartawan, Minggu (13/3/2022).

Jalil mengatakan sebelum kejadian tersebut, Herman keluar tanpa pamit. Dia
keluar membawa sebuah celurit. Jalil mencoba mencegah dan memperingatkan
Herman. Namun Herman tetap pergi keluar.

""Dia bawa semacam sabit panjang, dari saya dipegang tak dikasih, terus
berangkat,"" kata Jalil.

Herman sendiri ditembak mati setelah mencoba membegal seorang perempuan di
Jalan Adirasa, Kalor, Sumenep, Madura. Herman tidak mengindahkan peringatan
polisi.

Dia bahkan maju mendekati polisi sambil menenteng celurit. Polisi pun
memberikan tembakan terukur yang membuat Herman jatuh tersungkur dan tewas
dalam perjalanan ke rumah sakit.

  
  
  
[Gambas:Video 20detik]  

 ",www.detik.com
"Viral Begal Bersenjata Todong-Rampas HP Pria di Jakbar, Polisi Selidiki","Rabu, 25 Mei  2022 10:43 WIB","\-

Aksi begal bersenjata tajam di Roa Malaka, Tambora, Jakarta Barat, viral di
media sosial. Seorang pria yang pulang kerja ditodong senjata tajam (sajam)
hingga dirampas ponselnya oleh pelaku.

Dalam video tersebut, tampak pelaku berjumlah dua orang berboncengan sepeda
motor. Dari narasi yang beredar, pelaku menodongkan senjata tajam kepada
korban.

Peristiwa itu terjadi pada Minggu (22/5) dini hari. Modus pelaku berpura-pura
menanyakan alamat kepada korban.

""Setelah mendapat jawaban dari korban, pelaku masuk ke dalam gang. Tak lama
memutar balik kembali ke arah pelapor dan saksi, di mana dua orang turun dari
motor. Lalu salah satunya mengeluarkan senjata tajam dan menodongkannya ke
arah pelapor dan saksi sehingga berhasil merampas tas pelapor dan saksi yang
berisi HP, diambil,"" bunyi keterangan video.

Setelah berhasil mengambil barang korban, para pelaku melarikan diri. Saat ini
pihak kepolisian tengah menyelidiki kasus tersebut.

""Lagi kita lidik dulu,"" kata Kanit Reskrim Polsek Tambora AKP Yugo Pambudi
saat dihubungi, Rabu (25/5/2022).

Yugo mengatakan barang yang dirampas pelaku berupa ponsel. Dia menyebut pelaku
tengah dalam pengejaran.

""Diambil HP-nya,"" tuturnya.

[Gambas:Video 20detik]

 ",www.detik.com
"3 Bocah Curi Motor di Minimarket Sulut Ditangkap, Ngaku Sudah 2 Kali Beraksi","Selasa, 19 Apr 2022 04:33 WIB","\-

Polisi terus mendalami kasus 3 bocah curi motor di salah satu minimarket di
Minahasa Utara (Minut), Sulawesi Utara (Sulut). Salah satu pelaku mengaku
sudah dua kali melakukan aksi pencurian motor.

""Sementara ini sedang dalam penyelidikan, masih di polres mereka,"" kata
Kapolres Minut AKBP Bambang Yudi Wibowo saat dikonfirmasi , Senin (18/4/2022).

Adapun tiga pelaku yang diamankan, yakni masing-masing berinisial EL (14), IL
(12), TS (12). Khusus pelaku EL mengakui sudah 2 kali menjalankan aksi
pencurian motor.

  

""Yang 12 tahun (bocah IL dan TS) baru sekali, sedangkan yang 14 tahun yang
kedua kali,"" ungkap dia.  
  
Hanya saja ketiga bocah tersebut tidak ditahan polisi dengan alasan mereka
masih di bawah umur. Pihaknya pun masih melakukan koordinasi dengan pihak
balai pemasyarakatan (Bapas).

""Tetap kita koordinasikan dengan Bapas untuk tindak lanjutnya mengingat masih
di bawah umur,"" beber Bambang.

Dia mengemukakan, aksi pencurian ketiga bocah tersebut hanya spontan karena
melihat peluang. Saat itu mereka menemukan sebuah motor yang terparkir di
minimarket dengan kondisi kunci motor tertinggal di kendaraan.

""Dari hasil interogasi awal karena mereka lihat kunci motor yang masih
menancap di motor. Spontan mereka ambil itu motor,"" ungkapnya.

Bambang pun masih mendalami dugaan ketiga bocah itu tergabung dalam sindikat
pencuri. Namun untuk sementara pihaknya belum menemukan indikasi ke arah
tersebut.

""Kita masih perdalam (dugaan sindikat). Untuk indikasi adanya sindikat.
Sementara ini tidak ada,"" pungkas Bambang.

## Kronologi Aksi 3 Bocah Curi Motor di Minimarket

Diketahui, aksi pencurian motor ketiga bocah itu terjadi sekitar pukul 16.00
Wita pada Sabtu (16/4). Lokasi kejadian di satu parkiran minimarket di
Kecamatan Kauditan, Kabupaten Minahasa Utara, Sulut. Aksi mereka terekam CCTV.

Dalam video yang beredar dan dilihat , Minggu (17/4/2022), awalnya tampak
seorang anak menggunakan kaos berwarna hitam mengunjungi salah satu
minimarket. Setelah berbelanja, dia lantas meninggalkan kasir dan keluar ke
depan minimarket.

Setelahnya, bocah tersebut bertemu dua bocah yang berpakaian putih. Mereka
mengamati situasi, dan mencoba menghidupkan mesin motor yang terparkir di
minimarket, namun gagal pada percobaan pertama.

Selanjutnya dua bocah berbaju hitam dan putih tampak mencoba menghidupkan
motor matic yang terparkir. Upaya mereka berhasil, lalu bocah berbaju hitam
mengeluarkan motor matic dari parkiran lantas bertukar tempat dengan anak
berbaju putih.

Sementara satu anak lainnya tampak mengamati orang di sekitar toko sampai ke
jalan raya. Setelah menganggap situasi aman, ketiganya pun langsung
berboncengan motor itu lalu pergi meninggalkan minimarket.

  
  
  
[Gambas:Video 20detik]  

 ",www.detik.com
"Mayat di Jalan Pidada Denpasar Korban Pembunuhan, 4 Orang Dibekuk","Rabu, 01 Jun 2022 18:49 WIB","\-

Jenazah seorang pria yang ditemukan di selokan Jalan Pidada, Kelurahan Ubung,
Kecamatan Denpasar Utara, Kota Denpasar, pada Minggu (29/5/2022) lalu ternyata
merupakan korban pembunuhan. Pihak kepolisian telah menangkap empat pelaku
pembunuhan tersebut.

Kapolresta Denpasar AKBP Bambang Yugo Pamungkas mengatakan, keempat pelaku
berasal dari Kabupaten Sumba Barat, Nusa Tenggara Timur (NTT). Semua pelaku
telah diamankan di luar Pulau Bali.

""Empat nama pelaku ini sudah kita kejar, ada yang kita kejar ke luar pulau
semuanya,"" kata Bambang dalam rekaman audio kepada wartawan, Rabu (1/6/2022).

  

![Warga di sekitar Jalan Pidada III, Ubung, Denpasar Utara, dihebohkan dengan
penemuan mayat pada Minggu
\(28/5/2022\).](https://akcdn.detik.net.id/community/media/visual/2022/05/29/warga-
di-sekitar-jalan-pidada-iii-ubung-denpasar-utara-dihebohkan-dengan-penemuan-
mayat-pada-minggu-2852022_169.jpeg?w=620)Warga di sekitar Jalan Pidada III,
Ubung, Denpasar Utara, dihebohkan dengan penemuan mayat pada Minggu
(28/5/2022). Foto: BPBD Kota Denpasar  
  
---  
  
Namun, Bambang masih enggan memberikan nama atau inisial pelaku pembunuhan
tersebut. Ia berjanji untuk segera memberikan keterangan lebih lengkap setelah
pelaku berada di Bali.

""Ya sudah ada di luar kota, nanti kita lengkapnya nanti akan lebih lengkapnya.
Nanti kalau mereka sudah sampai di sini nanti kita akan press release,""
terangnya.

Adapun korban yang dibunuh merupakan seorang laki-bernama Jape Rina (28) yang
beralamat di wilayah Desa Ubung Kaja, Kecamatan Denpasar Utara, Kota Denpasar.
Dugaan sementara, motif pembunuhan dilakukan karena terjadi perselisihan
antara korban dengan keempat pelaku.

""Perselisihannya karena mereka ada kesalahpahaman di antara berempat, antara
korban dan pelaku. Dari keterangan sementara itu bahwa mereka melakukan
penganiayaan kemudian sampai meninggal dunia,"" ungkap Bambang.

Di sisi lain, Bambang mengakui bahwa pihaknya telah melakukan pemeriksaaan
terhadap sejumlah saksi, termasuk saksi kunci. Namun ia tak menyebutkan berapa
jumlah saksi yang diperiksa.

""Kemudian saksi-saksi kami sudah periksa semuanya, sudah disampaikan kemarin
Bapak Wakapolresta bahwa ada beberapa saksi yang sudah kita terima, saksi
kunci juga sudah,"" jelasnya.

  
  
  
[Gambas:Video 20detik]  

 ",www.detik.com
"Tolak Eksepsi, Hakim Minta Kasus AKBP Mustari Perkosa ABG Dilanjutkan","Senin, 06 Jun 2022 16:54 WIB","\-

Majelis hakim menolak eksepsi atau pembelaan perwira Polda Sulsel AKBP Mustari
selaku terdakwa kasus pemerkosaan remaja putri. Hakim meminta kasus ini
dilanjutkan dengan agenda melakukan pemeriksaan saksi dari jaksa penuntut
umum.

""Menolak eksepsi terdakwa dan penasehat hukum. Kemudian persidangan
dilanjutkan dengan pemeriksaan saksi,"" kata Humas Pengadilan Negeri (PN)
Sungguminasa Wahyudi Said kepada , Senin (6/6/2022).

Penolakan eksepsi ini disampaikan oleh majelis hakim dengan agenda putusan
sela di Ruang Sidang Kartika PN Sungguminasa, hari ini. Hakim menilai eksepsi
yang disampaikan terdakwa sudah masuk pokok perkara.

  

""Alasannya itu karena menurut hakim, sebagian eksepsi itu sudah memasuki pokok
perkara yang harus dibuktikan pada saat pemeriksaan saksi-saksi nanti,""
jelasnya.

Selain itu, dakwaan jaksa penuntut umum selama ini dianggap sudah sangat jelas
oleh hakim. Sehingga eksepsi terdakwa harus dibuktikan dengan pemeriksaan
pokok perkara.

""Majelis hakim menganggap bahwa dakwaan penuntut umum sudah jelas dan cermat.
Lalu eksepsinya sebagian sudah memasuki pokok perkara yang harus dibuktikan
pada saat pemeriksaan pokok perkara,"" tegasnya.

Dalam sidang putusan sela itu, tidak ada respon apapun yang terlihat dari
terdakwa usai eksepsinya ditolak hakim. Kemudian sidang dengan agenda
pemeriksaan saksi akan dilanjutkan pekan depan.

""Respon terdakwa biasa-biasa saja. Pekan depan akan dilanjutkan dengan agenda
pemeriksaan saksi,"" terangnya.

Sebelumnya diberitakan, AKBP Mustari didakwa melakukan pemerkosaan berkali-
kali terhadap remaja putri. Namun dakwaan tersebut dibantah AKBP Mustari
dengan mengatakan justru dia berjasa membantu biaya sekolah korban.

Sementara dalam tanggapan sebelumnya, jaksa penuntut umum membantah eksepsi
AKBP Mustari itu dan meminta majelis hakim melanjutkan pemeriksaan pokok
perkara AKBP Mustari.

  
  
  
[Gambas:Video 20detik]  

 ",www.detik.com
Polda Metro Ungkap Modus Perampok di Jaktim yang Berujung Polisi Dicopot,"Senin, 27 Des 2021 17:22 WIB","\-

Polda Metro Jaya telah menangkap tiga pelaku perampokan terhadap perempuan
bernama Meta Kumalasari di Pulogadung, Jakarta Timur. Polisi mengungkap modus
pelaku perampokan.

Peristiwa perampokan itu terjadi pada Selasa (7/12/2021) sekitar pukul 19.20
WIB. Saat itu pelaku memepet korban dengan dalih ingin memberikan informasi
ban mobil korban dalam keadaan bocor.

""Kasus pencurian dengan pemberatan dengan modus seolah-olah ban mobil korban
bocor dengan cara menyampaikannya memepet kendaraan motor,"" kata Kabid Humas
Polda Metro Jaya Kombes E Zulpan di Mapolda Metro Jaya, Jakarta, Senin
(27/12/2021).

Total ada lima pelaku dari kasus tersebut. Tiga pelaku yang sudah ditangkap
berinisial BI (31), AAM (40), dan MW (43), sedangkan dua pelaku lainnya yang
masih buron berinisial MA dan B.

### Pura-pura Beri Tahu Ban Mobil Korban Gembos

Kelima pelaku itu menjalankan peran masing-masing dalam melakukan aksi
perampokan kepada korban. Awalnya, pelaku BI dan AAM mendekati mobil korban
dan memberitahu ban mobil korban gembos.

Korban yang mengetahui hal itu akhirnya menepikan kendaraannya. Lalu pelaku MW
dan MA beraksi mengalihkan perhatian korban. Saat korban lengah itu pelaku B
kemudian menggasak tas milik korban tersebut.

""Kemudian, pada saat menepikan kendaraan, ada satu orang mengajak _ngobrol_.
Sesaat kemudian pada saat itu pelaku lain yang masih DPO mengambil tas dan
membawa tas tersebut,"" jelas Zulpan.

 _Simak selengkapnya di halaman selanjutnya._

[Gambas:Video 20detik]

  
  

Selanjutnya __

Halaman

1  2

 ",www.detik.com
"1 Begal di Jaksel Ditangkap Anggota TNI, 7 Pelaku Lain Diburu Polisi","Senin, 09 Mei  2022 18:44 WIB","\-

Polisi menangkap Muhammad Rizky, salah satu pelaku pembegalan terhadap anggota
TNI di Kebayoran Baru, Jakarta Selatan. Polisi menyebutkan total pelaku
berjumlah 8 orang yang berboncengan 4 motor.

""Satu yang diamankan, 7 lagi masih dalam pengejaran mudah-mudahan dalam waktu
dekat kami tangkap pelakunya. Saat ini penyidik dari Polres Metro Jaksel
sedang bekerja untuk ungkap kasus ini,"" kata Kabid Humas Polda Metro Jaya
Kombes Endra Zulpan kepada wartawan, Senin (9/5/2022).

Zulpan mengatakan satu orang pelaku atas nama Muhammad Rizky berhasil
diamankan setelah salah seorang korban yang merupakan anggota TNI menendang
motor pelaku. Akibatnya, Muhammad Rizky terjatuh dan berhasil diamankan.

""Dalam pengejaran itu sempat tendang motor pelaku salah satu pelaku hingga
terjatuh. Usai terjatuh, pelaku atas nama Muhammad Rizky berhasil diamankan,""
ujarnya.

Lebih lanjut, Zulpan mengapresiasi anggota TNI atas keberaniannya melawan
begal.

""Kami apresiasi langkah korban yang berani melawan pelaku begal dan saat ini
kasusnya ditangani intensif kami akan cari pelaku lain,"" imbuhnya.

Sebelumnya, TNI menyatakan dua serdadunya telah menggagalkan aksi sembilan
orang begal di dekat Pasar Kebayoran Baru, Jakarta Selatan. Awalnya, begal
mencoba menyerang dua prajurit TNI.

Dilansir situs resmi TNI Angkatan Darat, diakses pada Senin (9/4), peristiwa
ini terjadi di dekat Pasar Kebayoran Baru pada Sabtu (7/5), sekitar pukul
05.15 WIB sesudah subuh.

""Sembilan pelaku begal tersebut diduga salah sasaran dengan menyerang dua
prajurit TNI saat menuju perjalanan pulang ke Batalion Arhanud 10/ABC Bintaro
Jakarta Selatan, usai berbelanja di Pasar Kebayoran Baru,"" tulis TNI AD.

Dua prajurit TNI itu berasal dari Batalyon Artileri Pertahanan Udara
(Yonarhanud) 10/ABC. Mereka berdua adalah Prada Junior Noval dan Prada Ardian
Sapta Savela. Dua serdadu itu baru selesai membeli kebutuhan pokok untuk
dimasak di dapur dan hendak kembali ke markas Arhanud 10/ABC.

Di sekitar SMPN 29 Jakarta Selatan, tiga pengendara sepeda motor berjumlah 9
orang diduga begal kemudian menyerang dua anggota TNI itu. Para begal mencoba
menghentikan kendaraan sepeda motor Prada Junior Noval dan Prada Ardian. Salah
satu pelaku sempat melemparkan batu.

Mendapat serangan tanpa sebab, korban yang merupakan anggota TNI melakukan
perlawanan dengan menendang salah satu motor pelaku yang memepet motor kedua
prajurit tersebut hingga terjatuh. Pelaku jatuh dari sepeda motornya. Dua
prajurit TNI AD itu kemudian berbalik melakukan perlawanan.

[Gambas:Video 20detik]

  
  

 ",www.detik.com
Cinta Segitiga Picu Wanita Asal Jakarta Otaki Begal Taksi Online di Makassar,"Senin, 30 Agu 2021 15:46 WIB","\-

Wanita pengusaha asal Jakarta, NA (31), menjadi otak begal taksi _online_ di
Kota Makassar, Sulawesi Selatan (Sulsel), karena dipicu cinta segitiga.
Ternyata, AR (34), yang sudah beristri, juga menjalin hubungan percintaan
dengan NA.

""Boleh dibilang ini skandal cinta segitiga yang bikin tersangka sakit hati,""
ujar Kasat Reskrim Polrestabes Makassar Kompol Jamal Fathur Rakhman kepada
wartawan di Polrestabes Makassar, Jalan Ahmad Yani, Senin (30/8/2021).

Wanita NA awalnya merupakan pengusaha konfeksi di Jakarta yang kemudian datang
ke Makassar untuk mengembangkan bisnis konfeksi tersebut. NA kemudian bertemu
dengan AR yang sudah memiliki istri, tapi keduanya menjalin hubungan asmara
sejak satu tahun terakhir.

Hubungan asmara itu kemudian diketahui oleh istri AR yang lantas mendatangi NA
di rumahnya di Makassar. Istri AR itu lantas memaki-maki wanita NA.

""Setelah melakukan hubungan asmara terjadi cekcok antara istri korban dengan
tersangka. Kemudian tersangka merasa sakit hati,"" ucap Jamal.

Menurut Jamal, tersangka sakit hati karena dia dimaki-maki istri korban di
hadapan orang tua wanita NA.

""Tersangka juga dimarahi oleh orang tuanya terkait hubungan asmara antara
tersangka dan korban. Setelah orang tuanya memarahi tersangka. Orang tuanya
langsung, kasarnya meninggalkan NA ini karena kesal sekali terhadap kelakuan
NA (menjalin hubungan asmara dengan AR yang sudah punya istri),"" ungkap Jamal.

Tak sampai di situ, sakit hati NA semakin menjadi-jadi karena, sejak
pertengkaran itu, AR selalu menjauhi NA.

""Setelah ada pertengkaran korban menghindari tersangka, tersangka sakit hati
sehingga terjadilah tindak pidana,"" beberapa Jamal.

Seperti diberitakan sebelumnya, wanita NA karena sakit hati menyewa 4 pria di
Jakarta dan 3 pria di Makassar untuk menculik AR. AR lalu dibawa dan dibuang
di perbatasan Manado dan Gorontalo atas perintah wanita NA.

Setelah dibuang di perbatasan Manado dan Gorontalo, mobil korban jenis minibus
dibuang para orang suruhan NA di wilayah Tanjung.

""Kondisi mobil sangat rusak sekali, boleh dibilang susah dikenali. Ada
beberapa _sparepart_ dipreteli, ya _emang_ sudah direncanakan pelaku,"" pungkas
Jamal.

 ",www.detik.com
"5 Pelaku Pencurian Emas di Bone Ditangkap, Modus Data Bansos","Rabu, 01 Jun 2022 00:11 WIB","\-

Seorang ibu rumah tangga bernama Rimang (72) di Bone, Sulawesi Selatan
(Sulsel) menjadi korban pencurian emas oleh lima pelaku. Komplotan pencuri ini
berpura-pura mendata warga sebagai penerima bantuan sosial (bansos).

Peristiwa ini terjadi terjadi di Desa Jaling, Kecamatan Awangpone, Senin
(30/5) sekitar pukul 17.30 Wita. Kelima pelaku masing-masing berinisial SN
(33), AG (28), ST (16), NS (23),WN (22).

""Ada lima pelaku diamankan di polsek terkait tindak pidana pencurian,"" kata
Kapolres Bone AKBP Ardyansyah kepada , Selasa (31/5/2022).

  

Ardyansyah menjelaskan awalnya pelaku yang mengendarai mobil mendatangi rumah
korbannya. Empat dari lima pelaku bertugas menemui korban dengan maksud
melakukan pendataan bansos, berupa beras dan telur.

Sejumlah perhiasan yang dikenakan di tubuh korban pun diminta dibuka dengan
maksud keperluan mengambil gambar korban. Perhiasan itu kemudian disimpan
korban di dalam kamar.

""Hal itu dimanfaatkan untuk mengambil foto korban dengan alasan agar bisa
menerima bantuan,"" ucap Ardiansyah.

Setelahnya para pelaku kembali meminta melihat kondisi di dalam rumah sambil
korban diajak berbicara. Saat itulah satu pelaku di antaranya mengambil
kesempatan memasuki kamar dan mengambil perhiasan yang sudah disimpan
sebelumnya.

""Satu rekan pelaku memasuki kamar korban dan mengambil perhiasan lainnya,""
tambahnya.

Adapun perhiasan yang dicuri, yakni kalung emas seberat 35 gram, 3 cincin
masing-masing seberat 5 gram, 1 gram, dan 1 gram.

Setelah pelaku pulang, korban baru sadar bahwa perhiasan miliknya diambil oleh
pelaku. Beruntung warga setempat bisa mendapat pelaku di Jalan Poros Wajo-Bone
untuk kemudian diamankan polisi.

""Selain itu kami juga masih melakukan penyelidikan apakah pelaku ini yang juga
melakukan pencurian emas di Kabupaten Soppeng,"" jelasnya.

  
  
  
[Gambas:Video 20detik]  

 ",www.detik.com
Ayah di Kolaka Utara Perkosa Anak Kandung Usia 8 Tahun Ditangkap,"Kamis, 24 Mar 2022 01:00 WIB","\-

Seorang pria inisial S (50), warga Kecamatan Pakue Utara, Kabupaten Kolaka
Utara (Kolut), Sulawesi Tenggara (Sultra) tega memperkosa anak kandungnya yang
berusia 8 tahun. Pelaku kini sudah dibekuk polisi.

""Iya, S sudah kami amankan di Polres Kolaka Utara,"" kata Kasat Reskrim Polres
Kolaka Utara AKP Husni Abda, Rabu (23/3/2022).

Husni mengungkapkan kasus tersebut terbongkar pada Sabtu (19/3) usai korban
menceritakan nasib nahas yang menimpanya kepada bibinya. Korban mengaku sering
mendapatkan perlakuan bejat sang ayah.

  

""Korban ini melapor kalau selalu disetubuhi ayahnya di rumah mereka tinggal.
Kejadiannya pada malam hari waktu istirahat,"" ungkapnya.

Husni menuturkan korban kerap kali menolak ajakan tersebut. Namun, korban
selalu diancam akan dipukuli oleh ayahnya.

""Sehingga korban ini menuruti kemauan pelaku karena takut dipukul,"" kata dia.

Bibi korban yang tak terima perlakuan yang menimpa ponakannya lantas
melaporkan kejadian tersebut ke polisi. Mendapati laporan itu, polisi pun
langung menangkap pelaku di rumahnya pada Minggu (20/3).

""Motifnya pelaku karena dorongan hawa nafsunya,"" paparnya.

Husni mengungkapkan pelaku telah rutin menyetubuhi korban sejak Juli 2021
sampai dengan Maret 2022. Detailnya masih belum diketahui.

""Kalau untuk totalnya belum bisa kami konfirmasi pastinya, karena keterangan
tersangka masih berubah dan korban masih belum bisa terlalu dalam kami periksa
karena masih labil,"" tambah dia.

Atas perbuatannya, S diancam dengan Pasal 81 Ayat (1) dan (2) KUHP jo Pasal 73
e Undang-undang Perlindungan Anak dengan ancaman minimal 5 tahun dan maksimal
15 tahun penjara.

  
  
  
[Gambas:Video 20detik]  

 ",www.detik.com
"Heboh Emak-emak Ngaku Dibegal di Boyolali, Ternyata Takut Dimarahi Suami","Rabu, 27 Apr 2022 12:32 WIB","\-

Warga Boyolali dihebohkan viralnya foto dengan keterangan sebagai korban
begal. Namun, ternyata pengakuan begal tersebut merupakan cerita karangan atau
bohong.

Dilansir dari , dikabarkan seorang emak-emak menjadi korban begal pada Selasa
(26/4) malam. Dalam sebuah foto yang diunggah di media sosial, emak-emak
tersebut terbaring di fasilitas kesehatan.

Keterangan foto menulis emak-emak itu korban begal di wilayah Jambean, Desa
Cepogo, Kecamatan Cepogo, Kabupaten Boyolali. Kapolsek Cepogo, AKP Agung
Setiawan, menyebut keterangan dalam foto tersebut bohong.

""Benar, ada warga yang mengaku telah menjadi korban curas (pencurian dengan
kekerasan). Tetapi setelah kita lakukan penyelidikan lebih lanjut ternyata
pernyataan warga tersebut tidak benar,"" kata AKP Agung Setiawan, kepada
detikJateng, Rabu (27/4/2022).

Agung mengatakan polisi langsung turun ke lokasi kejadian untuk mengecek dan
memastikan. Wanita dalam foto tersebut diketahui berinisial M, warga
Sambungrejo, Desa Mliwis, Kecamatan Cepogo.

""Warga tersebut mengaku telah mengarang cerita seolah-olah telah dibegal
karena yang bersangkutan sebelumnya kehilangan uang dan karena takut tidak
punya alasan kepada suaminya,"" kata Agung.

Baca selengkapnya di sini.

[Gambas:Video 20detik]

 ",www.detik.com
Polisi Ungkap Fakta Baru dalam Rekonstruksi Pembunuhan Pria di Tangerang,"Kamis, 02 Jun 2022 20:44 WIB","\-

Polisi menggelar rekonstruksi pembunuhan Suherlan alias Elang (60), yang
mayatnya dibungkus karung di Legok, Tangerang. Dalam rekonstruksi itu,
terungkap fakta baru.

Rekonstruksi ini digelar penyidik Subdit Resmob Polda Metro Jaya dan Polres
Tangsel sore tadi. Rekonstruksi digelar di 3 tempat kejadian perkara (TKP),
yakni di rumah tersangka SY (35), di rumah korban, dan terakhir di tempat
pembuangan korban di Danau Gawir, Legok, Tangerang. Tersangka SY dan MYM (18)
juga hadir dan memperagakan adegan pembunuhan tersebut.

""Tadi ada sekitar 21 adegan yang diperagakan oleh kedua belah tersangka.
Setelah ini kita akan melakukan rekonstruksi di tempat penemuan mayat,"" ujar
Kanit 2 Subdit Resmob Polda Metro Jaya Kompol Maulana Mukarom kepada wartawan
di lokasi, Kamis (2/6/2022).

Maulana menyebut sesuai hasil visum memang matinya korban ini karena ada
penyempitan di pernapasan. Ia menyebut, dalam adegan rekonstruksi ini juga,
pembunuhan tersebut diperagakan tersangka SY.

""Untuk adegan si pelaku sesuai hasil visum bahwa matinya adalah karena
penyempitan pernapasan itu ada di adegan 12,"" tambahnya.

Sementara itu, Kanit 3 Subdit Resmob Polda Metro Jaya Kompol Widi Irawan saat
di Danau Gawir mengatakan total ada 24 adegan yang diperagakan oleh kedua
tersangka. Ia menyebutkan bahwa total ada 9 adegan rekonstruksi yang dilakukan
kedua tersangka di Danau Gawir.

""Tadi ada 24 adegan yang di sini itu ada tempat pembuangan itu ada sekitar 9
adegan di sini (Danau Gawir). Yang sisanya di rumah tadi 15 adegan,""
ungkapnya.

Widi mengungkapkan ada fakta terbaru yang didapati dari pelaksanaan
rekonstruksi pembunuhan ini. Menurutnya, fakta terbaru itu ialah pelaku MYM
(18) melakukan pemukulan terhadap korban.

""Fakta baru ditemukan ialah yang tadinya pelaku yang kedua yang kecil itu
ternyata melakukan pemukulan dua kali pada saat adegan di rumah tadi adegan 11
atau 10,"" ungkapnya.

Saat ini para pelaku telah ditetapkan sebagai tersangka. Keduanya dijerat
dengan Pasal 340 KUHP tentang pembunuhan berencana dengan ancaman hukuman mati
atau penjara seumur hidup.

 ",www.detik.com
Polres Wonogiri Tangkap Pencuri Ambulans Milik PDI Perjuangan,"Jumat, 10 Jun 2022 10:23 WIB","\-

Polisi menangkap terduga pencuri ambulans milik PDI Perjuangan Kecamatan
Eromoko, Wonogiri, Jawa Tengah (Jateng). Saat ini tersangka masih diperiksa
secara intensif.

""Iya (pelaku pencuri mobil ambulans PAC PDIP Eromoko ditangkap). Saat ini
masih dalam pemeriksaan,"" kata Kasat Reskrim Polres Wonogiri AKP Supardi saat
dimintai konfirmasi, dilansir , Kamis (10/6/2022).

Kabar penangkapan pencuri ambulans PDI Perjuangan ini beredar di Grup
WhatsApp. Dalam pesan yang beredar disebut pelaku adalah seorang pria, yang
kemudian berhasil ditangkap di Kecamatan Paranggupito, Wonogiri, dini hari
kemarin (9/6).

Sebelumnya diberitakan pencurian ambulans milik PAC PDIP Kecamatan Eromoko itu
terjadi pada Rabu (1/6), sekitar pukul 02.00 WIB. Mobil jenis Daihatsu Grand
Max itu berpelat nomor H 1720 OZ diduga hilang dicuri.

Stiker ambulans ditemukan di jalanan Dusun Tiken Desa Pulutan Wetan Kecamatan
Wuryantoro, Wonogiri, tepatnya di ruas jalan Wuryantoro-Manyaran. Mobil
ambulans itu sehari-hari sering diandalkan untuk mengantarkan orang sakit, ibu
hamil, hingga jenazah.

Biasanya digunakan untuk umum dan gratis, tidak hanya kader partai saja,
sehingga kunci selalu digantung di mobil.

Baca selengkapnya di sini.

[Gambas:Video 20detik]

  
  

 ",www.detik.com
"Dijanji Rp 200 Juta, Oknum Brimob Penembak Najamuddin Baru Dibayar Rp 90 Juta","Jumat, 20 Mei  2022 12:46 WIB","\-

Kasatpol PP Makassar nonaktif Iqbal Asnan terungkap menjanjikan bayaran Rp 200
juta kepada oknum Brimob Polda Sulawesi Selatan (Sulsel) Chaerul Akmal untuk
menembak mati pegawai Dishub Najamuddin Sewang. Namun Iqbal baru membayar
Chaerul Akmal Rp 90 juta.

""Dijanjikan Rp 200 juta tapi baru dibayar Rp 90 juta,"" ujar Kasat Reskrim
Polrestabes Makassar AKBP Reonald Truly Sohomuntal Simanjuntak kepada wartawan
usai rekonstruksi di Mapolsek Tamalate, Makassar, Jumat (20/5/2022).

Rheonald mengatakan dari upah Rp 90 juta yang dibayarkan di awal, penyidik
hanya menyita barang bukti Rp 85 juta. Sementara sisanya sudah digunakan
pelaku Chaerul Akmal.

  

""Rp 90 juta namun yang kami dapatkan sisa Rp 85 juta,"" kata Rheonald.

Rheonald juga mengatakan upah Rp 200 juta yang dijanjikan di luar dari uang Rp
20 juta di awal. Setoran awal Rp 20 juta yang diberikan Iqbal kepada tersangka
Sulaiman adalah murni uang operasional pembunuhan.

""Rp 20 juta ini untuk operasional untuk beli motor,"" kata Rheonald.

Sebelumnya dalam rekonstruksi penerimaan upah Rp 90 juta ini dilakukan di
Polsek Tamalate sebagai lokasi pengganti. Pada lokasi aslinya, Chaerul
menerima upah Rp 90 juta itu di belakang Asrama Brimob Pa'baeng-baeng.

Dalam rekonstruksi diperagakan Chaerul Akmal menembak mati korban di pertigaan
Jalan Manunggal 22 dan Jalan Danau Tanjung Bunga Makassar. Selanjutnya Chaerul
Akmal bergerak ke Tanggul Patompo untuk membuang jaket dan selongsong peluru.

Chaerul kemudian menuju ke Markas Brimob dan bertemu rekannya, Sulaiman.
Tersangka Chaerul mengembalikan senjata api ke Sulaiman karena tugasnya
membunuh kroban sudah selesai.

Sebaliknya, Sulaiman menyerahkan uang senilai Rp 90 juta ke Chaerul sebagai
upah eksekusi. Uang itu yang diterima Chaerul dibungkus kantong plastik warna
merah.

## Rekonstruksi Detik-detik Penembakan Maut

Tersangka Chaerul Akmal juga sudah memperagakan adegan membuntuti korban
Najamuddin. Korban dan tersangka masing-masing menggunakan sepeda motor.

Korban melaju seorang diri di Jalan Danau Tanjung Bunga, Makassar. Sementara
Chaerul membuntuti dengan menyamar sebagai pengemudi ojek online (ojol).

Saat memasuki pertigaan Jalan Manunggal 22 dan Jalan Danau Tanjung Bunga,
Makassar, Chaerul mengeksekusi korban. Sambil berkendara, Caherul mengangkat
pistolnya dan menembak korban dari jarak 3 meter.

Akibatnya Najamuddin terjatuh dan tewas meski sempat dievakuasi oleh saksi
bernama Nasir. Sementara Chaerul melaju hingga sejauh 8 meter dan sempat
mencoba mengintip melalui kaca spion motornya untuk memastikan korban apakah
korban masih bergerak atau sudah mati.

Memastikan korban sudah mati, Chaerul Akmal memacu kendaraannya. Chaerul Akmal
kabur ke arah Tanggul Patompo, Makassar.

  
  
  
[Gambas:Video 20detik]  

 ",www.detik.com
5 Fakta Terkini Kepala HRD Bergaji Rp 60 Juta Rampok Bank di Jaksel,"Minggu, 10 Apr 2022 03:31 WIB","\-

Seorang kepala HRD di sebuah bank swasta, BS (43), melakukan perampokan Bank
BJB Cabang Fatmawati, Cilandak, Jakarta Selatan (Jaksel). Saat beraksi, BS
sempat melepas tembakan ke arah teller, tetapi beruntung tidak ada korban
jiwa.

Polisi menyebut BS melakukan perampokan karena terlilit utang Rp 5 miliar.
Utang itu berasal dari pinjaman BS kepada 12 orang.

Selain itu, BS melakukan aksinya itu karena terinspirasi oleh film. Film yang
dimaksud merupakan serial 'Money Heist'.

Berikut 5 fakta terkini mengenai kepala HRD bergaji Rp 60 juta yang merampok
bank di Jaksel, seperti dirangkum , Sabtu (9/4/2022):

### 1\. Rumah BS di Tangsel Digeledah

Polisi telah menggeledah rumah BS (43). Penggeledahan itu untuk memastikan
setiap keterangan yang diberikan oleh pelaku saat diperiksa penyidik.

""Penggeledahan itu kan kita hasil pemeriksaan dengan tersangka, itu kan dari
keterangan dia, kita buktikan, kita lengkapi dengan lakukan penggeledahan.
Penggeledahan itu untuk memastikan apakah ada hal-hal yang harus diamankan
atau tidak terkait dengan tindak pidana yang dilakukan,"" kata Kasat Reskrim
Polres Metro Jakarta Selatan AKBP Ridwan Soplanit saat dihubungi, Sabtu (9/4).

Penggeledahan di rumah BS dilakukan pada Jumat (8/4) siang. Rumah BS yang
digeledah diketahui berada di daerah Tangerang Selatan (Tangsel).

Menurut Ridwan, sejauh ini belum ditemukan adanya hal-hal yang disembunyikan
BS di rumahnya. Barang-barang dari BS di rumah tersebut belum ada yang disita.

""Di sana tujuan kita geledah itu untuk memastikan apakah ada hal-hal lain yang
selama ini dia sembunyikan. Tapi temuan kemarin belum ada ke arah sana. Barang
yang disita belum ada,"" ujar Ridwan.

 _Simak selengkapnya di halaman selanjutnya..._

 __

[Gambas:Video 20detik]

Selanjutnya __

Halaman

1  2  3

 ",www.detik.com
Pria di Jakbar Terjun dari Flyover Usai Dijebak COD Jual Motor Korban,"Rabu, 01 Des 2021 20:33 WIB","\-

Seorang pria berinisial M (31) nekat terjun dari atas _flyover_ Tubagus Angke,
Tambora, Jakarta Barat. M melakukan aksi nekat itu setelah ketahuan menjual
motor milik korban.

Kapolsek Tambora Kompol M Faruk Razi mengatakan peristiwa tersebut terjadi
pada Selasa (30/11) siang. Mulanya, pelaku menggelapkan motor milik korban
yang dititipkan kepadanya.

""Korban berinisial R (28) kendaraannya sudah digelapkan atau ditipu oleh
pelaku,"" ujar Faruk saat dikonfirmasi wartawan, Rabu (1/12/2021).

Bukannya menjaga amanah, pelaku malah menggelapkan motor korban. Dia menjual
motor korban itu melalui Facebook seharga Rp 5,5 juta.

Postingan pelaku ini rupanya diketahui oleh korban. Korban kemudian memancing
pelaku untuk COD melalui teman korban.

Akhirnya teman korban dan pelaku janjian bertemu di kawasan Tegal Alur,
Kecamatan Kalideres, Jakarta Barat.

""Sesampai di sana teman korban, korban dan pelaku dipertemukanlah atau
_diamprokin_ , akhirnya si pelaku dibawa ke rumah korban untuk selesaikan
secara kekeluargaan,"" ucap dia.

Korban dan temannya lalu membawa pelaku ke rumahnya. Akan tetapi, belum sampai
di rumah korban, pelaku mencoba melarikan diri dengan cara loncat dari
_flyover_.

Akibatnya, pelaku mengalami patah tulang. Tak hanya itu, pelaku juga babak
belur karena diamuk warga.

""Selanjutnya diserahkan ke Polsek, korban sudah melaporkan kejadian ini ke
Polsek semalam,"" tutur Faruk.

Pelaku kini ditahan di Polsek Tambora. Pelaku dijerat Pasal berlapis, yaitu
Pasal 372 KUHP tentang penggelapan serta Pasal 378 KUHP tentang penipuan
dengan ancaman 4 tahun penjara.

[Gambas:Video 20detik]

  
  

 ",www.detik.com
Polisi yang 'Tolak Laporan' Warga Jaktim Dimutasi ke Papua Barat,"Kamis, 30 Des 2021 13:16 WIB","\-

Aipda Rudi Pandjaitan, oknum polisi yang menolak laporan warga di Jakarta
Timur, dimutasi ke luar wilayah hukum Polda Metro Jaya. Aipda Rudi kini
berdinas di wilayah hukum Polda Papua Barat.

""Terkait anggota Aipda Rudy Pandjaitan, hari ini tindakan disiplin atau
putusan sidang kode etik demosi bersifat _tour of area_ sudah keluar Mabes
Polri. Yang bersangkutan pindah ke Papua Barat,"" jelas Kabid Humas Polda Metro
Jaya Kombes Endra Zulpan kepada wartawan, Kamis (30/12/2021).

Mutasi itu tertuang dalam surat telegram Kapolda Metro Jaya Irjen Fadil Imran
dengan nomor ST/26.21/XII/KEP./2021. Telegram itu diteken Fadil pada Selasa
(28/12).

### Kapolda Metro Geram Gegara Sikap Aipda Rudi

Sebelumnya, sikap anggota SPKT Polsek Pulogadung, Aipda Rudi Panjaitan, yang
tak berempati kepada korban perampokan membuat Kapolda Metro Jaya Irjen Fadil
Imran geram. Fadil Imran meminta Irwasda menertibkan anggota SPKT di Polres
hingga Polsek.

""Tadi malam kita dihebohkan lagi, karena ada anggota Polsek Pulogadung yang
aneh-aneh. Masyarakat datang melapor, bukannya dilayani, tapi yang terjadi
justru menyakiti hati masyarakat,"" ujar Fadil Imran dalam akun Instagramnya,
Selasa (14/12).

Mantan Kapolda Jatim ini meminta Inspektorat Daerah (Irwasda) dan Kabid Propam
turun melakukan pengawasan di SPKT. SPKT adalah Sentra Pelayanan Kepolisian
Terpadu (SPKT), yang merupakan loket pelayanan pengaduan masyarakat.

""Saya minta Pak Irwasda, Kabid Propam, ini SPKT-SPKT ini tolong ditertibkan
ini, para kapolres ini juga,"" imbuhnya.

### Aipda Rudi Dicopot

Aipda Rudi Panjaitan diperiksa Propam Polres Jaktim setelah viral curhat
korban itu. Ia kemudian dicopot dalam rangka pemeriksaan lebih lanjut di
Propam Polres Jaktim.

""Anggota tersebut atas nama Aipda Rudi Panjaitan sudah dimutasi ke Polres
Metro Jaktim dalam rangka pembinaan dan diperiksa,"" kata Kabid Humas Polda
Metro Jaya Kombes E Zulpan saat dihubungi wartawan, Senin (13/12).

Zulpan mengatakan Aipda Rudi kini di- _nonjob_ -kan. Kini dia dimutasi ke
Bintara Seksi Umum (Basium) dalam rangka pembinaan.

""Sudah ditindak dia, sudah dimutasikan di Polres Metro Jakarta Timur.
Jabatannya kan Unit Serse Pulogadung, kemudian dipindahkan ke Polres Jakarta
Timur, _nonjob_ , jadi Basium atau Bintara Seksi Umum itu dalam rangka
pembinaan,"" terang Zulpan.

[Gambas:Video 20detik]

 ",www.detik.com
5 Perampok Sekap Satpam-Curi Rp 400 Juta di Gudang Makassar Ditangkap di Palu,"Sabtu, 12 Mar 2022 08:02 WIB","\-

Polisi menangkap komplotan perampok sebuah gudang di Kota Makassar, Sulawesi
Selatan (Sulsel) dengan menyekap sekuriti dan membawa kabur uang serta emas
senilai Rp 400 juta. Lima pelaku diringkus dalam upaya pelariannya di wilayah
Kota Palu, Sulawesi Tengah (Sulteng).

""Dilakukan penyelidikan para pelaku melarikan diri ke Sulawesi tengah, dan
Alhamdulillah tadi malam kelima tersangka sudah diamankan di Polda Sulteng,""
ujar Wakasat Reskrim Polrestabes Makassar, Kompol Jufri Natsir, pada Sabtu
(12/3/2022).

Penangkapan terhadap pelaku dilakukan oleh tim gabungan Jatanras Polrestabes
Makassar, Opsnal Polsek Tamalanrea, bersama Polda Sulteng, pada Jumat (11/3).
Kini para pelaku beserta sejumlah barang bukti dibawa ke Kota Makassar untuk
diproses hukum.

  

""Dan untuk saat ini pelaku sudah perjalanan menuju Makassar bersama barang
bukti atau yang diambil dan Jatanras tetap lakukan pengembangan,"" sebut dia.

Dari hasil interogasi, kelima orang ini merupakan pelaku spesialis yang kerap
mengincar gudang dan brankas. Polisi pun akan mendalami kemungkinan beberapa
TKP lainnya yang dilakukan oleh kelompok ini setelah berada di Makassar.

""Karena pelaku spesialis pembobolan gudang antar provinsi. Jadi tidak tutup
kemungkinan ada TKP lain di wilayah lain,"" ungkap Jufri.

Diberitakan sebelumnya, perampokan itu terjadi di gudang PT Catur Sentosa
Adiprana, di Jalan Ir Sutami, Makassar, pada Selasa (8/3), sekitar pukul 03.00
Wita. Komplotan perampok itu mengikat dua orang sekuriti usai diancam senjata
tajam.

Setelah berhasil menguasai keadaan, para pelaku berbagi tugas untuk membongkar
brankas gudang. Kelima pelaku pun berhasil membawa kabur uang dan emas total
mencapai Rp 400 juta.

""Dua orang pelaku jaga, tiga lainnya bertugas bongkar brankas. Uang 175 juta,
emas batangan dibawa kabur sehingga total kerugian mencapai 400 juta,"" sebut
ujar Panit 2 Opsnal Polsek Tamalanrea, Ipda Iqbal Qosman, Jumat (11/3).

  
  
  
[Gambas:Video 20detik]  

 ",www.detik.com
"Ditangkap Polisi, Maling Mobil Ekspedisi di Tangsel Kondisinya Mabuk","Kamis, 07 Okt 2021 11:48 WIB","\-

Polsek Kelapa Dua mengamankan pencuri mobil kurir di kawasan Gading Serpong,
Tangerang Selatan. Polisi menyebutkan pelaku dalam kondisi mabuk saat
ditangkap.

""Orang nya sudah diamankan. Semalam kondisi mabuk, jadi pagi ini kami baru
bisa periksa orangnya,"" kata Kapolsek Kelapa Dua AKP Fredy Yudha Satria saat
dihubungi, Kamis, (7/10/2021).

Fredy juga menegaskan saat ini pelaku sedang diperiksa oleh pihak kepolisian.
Polisi masih menyelidiki lebih lanjut terkait pelaku.

""Iya, sedang diperiksa,"" jelas Fredy.

Pencurian itu viral di media sosial. Dalam video viral, pelaku disebutnya
menceburkan diri ke selokan untuk menghindari kejaran warga.

Peristiwa itu terjadi pada Rabu (6/10) malam. Dalam video tersebut, terlihat
pelaku sedang bersembunyi di selokan dan diteriaki oleh sejumlah warga agar
pelaku tersebut naik dari tempat persembunyian.

Terlihat juga dalam video tersebut, si kurir pemilik mobil menjelaskan
kronologi singkat saat pelaku mencuri mobilnya.

Saat kurir sedang keluar dari mobil dan hendak menanyakan alamat lokasi ke
salah satu warga, mobil tersebut dalam keadaan hidup.

Lalu kurir tersebut menyadari mobilnya telah dikendarai oleh orang lain saat
dirinya sedang bertanya alamat. Sontak kurir tersebut langsung terkejut dan
menghampiri mobilnya.

""Memang kondisi mobil _nyala_ sama _nyala aja_ kuncinya. Pas saya ke mobil,
mobil jalan, loh kok mobil jalan,"" kata kurir ekspedisi dalam video yang
dilihat , Kamis, (7/10/2021).

Dalam video tersebut juga terlihat salah satu petugas polisi menanyakan
pemilik dari mobil tersebut kepada sang kurir.

""itu mobil punya Bapak _nih_?"" tanya petugas polisi.

""iya,"" jawab kurir.

 ",www.detik.com
"Petugas PPSU Jadi Korban Begal Bersenjata di Jakpus, Polisi Turun Tangan","Kamis, 28 Apr 2022 16:58 WIB","\-

Ray Prama Abdullah (28), seorang petugas Penanganan Prasarana dan Sarana Umum
(PPSU), menjadi korban pembegalan di Depan RS Husada, Sawah Besar, Jakarta
Pusat. Polisi turun tangan menyelidiki kasus tersebut.

""Ini kita sedang melakukan analisa-analisa pengumpulan bukti-bukti petunjuk,""
kata Kapolsek Metro Sawah Besar Kompol Maulana Mukarom kepada wartawan, Kamis
(28/4/2022).

Maulana mengatakan sebelum korban membuat laporan, pihaknya sudah melakukan
pengecekan ke TKP. Saat ini pihaknya tengah mengumpulkan sejumlah bukti.

""Kita dapat informasi kita langsung bergerak cepat, kita langsung melakukan
olah TKP serta mengumpulkan bukti-bukti petunjuk apakah kejadian itu sesuai
dengan informasi yang kita dapat,"" katanya.

Setelah melakukan olah TKP, Maulana mengatakan Bhabinkamtibmas langsung
mendatangi korban. Dia meminta korban untuk melaporkan kejadian tersebut.

""Setelah itu kita melakukan olah TKP, terus dari Bhabinkamtibmas juga
mendatangi korban memastikan bahwa apakah betul kejadiannya seperti itu, dan
korban kita dorong untuk melakukan laporan di Polsek Sawah Besar, agar kita
tangani dengan profesional,"" kata Maulana.

Peristiwa itu terjadi Rabu (27/4) sekitar pukul 05.30 WIB. Menurutnya,
kejadian itu telah melanggar Pasal 365 KUHP, yakni pencurian dengan kekerasan.

""Insyaallah mudah-mudahan pelaku segera bisa kita amankan,"" tuturnya.

 _Baca di halaman selanjutnya: cerita petugas PPSU dibegal._

Selanjutnya __

Halaman

1  2

 ",www.detik.com
Bejat! Pria di Bekasi Perkosa Anak Tetangga hingga Hamil 5 Bulan,"Kamis, 14 Apr 2022 15:21 WIB","\-

Anak perempuan berumur 14 tahun di Kecamatan Cibitung, Kabupaten Bekasi, Jawa
Barat, diperkosa hingga hamil oleh tetangganya sendiri. Diketahui umur
kandungan korban sudah 5 bulan.

Kapolres Metro Bekasi Kombes Gidion Arif membenarkan peristiwa tersebut.
Menurutnya keluarga korban sudah melakukan laporan.

""Itu sudah laporan polisi, itu sudah ditindaklanjuti lagi,"" ujar Gidion ketika
dihubungi Kamis (14/4/2022).

Ibu korban, M (40), menjelaskan, korban diperkosa oleh pria inisial S (47)
yang juga tetangganya, sejak 2021. Ibu mengetahui korban hamil setelah melihat
perubahan korban.

M mengatakan awalnya korban diminta pelaku untuk menemani keluarganya yang
terhitung baru di kampung tersebut. Kedekatan korban dengan terduga pelaku
membuat S menganggap korban menjadi anaknya sendiri.

""Awalnya itu disuruh _nemenin_ istrinya sama anaknya, dianggap anak angkatnya
sendiri _nih_ , selama setahun, jalan dua tahun ya _gitu_ dia ada maunya sama
korban,"" ucapnya.

Korban datang ke rumah terduga pelaku selalu di akhir minggu. Sepulang dari
rumah S, korban dikatakan selalu diberi uang jajan.

""Setiap dia (terduga pelaku) datang ke sini (kampung) hari Sabtu, Minggu, dia
kan ada rumahnya di situ, udah _dijanjiin_ setiap terduga pelaku _dateng_ ,
_temenin_ istri, _temenin_ anaknya, korban harus _dateng_ , kan dikasih duit.
Rp 10.000 juga girang, kadang dikasih nasi bungkusan,"" pungkasnya.

[Gambas:Video 20detik]

  
  

 ",www.detik.com
Biadab Aksi Pria di Maros Perkosa Siswi SMP Modus Tanya Alamat ke Korban,"Selasa, 29 Mar 2022 07:00 WIB","\-

Sungguh biadab aksi AN (30) memperkosa siswi SMP di Kabupaten Maros, Sulawesi
Selatan (Sulsel). AN memperkosa dengan modus berpura-pura menanyakan alamat
kepada korban.

Aksi biadab AN memperkosa siswi SMP itu terjadi tiga bulan lalu, tepatnya pada
Januari 2022. Sejak saat itu pelaku dinyatakan buron hingga ditangkap pada
Minggu (20/3).

Iya, pelaku sudah ditangkap,"" ujar Kasat Reskrim Polres Maros AKP Haris
Sumarsono saat dimintai konfirmasi , Senin (28/3).

  

Haris mengatakan, korban awalnya hendak mengembalikan buku ke temannya
sehingga menunggu rekannya di dekat kebun ubi. Hanya saja pelaku AN melintas
di lokasi.

""Jadi ini korban kan janjian sama temannya kasi kembali buku. Tapi dia lewat
pematang kebun ubi dan sementara menunggu datang temannya datang pelaku,""
tutur Haris.

Saat datang, pelaku langsung menghampiri korban dan menanyakan alamat. Tapi
tanpa diduga pelaku menyeret korban ke dalam kebun ubi dan memperkosanya.

""Awalnya dia tanya alamat. Sementara bicara tiba-tiba langsung dicekik
korbannya sampai nggak sadar. Begitu sadar korban sudah tidak pakai celana,""
kata Haris.

Pelaku masih di lokasi saat korban tersadar. Pelaku mengancam korban jika
melaporkan kejadian pemerkosaan.

""Kemudian pelaku mencuri handphone korban lalu pergi,"" katanya.

  
  
  
[Gambas:Video 20detik]  

 ",www.detik.com
Aksi Tipu-tipu Brimob Gadungan Terbongkar Jelang Lamar Pacar,"Rabu, 25 Mei  2022 06:00 WIB","\-

Niat baik remaja inisial AD (19) di Mamuju, Sulawesi Barat (Sulbar) melamar
pacarnya berujung pupus. Bukannya menikahi sang pacar, AD justru digelandang
ke kantor polisi karena ketahuan menjadi Brimob gadungan di hadapan orang tua
pacarnya.

AD rencananya melamar pacarnya pada Sabtu (21/5). Tapi upaya tersebut tak
kesampaian karena polisi mengendus ulah AD sebagai Brimob gadungan sehingga
dia langsung ditangkap pada Rabu (18/5).

""Rencananya dia mau melamar pacarnya, calonnya, mengaku sebagai anggota Polri
dengan bukti dia mengenakan pakaian dinas polisi,"" kata Kasat Reskrim Polresta
Mamuju AKP Rigan Hadi Nagara kepada wartawan, Selasa (24/5).

  

AD sebelumnya sudah berkunjung ke rumah pacarnya. Saat itulah AD mengaku
sebagai anggota Brimob di hadapan orang tua sang pacar.

""Saat itu dia hanya ingin meyakinkan kekasih dan calon mertuanya,"" tandas
Rigan.

Namun calon mertua AD enggan percaya begitu saja dengan pengakuan AD sebagai
anggota Brimob. Akibatnya, pekerjaan AD ditelusuri.

""Karena curiga, orang tua kekasih yang hendak dilamar kemudian meminta bantuan
Bhabinkamtibmas untuk mencari tahu identitas pelaku yang ternyata Brimob
gadungan,"" ungkapnya.

Saat diamankan, AD sempat tak mengakui perbuatannya. Namun hasil penggeledahan
di rumah AD ditemukan barang bukti pakaian dinas polisi.

Tak hanya sampai di situ, AD juga rupanya pernah terlibat pencurian ayam. Tapi
kasus ini tidak diproses lebih lanjut karena nilai kerugiannya tak seberapa.

""Pernah terlibat pencurian ayam. Karena nominalnya tidak terlalu besar dan
juga pemilik ayam tersebut tidak mempermasalahkan, kita damaikan melalui
restorative justice,"" tutup Rigan.

  
  
  
[Gambas:Video 20detik]  

 ",www.detik.com
Kisah Pendakwah Gadungan Arab Saudi yang Siksa Putrinya hingga Tewas,"Minggu, 10 Apr 2022 12:20 WIB","\-

Nama Fayhan Al-Ghamdi memenuhi headline media massa Arab Saudi pada 2013.
Bagaimana tidak, pria yang dikenal sebagai pendakwah ini tega membunuh
putrinya.

Dilansir dari _BBC_ , Al-Ghamdi menyiksa putrinya yang berusia lima tahun dan
memukulinya sampai mati. Ia dijatuhi hukuman delapan tahun penjara dan 600
cambukan pada 2013.

Kasus Fayhan al-Ghamdi menjadi berita utama di seluruh dunia awal tahun 2013.
Para aktivis memulai berkampanye di Arab Saudi. Mereka menggaungkan kampanye
'I'm Lama'. Lama adalah nama putri dari Al-Ghamdi.

Meskipun dikenal sebagai pendakwah di televisi, Al-Ghamdi tidak diakui sebagai
ulama oleh lembaga keagamaan Saudi.

 _Silakan baca berita selengkapnya di halaman selanjutnya._

 __

[Gambas:Video 20detik]

Selanjutnya __

Halaman

1  2

 ",www.detik.com
"Pria di Baubau Cabuli 2 Remaja Modus Ngajar Agama, Polisi Kejar Pelaku","Rabu, 27 Apr 2022 13:09 WIB","\-

Seorang pria inisial IR mencabuli dua remaja inisial Y (16) dan E (19) di Kota
Baubau, Sulawesi Tenggara (Sultra) dengan modus mengajar agama. Polisi kini
mengejar pelaku pemerkosaan terhadap dua anak di bawah umur tersebut.

""Pelaku bercerita dan mengajarkan keduanya tentang ilmu Agama Islam, ilmu
Tauhid dan mengarahkan korban ke hal-hal perbuatan baik,"" ujar Kapolres Baubau
AKPB Erwin Pratomo melalui keterangan resminya, Rabu (27/4/2022).

Erwin mengungkapkan peristiwa tersebut terjadi pada April 2020 lalu. Awalnya
korban Y mengajak E untuk menemui pelaku di kawasan Keraton Baubau untuk
diajari pengetahuan tentang agama.

  

Selang seminggu setelah itu, pelaku kembali memanggil kedua korban untuk
bertemu. Kali ini, pelaku mengajak keduanya bertemu di indekos pelaku di
Kecamatan Kokalukuna, Kota Baubau.

""Setiba di kos pelaku, keduanya diajak bercerita kurang lebih 30 menit.
Setelah itu keduanya diajak pelaku berhubungan suami istri,"" papar dia.

Saat melakukan aksi bejatnya, IR ternyata diam-diam sambil merekam video
menggunakan HP miliknya. Hal ini dilakukan pelaku tanpa sepengetahuan korban.

""Kedua korban disetubuhi oleh pelaku sambil direkam video pakai HP pelaku
sendiri,"" beber Erwin.

Belakangan video tersebut dipakai pelaku sebagai ancaman untuk mencabuli lagi
kedua korban. Jika keinginannya tidak dipenuhi, pelaku mengancam korban
menyebar video tersebut.

""Sebulan kemudian pelaku kembali mengajak kedua korban untuk melakukan
hubungan badan namun mereka menolak, pelaku mengancam akan menyebarkan video
yang pernah dibuat saat melakukan persetubuhan,"" bebernya.

Kedua korban hanya bisa pasrah. Namun keluarga korban yang mengetahui kejadian
ini langsung melaporkan pelaku ke polisi.

""Kejadian tersebut terus terjadi hingga keluarga korban mengetahui tanggal 2
April 2022,"" ungkap Erwin.

Keluarga korban yang tidak terima atas perbuatan pelaku kejadian tersebut ke
Polres Baubau pada Jumat (08/4). Saat ini polisi tengah mengejar pelaku.

""Saat ini anggota Opsnal saya posisi di Kendari bersama Resmob polda untuk
lidik keberadaan pelaku,"" ungkapnya.

Atas perbuatannya, pelaku diancam dengan pasal berlapis tentang Undang-undang
perlindungan anak dengan ancaman hukuman pidana paling singkat 5 tahun dan
paling lama 15 tahun.

  
  
  
[Gambas:Video 20detik]  

 ",www.detik.com
"Polisi Ungkap Kasus Pencurian Motor di Jakut, Modus Kencani Wanita","Selasa, 15 Feb 2022 16:28 WIB","\-

Polsek Koja mengungkap kasus pencurian kendaraan bermotor (curanmor) dengan
kekerasan yang terjadi di Jalan Deli, Koja, Jakarta Utara. Diketahui, modusnya
adalah mengencani wanita via media sosial.

Menurut penuturan Kapolres Metro Jakarta Utara Kombes Wibowo, peristiwa
terjadi pada Jumat (11/2/2022) sekitar pukul 04:00 WIB. Saat itu pelaku atas
nama MY dan YT _chatting_ bersama saksi Muhammad Rojak melalui Facebook.

Diketahui MY dan YT berjenis kelamin perempuan. Selanjutnya, kata Wibowo,
pelaku mengajak saksi dan korban Firnando Ali bertemu di depan kantor
Pegadaian Pasar Permai Koja.

""Diawali dengan adanya _chatting_ dari pelaku, yaitu M dan Y, ini wanita,
kepada saksi untuk mengajak ketemuan di depan kantor Pegadaian Pasar Permai
Koja, Jakarta Utara. Selanjutnya saksi bersama korban berangkat menuju ke
tempat janjian tadi,"" kata Wibowo dalam jumpa pers di Polres Metro Jakarta
Utara, Selasa (15/2/2022).

Setelah bertemu, mereka kemudian sepakat untuk pergi jalan-jalan ke Tanjung
Priok. Wibowo menuturkan, sekitar 100 meter dari lokasi pertemuan, pelaku
lainnya atas nama IP, AOS, dan BP menunggu dan mengawasi.

""Setelah tiba di TKP, yaitu Jalan Deli, motor korban dipepet oleh tiga orang
yang menunggu tadi. Selanjutnya langsung menarik saksi. Setelah ditarik, saksi
kemudian dipukuli oleh pelaku Y dan I sehingga motor terjatuh, dan motor
dibawa pergi oleh pelaku A,"" kata Wibowo.

Pada hari yang sama, Polsek Koja melakukan penyelidikan. Lima pelaku
berinisial YT, IP, AOS, MY, dan BP diamankan di Kampung Muara Bahari.

""Hasil penyelidikan yang dilakukan oleh unit Reskrim Polsek Koja didapat info
bahwa seluruh pelaku ini berada di wilayah Kampung Muara Bahari,"" kata Wibowo.

Saat ini kelima pelaku sudah diamankan di Polres Metro Jakarta Utara dengan
barang bukti satu unit sepeda motor merek Honda Beat bernomor polisi
B-3940-UHC milik korban dan satu unit sepeda motor merek Supra X, bernomor
polisi B-6713-URJ milik pelaku.

""Kasus ini sebenarnya sudah direncanakan karena salah satu pelaku ini sudah
cukup kenal dengan saksi dan kebetulan punya masalah, yaitu _handphone_ pelaku
ini dipinjam dan tidak dikembalikan oleh saksi,"" kata dia.

Atas kasus tersebut, para pelaku disangkakan Pasal 365 ayat 2 ke (1) dan (2)
KUH Pidana dengan ancaman hukuman 12 tahun penjara.

 ",www.detik.com
Polisi Ungkap Alasan Petugas PPSU Rekayasa Kasus Begal: Takut Dimarahi Istri,"Kamis, 28 Apr 2022 21:59 WIB","\-

Petugas Penanganan Prasarana dan Sarana Umum (PPSU), Ray Prama Abdullah (28),
diduga berbohong soal menjadi korban begal. Dia diduga berbohong karena takut
dimarahi istri.

""Ray mengatakan uang THR hilang karena dibegal alasannya dia takut kepada
istrinya yang nantinya akan marah jika mengetahui uang THR habis untuk bermain
judi slot,"" kata Kapolsek Sawah Besar Kompol Maulana Mukarom saat dimintai
konfirmasi, Kamis (28/4/2022).

Maulana mengatakan uang THR tersebut tidak hilang. Melainkan digunakan oleh
Ray untuk bermain judi _online_.

""Bukan hilang karena dicuri, melainkan dia menggunakan uang THR tersebut untuk
bermain judi _online_ ,"" katanya.

Karena takut dimarahi oleh istrinya, Ray pun mengaku telah menjadi korban
begal. Maulana mengatakan total kerugian pun tidak sesuai dengan laporan.

""Uang yang ditarik hanya sebesar Rp 200 ribu, tidak sesuai dengan keterangan
korban yang menerangkan bahwa melakukan penarikan uang sebesar Rp 4,4 juta,""
katanya.

Sebelumnya, Ray mengaku menjadi korban begal di depan RS Husada, Sawah Besar,
Jakarta Pusat. Dia mengaku dibegal setelah mengambil uang THR.

Peristiwa itu disebut terjadi pada Rabu (27/4) sekitar pukul 05.00 WIB.
Kejadian, katanya, berawal ketika korban baru saja mengambil uang THR di ATM.

""Dari keterangan yang bersangkutan sih informasinya dibegal, jadi subuh-subuh
kan baru cair THR. Yang bersangkutan ini ambil ke ATM,"" kata Lurah Mangga Dua
Selatan, Agata Bayu Putra, saat dihubungi, Rabu (27/4).

Menurutnya, Ray mengaku tidak sadar telah diikuti oleh pelaku. Ketika sampai
di zona penyapuan, katanya, Ray langsung disergap oleh 10 orang.

Akibat kejadian tersebut, Ray disebut mengalami kerugian Rp 4,4 juta. Selain
itu, dia disebut mengalami luka-luka di pinggang, leher, dan pipi.

[Gambas:Video 20detik]

  
  

 ",www.detik.com
Sadis! Koki Hajar Wanita Pakai Ulekan Ngaku Terinspirasi Film Psikopat,"Jumat, 13 Mei  2022 19:19 WIB","\-

Aksi perampokan bersenjata ulekan batu atau muntu terjadi di Kota Semarang,
Jawa Tengah. Pelaku mengaku terlalu banyak nonton film tentang psikopat.

Pelaku bernama Boy Anantyasari (21) warga Grobogan yang melakukan aksinya hari
Rabu (11/5) lalu. Kepada polisi dia mengaku sudah merencanakan aksi perampokan
dengan menyiapkan ulekan sebagai senjatanya. Boy diketahui bekerja sebagai
juru masak warung makan ayam goreng di Semarang.

""Itu muntu biasanya memang buat kerja, buat ngulek sambal. Sengaja saya bawa,
memang berencana rampok. Butuh uang buat angsur motor sama kirim uang ke orang
tua,"" kata Boy di Mapolrestabes Semarang, Jumat (13/5/2022).

Dia kemudian mencari teman kencan di dekat Stasiun Poncol, pada sekitar pukul
02.00 WIB hingga akhirnya bertemu dengan korbannya SP (39).

""Tarifnya Rp 300 ribu, hotelnya Rp 200 ribu. Kami sepakat,"" ujarnya.

Saat berada di dalam kamar hotel itulah, Boy menganiaya korban dengan ulekan
yang sudah dia bawa dan sembunyikan dalam jaketnya.

""Saya itu maksudnya mau bikin dia pingsan. Saya pikir kalau pingsan saya ambil
uangnya. Saya pukul sekitar 7 kali,"" ujarnya.

Tak seperti yang direncanakan Boy, korban yang berhasil kabur dengan bersimbah
darah. Pelaku pun berhasil diamankan. Kepada polisi, Boy mengaku terinspirasi
film-film tentang psikopat yang dia tonton.

""Saya itu sering nonton film psikopat. Tapi saya bawa muntu itu karena saya
mikir tumpul, kalau palu korban bisa langsung mati,"" ujarnya.

Diwawancara terpisah, korban SP mengatakan aksi yang dilakukan Boy sangat
brutal. Saat ia dipukul sekali, ia kemudian dipegangi agar tidak kabur dan
terus dipukuli.

""Saya berusaha melepaskan diri, untung pintu tidak saya kunci. Setelah lolos
saya kabur ke resepsionis masih telanjang dan kepala berdarah-darah,"" kata SP.

Ia tidak terlalu ingat siapa yang membawanya ke rumah sakit. Akibat perbuatan
pelaku dia mendapat 25 jahitan dan rambut sebahunya terpaksa dicukur habis.

""Ini ada 25 jahitan. Yang antar ke rumah sakit itu orang hotel atau polisi,
gitu,"" ujarnya.

Diberitakan sebelumnya, Boy dijerat dengan pasal percobaan pencurian dengan
kekerasan atau penganiayaan sebagaimana dimaksud dalam pasal 365 KUHP juncto
pasal 53 KUHP atau pasal 351 KUHP.

  
  
  
[Gambas:Video 20detik]  

 ",www.detik.com
Presiden Iran Janji Akan Balas Pembunuhan Kolonel Garda Revolusi,"Senin, 23 Mei  2022 15:39 WIB","\-

Presiden Iran Ebrahim Raisi menegaskan negaranya akan membalaskan kematian
seorang kolonel pada Garda Revolusi Iran yang ditembak mati di luar rumahnya
di Teheran.

Seperti dilansir _AFP_ , Senin (23/5/2022), Korps Garda Revolusi Iran, yang
merupakan sayap ideologis dari militer Iran, mengidentifikasi anggotanya yang
bernama Sayyad Khodai dan berpangkat Kolonel tewas usai ditembak dua pelaku
yang mengendarai sepeda motor di Teheran pada Minggu (22/5) sore.

Laporan kantor berita _IRNA_ menyebut Khodai terkena tembakan lima peluru saat
pulang ke rumahnya. Garda Revolusi Iran mengecam pembunuhan itu sebagai 'aksi
teroris' dan menyebut itu dilakukan oleh 'elemen terkait dengan arogansi
global' -- yang merujuk pada Amerika Serikat (AS) dan sekutunya termasuk
Israel.

""Saya menuntut pengejaran serius (para pembunuh Khodai) oleh pejabat-pejabat
keamanan, dan saya tidak meragukan bahwa darah martir hebat ini akan
dibalaskan,"" tegas Raisi dalam pernyataannya.

""Tidak ada keraguan bahwa tangan arogansi global bisa terlihat dalam kejahatan
ini,"" imbuhnya, menyerukan tudingan yang dilontarkan Garda Revolusi Iran.
Pernyataan keras itu disampaikan Raisi sebelum berkunjung ke Oman, di mana dia
akan bertemu Sultan Haitham.

Pemakaman Khodai dijadwalkan akan digelar di Teheran pada Senin (23/5) sore,
sekitar pukul 17.00 waktu setempat.

Kantor berita _IRNA_ menggambarkan Khodai sebagai 'pembela tempat suci' --
istilah yang biasa digunakan untuk menggambarkan siapa saja yang bekerja atas
nama Republik Iran di wilayah Suriah atau Irak.

Kematian Khodai menjadi kasus pembunuhan dengan profil tertinggi di Iran sejak
November 2020, saat ilmuwan nuklir top Iran Mohsen Fakhrizadeh dibunuh. Iran
menuduh Israel sebagai dalang utama untuk serangan terhadap konvoi kendaraan
Fakhrizadeh di dekat Teheran.

[Gambas:Video 20detik]

  
  

 ",www.detik.com
"Gerobak buat Jualan Tertabrak, Tukang Es di Bekasi Tusuk Pria hingga Tewas","Rabu, 25 Mei  2022 11:56 WIB","\-

Seorang pria berinisial ND (43) tewas ditusuk tukang es buah di Mekar Mukti,
Cikarang Utara, Kabupaten Bekasi, Jawa Barat (Jabar). Pelaku menusuk korban
gegara gerobak es buahnya tertabrak korban.

Kapolsek Cikarang Utara Kompol Mustakim mengatakan penusukan terjadi pada
Selasa (24/5) pukul 17.30 WIB. Awalnya, korban yang berboncengan motor tak
sengaja menabrak gerobak pelaku.

""Kemarin (korban) _tabrakin_ dagangan si tukang es buah itu, ya marah
(pelaku),"" ujar Musakim ketika dihubungi Rabu (25/5/2022).

Pelaku yang tak terima sempat cekcok dengan korban hingga sempat berkelahi.
Pelaku yang naik pitam akhirnya membawa pisau dan mengejar korban.

""Informasinya begitu, cekcok dulu, terus berkelahi. Karena pelaku bawa pisau
lari, dia pakai motor boncengan itu,"" ujarnya.

Pelaku lalu menusukkan pisau ke arah korban di bagian punggung dan di tangan.
Nahas, korban tak tertolong saat dilarikan ke rumah sakit.

""Korban sempat dibawa ke klinik, lalu ke rumah sakit, pas sampai sana baru
meninggal,"" tuturnya.

Mustakim mengatakan korban dikenal di daerahnya sering kali mabuk-mabukan.
Hingga saat ini, polisi masih mengejar pelaku.

""Korbannya suka mabuk-mabuk di daerah situ, ya namanya nggak ada kerjaan, iya
bisa jadi (preman). Pelaku belum (ditangkap), masih dalam pengejaran,""
imbuhnya.

[Gambas:Video 20detik]

  
  

 ",www.detik.com
"Tikam Kakak Pakai Badik Hingga Tewas, Pria di Mamuju Diamankan Polisi","Minggu, 15 Mei  2022 03:53 WIB","\-

Polisi mengamankan seorang pria berinisial M (20) di Mamuju Tengah lantaran
menikam kakak kandungnya H (23) dengan badik. Korban ditikam hingga tewas.

Dilansir detikSulsel, Minggu (15/5/2022) peristiwa tersebut terjadi di Desa
Tumbu, Kecamatan Topoyo, Sulawesi Barat, Jumat malam (13/5/2022), sekira pukul
22.30 wita. Korban tewas dengan sejumlah luka tusuk di tubuhnya.

""Pelaku sempat mencoba untuk melarikan diri dengan berenang,"" kata Kanit 3
Satreskrim Polres Mamuju Tengah, Ipda Aditya Hernowo, Sabtu (14/5).

Aditya menuturkan saat dilakukan pengejaran, pelaku melarikan diri dengan
berenang di pinggir tanggul. Namun akhirnya pelaku berhasil diringkus.

""Karena kondisinya saat itu berada di pinggir tanggul pantai, namun kami terus
melakukan pengejaran dan Alhamdulillah pelaku berhasil diamankan,"" lanjut dua.

Menurut Aditya, upaya pencarian pelaku sempat dilakukan melibatkan personel
gabungan. Keberadaan pelaku terungkap berkat informasi warga dan rekaman
kamera pengawas.

Baca berita selengkapnya di sini.

 ",www.detik.com
Komplotan Begal di Bogor Bawa Korek Api Berbentuk Pistol untuk Takuti Korban,"Senin, 14 Mar 2022 15:10 WIB","\-

Enam pelaku begal di Jl Raya Cilebut, Sukaraja, Kabupaten Bogor, ditangkap.
Para pelaku ditangkap dengan sejumlah peran masing-masing.

Para pelaku berinisial MA (22), SK (19), dan ZAF (22), serta tiga pelaku
lainnya masih berusia anak-anak. Polisi mengatakan salah satu pelaku sengaja
menyiapkan korek api berbentuk senjata api untuk menakuti korbannya.

""MA perannya yang membawa kendaraan roda dua. Mereka setiap beraksi berbonceng
tiga. SK berperan membawa pedang, membacok, dan merampas barang milik korban.
ZAF perannya sebagai eksekutor menakut-nakuti korban dengan menodong korek api
menyerupai senjata api. Tiga orang lainnya berperan sebagai penadah. Mereka
berstatus sebagai anak,"" kata Kasat Reskrim Polres Bogor AKP Siswo Tarigan
kepada wartawan, Senin (14/3/2022).

Salah satu tersangka, ZAF, menjelaskan bahwa saat melancarkan aksinya, mereka
dalam kondisi mabuk. Dia mengatakan kelompoknya bertemu korban saat sedang
mabuk.

""Lagi mabuk ketemu orang, kebetulan lagi mabuk,"" ZAF kepada wartawan.

ZAF mengatakan telah melakukan aksi begal sejak 2017. Total sudah melakukannya
sebanyak tiga kali di lokasi yang berbeda di Kabupaten Bogor.

""(Melakukan begal) dari 2017. Di Kencana, Karadenan, sama yang ini (Jl Raya
Cilebut),"" tuturnya.

Sebelumnya, polisi menangkap enam pelaku pembegalan di Jl Raya Cilebut,
Sukaraja, Kabupaten Bogor. Dengan tiga orang sebagai pelaku utama pencurian
dengan kekerasan.

""Dari Satreskrim Polres Bogor sudah berhasil mengamankan enam orang tersangka
yang diduga melakukan perbuatan pidana pencurian dengan kekerasan,"" kata
Kapolres Bogor AKBP Iman Imanuddin saat konferensi pers di Mapolres Bogor.

Iman mengatakan ketiga begal melakukan 'hunting' untuk mencari korban. Saat
bertemu korban yang disasar, mereka membacok punggung korban.

""Kejadiannya berawal dari para tersangka ini bersama-sama berangkat hunting ya
istilahnya, mencari korban kemudian di jalan bertemu korban. Disamperin korban
tersebut, kemudian terjadi perlawanan dari pihak korban. Lalu kemudian yang
bersangkutan dibacok menggunakan senjata tajam dan ditakut-takuti dengan korek
api yang menyerupai senjata api,"" tuturnya.

Atas perbuatannya, tersangka dikenai Pasal 365 KUHP jo 480 KUHP. Dengan
ancaman penjara maksimal 12 tahun.

Sementara ketiga pelaku yang berstatus anak tidak ditahan. Namun, mereka telah
diperiksa oleh Balai Pemasyarakatan (Bapas) Bogor.

 ",www.detik.com
"Perampokan di Depok, Korban Disekap dan Diikat-Harta Rp 390 Juta Raib","Rabu, 02 Mar 2022 22:58 WIB","\-

Ruko elektronik di Jalan Raya Sawangan, Kecamatan Pancoran Mas, Depok,
disatroni kawanan perampok bersenjata tajam. Para pelaku sempat menyekap
korban sebelum akhirnya membawa sejumlah barang berharga.

Pemilik ruko, Ferly Wikarta (42), mengatakan 3 pelaku masuk melalui atap di
lantai 4 ruko pada Selasa (1/3/2022), pukul 03.00 WIB. Awalnya dua orang
korban disekap dan diancam pakai senjata tajam.

""Dia naik dari lantai 4 masuk. Suster diikat dulu kaki dan tangannya, mulut
_disumpel_. Rencong ditaruh di sini (leher), jadi kalau Mbaknya (ART) teriak,
diancam dibunuh. Terus disuruh kasih tahu di sini ada berapa orang semuanya,""
kata Ferly kepada wartawan, Rabu (2/3).

Kawanan perampok kemudian turun ke lantai dasar dan memukul karyawan toko
hingga kemudian seluruh penghuni berjumlah lima orang disekap para pelaku.

""Lima orang dewasa diikat semua, suster, mbak, karyawan, saya, sama istri.
Semua mulut _disumpel_ kecuali saya, (untuk) ditanya kunci di mana, kunci
brankas berapa, 'kalau salah _gue_ getok pakai linggis',"" sambungnya.

Fery mengatakan perampok membawa beberapa senjata tajam, yakni linggis, golok,
dan rencong. Total kerugian ditaksir mencapai Rp 390 juta.

""Uang kontan Rp 200 juta di brankas, jam tangan enam Rp 150 juta, enam
_handphone_ Rp 40 jutaan. Kurang-lebih Rp 390 juta,"" bebernya.

Ferly menyebutkan dua anaknya yang berusia 4 dan 6 tahun awalnya akan diikat
dan disumpal mulutnya. Tetapi Ferly memohon agar pelaku tidak melakukannya.

""Jadi anak 4 tahun, malingnya nggak ikat (anak), cuma ditutup pakai bantal
gede. Kalau (yang usia) 6 tahun mau diikat saya bilang 'jangan diikat, bisa
mati _nih_ anak'. Anak kayak _gini_ mana bisa melawan _sih_. Akhirnya enggak
diikat, disuruh tengkurap _aja_ , semua tengkurap,"" kata Ferly.

Ferly mengatakan perampokan itu terjadi selama hampir 2 jam. Pada pukul 04.30
WIB, para pelaku akhirnya kabur lewat lantai 2.

""Dia dari jam 03.00 sampai jam 04.30 WIB baru keluar. Karena dia _ngotot_ mau
minta kunci mobil sama kunci motor, tapi dia enggak bisa buka _rolling door_
,"" tuturnya.

Kasus ini kemudian dilaporkan ke polisi. Menurut Ferly, para pelaku telah
ditangkap polisi.

""(Pelaku) ada anak muda, ada orang tua. Tiga masuk lewat ruko sebelah, dua
orang jaga di depan. Sekarang sudah ditangkap Polda Metro Jaya,"" tutupnya.

 ",www.detik.com
"Wanita ODGJ di Sultra Ditemukan Tanpa Busana-Hamil 3 Bulan, Polisi Selidiki","Selasa, 31 Mei  2022 16:18 WIB","\-

Seorang wanita orang dengan gangguan kejiwaan (ODGJ) di Kabupaten Buton
Tengah, Sulawesi Tenggara (Sultra), inisial WL (26) ditemukan dalam kondisi
tanpa busana dan sedang hamil 3 bulan. Polisi kini menyelidiki kehamilan WL.

""Kami sudah melakukan penyelidikan awal terkait kasus tersebut, utamanya kaum
pria yang di seputaran lokasi korban,"" kata Kapolres Baubau AKBP Erwin Pratomo
kepada , Selasa (31/5/2022).

Kasus ini bermula saat Tim Yayasan Berbagi Baubau menyambangi rumah korban di
Buton Tengah, Rabu (25/5). Alangkah kagetnya relawan dari lembaga sosial
tersebut karena mendapati kondisi perut korban yang tidak biasa.

  

""Saat relawan berkunjung ke tempat tinggal WL, ditemui dalam kondisi tak
berbusana dan perut WL terlihat membesar,"" ujarnya.

Relawan langsung membawa WL ke RS Ibu dan Anak untuk diperiksa karena
dicurigai hamil. Rupanya dugaan korban hamil benar adanya, dan parahnya
kondisi kehamilan korban dinyatakan bermasalah.

""Sesuai hasil pemeriksaan WL telah hamil dengan usia kandungan 12 minggu atau
3 bulan dan kehamilan korban bermasalah atau hamil di luar kandungan,""
ujarnya.

Atas kejadian itu, relawan langsung melapor ke polisi agar diungkap lebih
lanjut. Erwin mengungkapkan pihaknya yang menerima laporan itu belum bisa
mengambil keterangan dari WL karena kondisi kejiwaannya.

""Kami berencana akan panggil saksi ahli untuk dilakukan terapi kepada korban,
untuk membantu setidaknya bisa mengingat sedikit kejadian yang sebenarnya,""
ujar dia.

Saat ini WL saat ini tengah berada di Posko Tim Yayasan Berbagi Baubau untuk
dilakukan penanganan lebih lanjut sambil menunggu hasil penyelidikan polisi.

  
  
  
[Gambas:Video 20detik]  

 ",www.detik.com
"Awalnya Diduga Begal, Pelaku Penyerangan di Ogan Ilir Ternyata Mantan Kades","Minggu, 17 Apr 2022 22:02 WIB","\-

Polisi telah menangkap dua pelaku penyerangan terhadap sekeluarga di Ogan
Ilir, Sumatera Selatan (Sumsel) yang menewaskan satu orang.

Awalnya, penyerangan ini diduga ulah kawanan begal. Ternyata salah satu
penyerang, Safri (47), merupakan mantan kepala desa di Muara Enim.

Dia dan adiknya, Zainal (37), nekat menyerang dan menghabisi nyawa korban RG
karena dendam pribadi. Selama ini pelaku merasa nyawanya terancam.

  

""Saya memang ada masalah pribadi dengan korban. Sejak tiga bulan terakhir,
jujur saya tidak berani pulang ke rumah di Muara Enim karena takut dihadang
korban,"" kata Safri di Mapolres Ogan Ilir, Minggu (17/4/2022) petang.

Dia mengungkapkan, sejak lama dia dan korban bermasalah. Masalah itu sudah ada
sejak dia masih menjabat sebagai Kepala Desa Tapus, Kecamatan Lembak, Muara
Enim, beberapa tahun lalu.

""Kalau saya ribut dengan korban sejak saya jadi kades dulu, memang iya,""
imbuhnya.

Namun, dia membantah pernyataan polisi yang menyebutkan permasalahan antara
mereka berdua terkait pemilihan kepala desa (Pilkades) beberapa waktu lalu.

""Tapi, kalau karena Pilkades, saya pastikan bukan,"" ungkapnya.

Hanya saja, Safri tidak secara gamblang menyebutkan masalah apa yang memicu
aksi nekatnya itu.

Korban RG, kata Syafri, dalam keseharian merupakan seorang jagoan kampung dan
cukup disegani di lingkungan tempat tinggalnya. Oleh karena itu, dia merasa
terancam.

Kemudian, pada hari kejadian, Sabtu (16/4) kemarin, Syafri yang saat itu
bersama adiknya Zainal mengendarai Avanza hitam, berpapasan dengan korban di
tengah jalan.

Saat itu, korban bersama istri dan anaknya naik sepeda motor. Kedua pelaku
langsung putar arah dan membuntuti mereka.

""Waktu kami buntuti, kami sempat kehilangan jejak korban, akhirnya ketemu
korban di jalan lurus. Korban kami setop, saya turun dari mobil, saya tusuk
dan bacok korban,"" bebernya.

""Saya terpaksa (membunuh), daripada saya yang mati duluan,"" imbuhnya.

Istri korban, WD (27), yang menyaksikan suaminya dibacok secara membabi buta
oleh pelaku, berusaha untuk melindungi suaminya. Namun nahas, WD pun ikut
terkena sabetan pisau dan parang pelaku.

""Kalau istri korban, jujur tidak saya incar. Saya hanya emosi sama suaminya
saja,"" ujar tersangka yang habis masa jabatannya sebagai Kades Tapus pada 2019
lalu ini.

Setelah menusuk korban hingga terkapar, kedua tersangka kembali ke kediaman
mereka di Tapus untuk bersembunyi.

Kapolres Ogan Ilir AKBP Yusantiyo Sandhy mengatakan, atas perbuatannya
tersebut kedua tersangka kini ditahan dan terancam hukuman mati.

""Kedua tersangka dijerat Pasal 340 KUHP tentang pembunuhan berencana dengan
ancaman hukuman 20 tahun penjara atau seumur hidup. Terancam hukuman mati
juga,"" jelas Kapolres.

Diberitakan sebelumnya, pasangan suami istri di Ogan Ilir, Sumatera Selatan,
RG (34) dan WD (27) serta anaknya diduga menjadi korban begal. RG tewas dalam
kejadian tersebut, sedangkan istrinya sekarat dengan luka berat senjata tajam
dan anaknya selamat usai kabur ke rawa.

Informasi dihimpun, peristiwa aksi begal sadis itu terjadi pada Sabtu (16/4)
kemarin sekitar pukul 19.30 WIB di kawasan Jalan Lintas Sumatera, Desa Sungai
Rambutan, Indralaya, Ogan Ilir.

Korban disebut berangkat dari Desa Tapus, Lembak, Muara Enim hendak ke
Palembang. Kedua korban dan anaknya saat kejadian disebut tengah berboncengan
mengendarai sepeda motor. Namun, setibanya di lokasi kejadian korban
dihentikan oleh terduga begal yang memepet korban pakai mobil.

RG yang berusaha melawan kemudian dibacok hingga meninggal dunia di lokasi
kejadian dengan luka bacok di kening, leher, dan punggung. Sedangkan istrinya,
saat ini dalam kondisi sekarat di rumah sakit, dengan luka bacok di kepala dan
tangan. Anak korban selamat karena lari dan bersembunyi di rawa-rawa sekitar
lokasi kejadian.

  
  
  
[Gambas:Video 20detik]  

 ",www.detik.com
"Kasus Pemerkosa di Tangerang, Ini 5 Fakta yang Terungkap","Rabu, 26 Jan 2022 17:54 WIB","\-

Kasus pemerkosa di Tangerang terus diusut polisi. Pelaku bejat yang merampok
dan memperkosa korban akhirnya berhasil ditangkap.

Kasus pemerkosa di Tangerang terjadi di Balaraja, Kabupaten Tangerang pada
Kamis (20/1). Kejadian itu bermula saat korban menggunakan angkot untuk
menjenguk orang tuanya.

Berikut fakta-fakta kasus pemerkosa di Tangerang yang berhasil diungkap
polisi.

## Kasus Pemerkosa di Tangerang, Korban Dianiaya-Diperkosa

Kapolresta Tangerang Kombes Zain Dwi Nugroho mengungkapkan, kasus pemerkosa di
Tangerang bermula saat korban menaiki angkot dengan tujuan Balaraja, Kabupaten
Tangerang. Saat itu, dia hendak menjenguk orang tuanya.

Dalam perjalanan, angkot mampir untuk mengisi bensin di salah satu SPBU.
Sesudahnya, kernet tiba-tiba menutup pintu angkot dan menganiaya SP. Korban
pun dipukul menggunakan benda tumpul dan sempat pingsan di tempat.

""Korban dipukuli dengan menggunakan benda tumpul, lalu korban tidak lama
pingsan di tempat,"" ungkap Zain, Rabu (26/1/2022).

Kasus pemerkosa di Tangerang mulanya diakali oleh sopir IS (22). Saat korban
pingsan, kata Zain, IS sengaja memperkosanya berulang kali. Ironisnya, barang-
barang korban juga diambil pelaku.

""Setelah itu, dalam kondisi pingsan, korban oleh pelaku yang bertugas sebagai
sopir diperkosa secara berulang kali. Selain itu, barang-barang korban pun
diambil oleh pelaku,"" ujarnya.

## Kasus Pemerkosa di Tangerang, Korban Sempat Dibuang ke Sungai

Kasus pemerkosa di Tangerang yang dilakukan oleh dua pelaku residivis mengecam
emosi. Pasalnya, kedua pelaku berusaha menghilangkan jejak dengan membunuh
korban. SP sempat dicekik dan dibuang ke Sungai Ciujung dari atas Jembatan
Tirtayasa.

""Dalam kondisi korban tidak sadarkan diri, dan disangka sudah meninggal para
pelaku membuang korban tepatnya di Jembatan Tirtayasa atau di atas Sungai
Ciujung. Namun alhamdulillah korban pada saat di sungai langsung sadar dan
berhasil menyelamatkan diri dengan berenang ke pinggir sungai,"" tutur Zain.

## Kasus Pemerkosa di Tangerang, Korban Diselamatkan Warga Setempat

SP berhasil selamat dari kasus pemerkosa di Tangerang. Saat dibuang ke sungai,
dia sadarkan diri dan langsung menepi ke pinggir sungai.

SP dinyatakan selamat dari kasus pemerkosa di Tangerang. Warga setempat
langsung membantunya untuk membuat laporan ke Polsek Tirtayasa. Tak butuh
waktu lama, dalam dua hari kepolisian berhasil mengidentifikasi pelaku, baik
sopir maupun kernet angkot tersebut.

## Kasus Pemerkosa di Tangerang Libatkan Dua Pelaku Residivis

Kasus pemerkosa di Tangerang diotaki oleh sopir angkot berinsial IS (22).
Diketahui, IS merupakan residivis.

""Kedua pelaku berinisial IS (22) berperan sebagai sopir angkot dan sebagai
otak pencurian, kekerasan dan pemerkosaan ini,"" ujar Zain.

Saat kepolisian mendalami kasus pemerkosa di Tangerang, polisi mengungkapkan
IS punya catatan kriminal. Dari catatan polisi, dia merupakan residivis kasus
pencabulan anak di bawah umur.

Kasus pemerkosa di Tangerang turut melibatkan kernet angkot, yakni GG (24).
Dalam kasus ini, dia melakukan penganiayaan dengan cara menginjak dan memukul
korban. Tak tanggung-tanggung, GG menganiaya korban dengan menggunakan ban
serep. Hal itu dia lakukan di area kepala korban.

""Pelaku kedua berinisial GG (24) sebagai kernet angkot, bertugas sebagai
penganiaya dengan cara menginjak dan memukul korban dengan menggunakan ban
serep terhadap tubuh dan kepala korban. Sama halnya dengan IS, GG juga adalah
residivis kasus pencurian kendaraan bermotor,"" katanya.

## Kasus Pemerkosa di Tangerang, Pelaku Dijerat Pasal Berlapis

Buntut kasus pemerkosa di Tangerang, kedua pelaku dijerat Pasal berlapis atas
kekerasan, pemerkosaan dan percobaan pembunuhan. Adapun Pasal yang dimaksud
yakni Pasal 365, Pasal 285, Pasal 340 dan Pasal 338 juncto KUHP. Kedua pelaku
juga terancam hukuman mati.

""Atas perbuatan para pelaku kita sangkakan dengan pasal berlapis atas
kekerasan, pemerkosaan dan percobaan pembunuhan, baik direncanakan atau tidak
direncanakan, yaitu Pasal 365, 285, Pasal 340, dan Pasal 338 juncto KUHP
dengan ancaman hukuman mati,"" jelasnya.

Dalam kasus pemerkosa di Tangerang, polisi juga menyita sejumlah barang bukti.
Salah satunya yakni angkot yang digunakan pelaku. Saat ini, sambung Zain,
kedua pelaku sudah ditetapkan sebagai tersangka dan ditahan di Polres
Tangerang.

Pelaku kasus pemerkosa di Tangerang dilumpuhkan polisi lantaran melawan. Simak
halaman berikutnya.

Selanjutnya __

Halaman

1  2

 ",www.detik.com
"Ngaku Satpol PP Lagi Razia, 2 Pria di Taput Ini Malah Perkosa Remaja","Senin, 18 Apr 2022 12:23 WIB","\-

Nasib tragis dialami RU (17) warga Tapanuli Utara, Sumatera Utara. Dia diduga
diperkosa dua pria yang mengaku petugas Sapol PP yang lagi razia.

Peristiwa ini terjadi pada Jumat (15/4) yang lalu sekitar pukul 22.00 WIB.
Saat itu korban sedang bersama dengan pacarnya duduk di tanggul Sungai Aek
Sigeaon, Tapanuli Utara.

""Tiba-tiba kedua tersangka mendatangi korban dan mengaku sebagai petugas
Satpol PP, mengancam korban dengan mengatakan 'ngapain kamu di sini malam-
malam. Kami dari Satpol PP, ayo kamu saya bawa sekarang ke kantor Satpol PP',""
kata Kasubbag Humas Polres Taput Aiptu Walpon Barimbing, Senin (18/4/2022).

  

Walpon mengatakan korban dan pacarnya yang ketakutan lalu mengikuti perintah
kedua tersangka. Awalnya salah satu tersangka membawa pacar korban ke kantor
Satpol PP.

Usai mengantarkan, tersangka kembali ke lokasi tanggul untuk menjemput
tersangka lainnya dan korban. Saat itu, korban yang dibawa para tersangka
berbonceng tiga tidak mengarah ke kantor Satpol PP melainkan ke sebuah gubuk.

""Setelah tiba di gubuk, kedua tersangka pun mengancam korban agar tidak
berteriak dan memperkosanya secara bergiliran,"" tutur Walpon.

Walpon mengatakan korban kemudian dibawa kembali ke tempat asal setelah kedua
tersangka melakukan aksi bejatnya. Korban kemudian menceritakan apa yang
dialami ke orang tuanya yang langsung membuat laporan ke polisi.

""Saat ini tersangka JS sudah kita tahan di Polres Taput sedangkan tersangka BL
masih dalam pengejaran kita.,"" ucap Walpon.

""Kedua tersangka ini memang sudah residivis dalam kasus pembunuhan dan
perampokan,"" sambungnya.

  
  
  
[Gambas:Video 20detik]  

 ",www.detik.com
Komisi Hukum DPR Harap Vonis Mati Herry Wirawan Jadi Efek Jera Pedofil,"Selasa, 05 Apr 2022 13:42 WIB","\-

Hakim Pengadilan Tinggi (PT) Bandung menjatuhkan hukuman mati kepada terdakwa
pemerkosa 13 santriwati Herry Wirawan. Wakil Ketua Komisi III DPR RI Pangeran
Khairul Saleh berharap vonis terhadap Herry Wirawan memberi efek jera bagi
pelaku kekerasan seksual.

""Vonis Herry Wirawan ini memberi pesan yang jelas bahwa pelaku kekerasan
seksual harus dihukum berat. Semoga vonis ini bisa menjadi efek jera untuk
mencegah tindakan kekerasan dan pelecehan seksual serta pedofilia,"" kata
Pangeran saat dihubungi, Selasa (5/4/2022).

Pangeran yang juga Ketua DPP PAN ini berharap seluruh pihak dapat mencegah,
mengungkap, serta memberantas praktik kekerasan dan pelecehan seksual.

""Semoga terungkapnya kasus Herry Wirawan ini bisa menjadi momentum untuk
membuka kasus-kasus kekerasan seksual lain yang sampai saat ini mungkin belum
terungkap,"" lanjutnya.

Lebih lanjut, Pangeran mengatakan Komisi III berkomitmen untuk terus mendorong
kepolisian, kejaksaan, hingga pengadilan untuk memberikan hukuman tegas kepada
pelaku kekerasan seksual.

""Jangan lupakan juga pentingnya memenuhi rasa keadilan untuk korban serta
memulihkan trauma fisik maupun psikisnya. Apalagi banyak korban yang ternyata
masih di bawah umur,"" ujarnya.

Pimpinan komisi hukum di parlemen ini juga berharap kontroversi yang ada dalam
RUU TPKS segera diselesaikan agar bisa disahkan menjadi UU.

""Kehadiran UU yang mengatur hukuman, tindakan dan pencegahan kekerasan seksual
mutlak diperlukan. Semoga RUU TPKS bisa segera disahkan dengan pasal-pasal
yang tetap sesuai dengan norma Agama, Budaya dan Kebangsaan kita,"" tutupnya.

 _Simak selengkapnya, di halaman selanjutnya:_

[Gambas:Video 20detik]

 _  
  
_

Selanjutnya __

Halaman

1  2

 ",www.detik.com
Rekonstruksi Eks Kasatpol PP Bunuh Pegawai Dishub Lanjut ke Rumah Korban,"Kamis, 19 Mei  2022 12:23 WIB","\-

Rekonstruksi kasus pembunuhan pegawai Dishub Najamuddin Sewang yang diotaki
Kasatpol PP nonaktif Muhammad Iqbal Asnan di rumah milik Rachma Dishub
Makassar sudah selesai. Lokasi rekonstruksi kali ini dipindahkan ke rumah
korban Najamuddin di Jalan Sultan Alauddin, Makassar.

Pantauan di lokasi, Kamis (19/5/2022) sekitar pukul 13.00 Wita, tersangka
Iqbal Asnan yang dihadirkan saat rekonstruksi terlihat memperagakan adegan
sedang berada di teras rumah Rachma. Iqbal terlihat 3 sampai 4 kali bolak
balik dari teras rumah ke dalam rumah Rachma.

Selanjutnya tersangka Asri dihadirkan ke lokasi. Asri sendiri awalnya
memperagakan adegan datang dan menunggu di depan Rumah Rachma. Selanjutnya
Iqbal Asnan keluar menemui Asri di depan rumah Rachma.

  

Selanjutnya seorang pria bernama Karto yang disebut sebagai saksi juga
dihadirkan dan bertemu Asri dan Iqbal. Kemudian Iqbal dan Asri sama-sama masuk
ke dalam teras rumah Rachma.

Selanjutnya adegan rekonstruksi di rumah Rachma dinyatakan selesai dan akan
dilanjutkan di rumah korban Najamuddin di Residence Alauddin Blok K, Jalan
Sultan Alauddin, Makassar.

![Tampang eks Kasatpol PP Makassar Iqbal Asnan saat rekonstruksi kasus
pembunuhan pegawai Dishub Najamuddin Sewang \(detikSulsel/Muh shak
Agus\)](https://akcdn.detik.net.id/community/media/visual/2022/05/19/tampang-
eks-kasatpol-pp-makassar-iqbal-asnan-saat-rekonstruksi-kasus-pembunuhan-
pegawai-dishub-najamuddin-sewang-detiksulselmu-1_169.jpeg?w=620)Foto: Tampang
eks Kasatpol PP Makassar Iqbal Asnan saat rekonstruksi kasus pembunuhan
pegawai Dishub Najamuddin Sewang (detikSulsel/Muh shak Agus)  
  
---  
  
Meski digelar di rumahnya, Rachma Dishub Makassar tak terlibat adegan
rekonstruksi. Wanita yang menjadi pusaran cinta segitiga korban dan tersangka
Iqbal itu bahkan tak terlihat di lokasi.  
  
Diberitakan sebelumnya, rumah Rachma yang menjadi lokasi rekonstruksi berada
di Perumahan Grand Aroepala Blok H 19, wilayah Kelurahan Tamangapa Raya,
Kecamatan Manggala, Kota Makassar. Rekonstruksi dipimpin Kasat Reskrim
Polrestabes Makassar AKBP Reonald Truly Sohomuntal Simanjuntak.

Sejumlah tetangga Rachma juga hadir menyaksikan proses rekonstruksi kali ini.
Namun mereka diminta jaga jarak agar proses rekonstruksi tidka terganggu.

Sementara Iqbal Asnan selaku pemeran rekonstruksi sebelumnya dengan mengenakan
celana warna biru dan kaus oblong hitam. Iqbal hanya mengenakan masker sebagai
penutup wajah.

  
  
  
[Gambas:Video 20detik]  

 ",www.detik.com
2 Warga Rejang Lebong Diciduk Polisi terkait Kasus Pencurian Mobil,"Minggu, 05 Jun 2022 15:30 WIB","\-

Kepolisian Resort (Polres) Bengkulu Tengah menciduk dua warga Rejang Lembong
karena mencuri satu unit mobil jenis _pick up_. Saat penangkapan terhadap
kedua warga yang diketahui bekerja sebagai petani tersebut, pihak kepolisian
sempat mengeluarkan tembakan peringatan.

Kasat Reskrim Polres Bengkulu Tengah, Donald Sianturi, Minggu (5/6/2022)
menjelaskan bahwa tembakan peringatan dikeluarkan polisi karena salah satu
tersangka berusaha melarikan diri. Takut dengan suara tembakan tersebut, salah
seorang tersangka yang diketahui bernama Kencana (32) akhirnya menyerah.

Selain mengamankan Kencana, pihak kepolisian juga mengamankan tersangka
lainnya yakni Getar Alam (25). Saat ini keduanya mendekam di tahanan Polres
Bengkulu Tengah dan berstatus sebagai tersangka.

  

Donald Sianturi menjelaskan bahwa kasus pencurian mobil tersebut terjadi Kamis
tanggal 16 Desember 2021 lalu, sekira jam 02.00 wib. Korban Herwansyah (45)
warga Desa Taba Terunjam Kecamatan Karang Tinggi Kabupaten Bengkulu Tengah
melaporkan telah terjadi tindak pidana pencurian satu unit kendaraan Mobil
Merk Suzuki jenis Carry ST 130 Futura warna biru No. Pol BD 9116 YZ.

""Pada saat itu korban memarkirkan mobilnya tersebut disamping rumahnya. Sekira
pukul 07.00 wib korban terbangun dan melihat mobilnya tidak ada lagi ditempat
korban melaporkan kejadian tersebut ke Polres Bengkulu Tengah,"" kata Donald
saat dikonfirmasi, Minggu (05/06/2022).

Pihak kepolisian melakukan penyelidikan dan mendapat informasi terhadap
keberadaan roda empat tersebut. Mobil curian itu disimpang di rumah orangtua
tersangka Getar di desa Kasie Kasubun, Kecamatan Padang Ulak Tanding Kabupaten
Rejang Lebong. Rencana mobil tersebut akan dijual.

  
  
  
[Gambas:Video 20detik]  

 ",www.detik.com
"Temui Massa dan Keluarga Pria Ditembak Mati, Kapolres Sumenep Minta Maaf","Kamis, 17 Mar 2022 21:00 WIB","\-

Ratusan orang melakukan aksi demonstrasi di depan Polres Sumenep. Mereka
memprotes penembakan mati Herman yang disebut sebagai begal. Kapolres Sumenep
AKBP Rahman wijaya menemui para pengunjuk rasa dan keluarga Herman lalu
menyatakan permintaan maaf.

""Sebelum ditembak mati saudara Herman ini mampir ke rumah Kades mau pinjam
kontak sepeda motor padahal dia bawa sepeda motor sendiri. Itu artinya dia
sudah tidak waras,"" kata Faisal Koordinator Aksi Demonstrasi itu, Kamis
(17/03/2022).

Pada hari ketika peristiwa itu terjadi, sebelum ditembak mati, Herman
berangkat dari rumahnya di Desa Gadu Timur, Ganding mampir ke rumah Kepala
Desa untuk meminjam kontak sepeda motor padahal dia membawa sepeda motor
sendiri.

Menurut Faisal, Herman sering melakukan itu, meminjam sepeda motor orang lain
lalu meninggalkannya begitu saja di suatu tempat. Begitu juga sebelum ditembak
mati di Jalan Adirasa korban membawa sepeda motor sendiri lalu duduk tanpa
melakukan apa-apa di sepeda motor orang lain meski membawa celurit.

Sebab itulah massa pendemo meminta Polres Sumenep melakukan investigasi dan
segera mengklarifikasi pernyataan bahwa korban adalah begal yang pernah
mengambil uang masjid. Faisal menegaskan, semua itu tidak benar dan sudah
diklarifikasi oleh Haji Jalil yang mengaku sebagai paman korban.

""Polres harus segera meminta maaf dan mengklarifikasi bahwa korban bukan
begal, bukan pencuri uang masjid. Korban adalah orang baik yang sedang
mengalami gangguan mental sejak beberapa hari belakangan karena ada masalah
keluarga,"" ujar Faisal.

Kapolres Sumenep AKBP Rahman Wijaya yang menemui pendemo membenarkan runutan
kejadian yang disampaikan oleh Faisal. Dia pun menyatakan permintaan maafnya
di hadapan massa aksi karena kejadian penembakan itu telah menyebabkan korban
meninggal.

""Pada 13 Maret lalu di Jalan Adirasa terjadi peristiwa yang mengakibatkan
meninggalnya saudara Herman. Kami memohon maaf,"" kata Rahman.

Rahman menambahkan bahwa saat ini kejadian itu telah ditangani Polda Jatim
yang telah membentuk tim penyelidikan dan investigasi.

Dia juga berjanji bila Tim Polda Jatim itu tuntas melakukan penyelidikan dan
investigasi hasilnya akan segera dia sampaikan ke publik. ""Sudah dibentuk tim
khusus dalam rangka melaksanakan investigasi peristiwa maupun tindakan yang
terjadi pada hari Minggu di Jalan Adirasa,"" kata Rahman.

Rahman pun menandatangani beberapa tuntutan yang disampaikan keluarga korban
bersama massa aksi yang meminta kasus itu diusut tuntas. Tertulis juga dalam
surat tuntutan itu 5 oknum polisi yang sedang diperiksa Dit Propam Polda Jatim
agar diproses hukum seadil-adilnya.

Sebelumnya, Herman ditembak mati setelah diduga mencoba membegal seorang
perempuan di Jalan Adirasa, Kalor, Sumenep, Madura pada Minggu (13/3/2022).
Saat itu Herman tidak mengindahkan tembakan peringatan polisi tapi terus maju
mendekati polisi sambil menenteng celurit.

Polisi mengeluarkan beberapa tembakan yang membuat Herman tersungkur lalu
tewas saat perjalanan ke rumah sakit. Setelah peristiwa itu pada Selasa
(15/3/2022) lima anggota Resmob Polres Sumenep yang menembak Herman dipanggil
Bid Propam Polda Jatim untuk menjalani pemeriksaan dan klarifikasi.

  
  
  
[Gambas:Video 20detik]  

 ",www.detik.com
"Perampokan Berpistol di Bank Jaksel, Pelaku Sempat Lepas Tembakan","Selasa, 05 Apr 2022 23:38 WIB","\-

Aksi perampokan bersenjata pistol terjadi di sebuah bank di kawasan Cilandak,
Jakarta Selatan. Pelaku digagalkan petugas satpam bank setelah sebelumnya
melepaskan tembakan.

Kabid Humas Polda Metro Jaya Kombes E Zulpan mengatakan percobaan perampokan
itu terjadi pada Selasa (5/4/2022), sekitar pukul 15.00 WIB. Pelaku tiba-tiba
masuk dan mengeluarkan tembakan.

""Menurut keterangan para saksi, saat pelaku masuk melalui pintu depan yang
langsung mengeluarkan senpi, selanjutnya pelaku menembak ke arah _teller_ yang
mengenai kaca pembatas meja _teller_ ,"" kata Zulpan seperti dalam
keterangannya, Selasa (5/4).

Zulpan mengatakan, saat itu saksi, yang juga petugas keamanan bank, berusaha
mengamankan pelaku. Namun saat itu, kata dia, pelaku sempat menembakkan
senjatanya

Namun akhirnya pelaku dapat digagalkan oleh satpam tersebut. Sepucuk pistol
diamankan dari pelaku.

""Saksi menyadari bahwa pelaku menembak dengan senjata jenis _airsoft gun_ yang
langsung bisa diamankan,"" ujarnya.

Pelaku pun saat itu langsung dibawa ke kantor Polsek Cilandak. Sejumlah barang
bukti juga diamankan, termasuk satu pucuk senjata _airsoft gun_.

 ",www.detik.com
Pemerkosa Anak hingga Hamil di Bekasi Akhirnya Ditangkap Polisi,"Selasa, 19 Apr 2022 12:41 WIB","\-

Polisi akhirnya menangkap pria inisial S (47), pelaku pemerkosaan anak usia 14
tahun hingga hamil di Cibitung, Kabupaten Bekasi, Jawa Barat. S ditangkap di
rumahnya setelah hampir 4 bulan berkeliaran bebas.

""Betul (ditangkap), dua hari yang lalu,"" ujar Kapolres Metro Bekasi Kombes
Gidion Arif kepada , Selasa (19/4/2022).

Gidion mengatakan pelaku akhirnya mengakui perbuatannya. Selain itu, kata
Gidion, polisi kini memiliki alat bukti lain sehingga memiliki dasar yang kuat
untuk menangkap pelaku.

""Kita menemukan kesaksian yang terbuktilah, yang tidak bisa mengelak, kemudian
dia mengaku, setelah ditangkap. Bukan _ngaku_ dulu baru ditangkap,"" ucapnya.

Menurut Gidion, ada alat bukti lain selain dari pengakuan saksi. Namun ia
tidak membeberkan apa alat bukti lain tersebut.

""Tapi penangkapannya berdasarkan alat bukti yang lain loh ya, bukan
berdasarkan pengakuan. Nanti bukan permasalahan pengakuan, karena persoalan
pembuktian,"" ucapnya.

Sebelumnya, pria berinisial S (47) di Cibitung, Kabupaten Bekasi, dilaporkan
memperkosa anak tetangga berusia 14 tahun hingga hamil. Polisi saat itu belum
menangkap pelaku dengan alasan belum memiliki alat bukti yang kuat.

Kapolres Metro Bekasi Kombes Gidion Arif mengatakan pihaknya telah meminta
keterangan kepada terduga pelaku. Namun pelaku saat itu tidak mengakui
sehingga polisi perlu pembuktian ilmiah, yakni dengan melakukan tes DNA.

""Memang si korban menyatakan lewat ibunya itu tersangka. Setelah kita
klarifikasi, kan tidak mengakui, maka kan perlu pembuktian saintifik,"" kata
Gidion saat dihubungi, Sabtu (16/4).

[Gambas:Video 20detik]

 ",www.detik.com
"Rumah Kemalingan di Wonogiri saat Ditinggal Salat Id, Korban Ralat Kerugian","Selasa, 03 Mei  2022 18:53 WIB","\-

Kasus pencurian di rumah warga Desa Baturetno, Kecamatan Baturetno, Kabupaten
Wonogiri, saat ditinggal salat Idul Fitri kemarin masih terus diselidiki.
Setelah dilakukan pendataan ulang, kerugian yang dialami korban berkisar Rp389
juta.

""Informasi yang kami dapat dari pihak berwajib, ada pendataan ulang terhadap
jumlah kerugian yang dialami korban (pencurian)"" kata Camat Baturetno Eko Nur
Haryono, kepada , Selasa (3/5).

Senin (2/5) lalu, Eko Nur Haryono sempat menyebutkan total kerugian korban
ditaksir mencapai Rp 646,5 juta. Adapun rinciannya, uang tunai sekitar Rp200
juta, emas berupa 12 gelang, kalung, cincin, dan anting dengan total berat
sekitar 705,05 gram. Selain itu,maling juga menggasak tiga burung branjangan
dan satu burung murai serta Play Station (PS) 3 senilai Rp3,5 juta.

""Sebagian perhiasan ternyata tidak hilang. Tapi surat-suratnya dijadikan satu.
Kemarin korban melaporkan sesuai jumlah surat-surat perhiasan yang dimiliki.
Korban teringat sebagian perhiasan disimpan di tempat lain dan masih utuh,
sehingga ada ralat kerugian,"" ungkap Eko.

Eko menjelaskan, berdasarkan data terbaru, total kerugian yang dialami korban
akibat pencurian itu sekitar Rp389.799.500. Dengan rincian, uang Rp200 juta,
perhiasan emas berupa gelang, kalung, cincin, liontin, dan anting dengan berat
total 311,45 gram. Selain itu juga ada lima biji emas antam senilai Rp 30
juta, tiga ekor burung branjangan, satu ekor burung murai, dan PS 3 senilai
Rp3,5 juta.

""Mungkin kemarin korban panik. Sekarang setelah korban tenang, dilakukan
pendataan lagi, akhirnya jumlah kerugiannya tidak sebanyak kemarin nilainya,""
kata Eko.

Sesuai dengan petunjuk Bupati Wonogiri Joko Sutopo, Eko mengimbau masyarakat
lebih waspada agar tidak terjadi kejadian serupa.

""Harus saling menjaga lingkungan sekitar, bisa mejaga keamanannya. Terlebih
saat ditinggal pergi,"" kata Eko.

Diberitakan sebelumnya, pelaku pencurian itu diduga beraksi saat korban dan
keluarganya menunaikan salat Idul Fitri di Lapangan Desa Batuwarno. Mereka
berangkat ke lapangan sekitar pukul 06.10 WIB.

Sepulang dari salat id, korban mendapati pintu rumah depannya tidak tertutup
rapat. Adapun pintu kamar tidur depan juga dalam keadaan tercongkel.

""Berdasarkan keterangan korban, pintu gerbang depan rumah korban tidak
digembok ditinggal salat Idul Fitri. Sebab, ayah korban yang sudah lansia
tidur di ruang belakang dan tidak mengetahui kejadian itu,"" kata Eko, Senin
(2/5).

Sementara itu, kemarin, Kapolres Wonogiri AKBP Dydit Dwi Susanto saat dimintai
konfirmasi terkait kasus pencurian itu via WhatsApp belum merespons.

  
  
  
[Gambas:Video 20detik]  

 ",www.detik.com
Polisi Gulung Sindikat Curanmor di Tasikmalaya,"Kamis, 31 Mar 2022 18:23 WIB","\-

Aparat Polsek Indihiang Kota Tasikmalaya berhasil menggulung sindikat
pencurian kendaraan bermotor. Polisi mengamankan 4 orang tersangka dalam kasus
ini.

Tiga orang diantaranya terpaksa dihadiahi timah panas oleh polisi. Kakinya
ditembak karena berusaha kabur. Selain itu diamankan pula 16 unit sepeda motor
berbagai jenis.

Keempat tersangka adalah pria inisial KM alias Kamil dan DS alias Abeng yang
bertindak sebagai pemetik. Sementara dua lainnya adalah inisial RR dan AJ
sebagai joki.

  

Kasus ini terungkap dari aksi keempat pelaku yang mencuri sepeda motor di
sebuah indekos di Kampung Panyingkiran Kecamatan Indihiang Kota Tasikmalaya
pada Sabtu (26/3/2022) dini hari.

Polisi yang menerima laporan korban kemudian melakukan penyelidikan. Rupanya
aksi para pelaku di indekos itu, terekam CCTV. Diketahui para pelaku itu
melakukan aksinya dengan menggunakan mobil Jazz warna putih.

Berbekal petunjuk itu, unit Reskrim Polsek Indihiang dibantu anggota Resmob
Polres Tasikmalaya Kota melakukan penyelidikan. Akhirnya didapat informasi
para pelaku sedang makan malam bersama teman perempuannya di sebuah warung
pecel lele Jalan Ir. Djuanda Kota Tasikmalaya.

Mereka juga masih menggunakan mobil Jazz rentalan yang digunakan saat mencuri
motor.

Polisi melakukan pengintaian, setelah para pencuri itu selesai makan polisi
langsung menyergap. Setelah dilakukan penggeledahan di dalam sebuah tas
selendang ditemukan kunci astag, kemudian seluruh pelaku diamankan ke Mapolsek
Indihiang.

Selanjutnya polisi melakukan interogasi dan pendalaman, sehingga akhirnya
didapatkan barang bukti 16 unit sepeda motor. Sindikat ini diketahui sudah
melakukan pencurian sepeda motor di 36 titik di wilayah Kota Tasikmalaya.

""Kami mengamankan sindikat pencurian sepeda motor. Mereka sudah melakukan
pencurian di 36 TKP,"" kata Kapolres Kota Tasikmalaya AKBP Aszhari Kurniawan,
Kamis (31/3/2022) di Mapolsek Indihiang. Namun demikian sejauh ini polisi baru
mendapatkan 16 unit sepeda motor hasil curian komplotan ini.

Polisi juga mengungkapkan para pelaku ini melakukan pencurian sepeda motor
dengan menggunakan kunci astag. Yang sedikit berbeda adalah mereka menggunakan
kendaraan roda empat saat beraksi. Hal ini untuk menyamarkan perburuan sasaran
pencurian.

""Keempat tersangka kami jerat dengan pasal 363 jo pasal 65 KUHP dengan ancaman
hukuman 7 tahun penjara,"" kata Aszhari.

  
  
  
[Gambas:Video 20detik]  

 ",www.detik.com
Ayah Pemerkosa Anak Kandung hingga Tewas Ngaku Terpengaruh Video Porno!,"Senin, 21 Mar 2022 15:54 WIB","\-

Kematian bocah berusia 8 tahun tahun di Kota Semarang, Jawa Tengah, ternyata
akibat diperkosa ayah kandung. Pelaku yang berusia 41 tahun itu mengaku
kecanduan nonton video porno.

""Terpengaruh video porno. Sudah tiga kali (memperkosa korban). Pertama dua
minggu lalu, seminggu, terakhir pas kejadian. Iya, ada pemaksaan,"" kata pelaku
saat dihadirkan dalam jumpa pers di Mapolrestabes Semarang, Senin (21/3/2022).

Pada hari kejadian, pelaku mengaku kepada mantan istrinya bahwa korban sakit
demam hingga harus dibawa ke rumah sakit. Ia berusaha menutupi perbuatan
bejatnya itu.

""Bilang ke mantan istri, dia (korban) demam,"" lanjut dia.

Diberitakan sebelumnya, polisi mengungkap kematian tragis seorang bocah
perempuan berusia 8 tahun di Kota Semarang. Awalnya polisi menerima laporan
dari ibu kandung korban terkait hasil pemeriksaan medis menyebut kematian
korban tidak wajar.

Di dalam surat keterangan dokter itu, disebutkan ada tanda kekerasan pada
vagina dan dubur korban. Atas laporan itu, polisi membongkar makam korban.
Hingga akhirnya terungkap pelaku pemerkosaan bocah hingga tewas ternyata ayah
kandungnya sendiri.

  
  
  
[Gambas:Video 20detik]  

 ",www.detik.com
"Duit Wakil Ketua DPRD Bone Rp 640 Juta Dicuri Tetangga, Pelaku Foya-foya","Rabu, 25 Mei  2022 21:22 WIB","\-

4 Pria di Kabupaten Bone, Sulawesi Selatan (Sulsel) ditangkap polisi atas
kasus pencurian uang milik Wakil Ketua DPRD Bone Andi Wahyudi Taqwa senilai Rp
640 juta. Empat pelaku yang merupakan tetangga korban terungkap menghabiskan
uang curiannya untuk foya-foya.

""Ada laporan kehilangan uang dari Wakil Ketua DPRD Bone sebanyak Rp 640 juta.
Dia (korban) sendiri yang melapor,"" kata Kapolsek Tanete Riattang Kompol Andi
Iqbal kepada l Rabu (25/5/2022).

Keempat pelaku pencurian masing-masing berinisial RA (16), DR (19), SY (25),
dan MA (17) ditangkap di kediamannya masing-masing pada Selasa (10/5). Keempat
pelaku merupakan tetangga korban di wilayah Tanete Riattang.

  

""Ada diamankan 4 orang. Anak-anak dekat rumahnya, ada yang di bawah umur satu
orang,"" ujar Kompol Andi Iqbal.

Andi menjelaskan pencurian tersebut sebenarnya dialami korban pada Desember
2021 lalu di rumahnya di wilayah Tante Riattang. Korban saat itu langsung
mengetahui keempat orang pelaku namun tak langsung melaporkannya ke polisi.

Menurut Andi, korban sempat meminta rugi kepada para pelaku. Namun dari Rp 640
juta yang dicuri di rumah korban, para pelaku hanya bisa mengembalikan Rp 100
juta.

Setelah dicari tahu oleh korban, sekitar Rp 540 juta uang korban yang dicuri
rupanya digunakan para pelaku untuk berfoya-foya. Sementara uang Rp 100 juta
yang dikembalikan kepada korban merupakan sisa dari Rp 640 juta tersebut.

""Empat orang itu pakai foya-foya uangnya. Dan dia kasih kembali lebih Rp 100
juta ke Pak Wakil,"" kata Kompol Andi.

Andi mengatakan, para pelaku bukan sekadar tetangga dengan korban. Mereka juga
biasa mendatangi rumah korban dan berkumpul di sana.

""Anak-anaknya ji di situ yang sering kumpul-kumpul sama dia (korban Andi
Wahyudi Taqwa),"" tambahnya.

Kini para pelaku telah digelandang ke Mapolsek Tenete Riattang. Selain itu,
polisi juga mengamankan barang bukti 1 unit sepeda motor.

""Ada juga motor diamankan satu,"" jelasnya.

  
  
  
[Gambas:Video 20detik]  

 ",www.detik.com
Identitas Begal yang Tebas Tangan Imran Dikantongi Polisi,"Rabu, 28 Nov 2018 13:34 WIB","\- Begal sadis yang tebas tangan mahasiswa di Makassar, Imran, masih diburu
polisi. Identitas pelaku begal tersebut sudah dikantongi polisi.  
  
Dilansir _Antara_ , Rabu (28/11/2018), Kapolres Makassar Kombes Dwi Ariwibowo
mengatakan pelaku pembegalan sudah diketahui identitasnya oleh anggotanya.
Sekarang sedang dalam pengejaran oleh tim khusus yang di bentuknya.  
  
""Kita sudah bentuk tim untuk mengejar pelaku dan kami sudah menjadikan kasus
ini sebagai perhatian besar,"" kata Dwi.  
  

  
Sedangkan korban, kata Dwi, masih dirawat di Rumah Sakit Awal Bross. Dwi
menambahkan, pihaknya juga sudah mengunjungi Imran dan memberi santunan.  
  
""Ini adalah bentuk kepedulian dan keprihatinan kami terhadap korban begal dan
semoga sedikit santunan ini bisa meringankan beban keluarga,"" ujar Dwi.  
  
Pembegalan tersebut terjadi pada Minggu (25/11), sekitar pukul 23.30 Wita.
Saat itu Imran keluar dari rumah untuk bertemu dengan temannya di Jalan Datuk
Ribandang.  
  
  
Korban, yang menunggu temannya di pinggir jalan, didatangi pelaku yang sedang
membawa senjata tajam dan langsung diserang. Korban Imran sempat berlari
meninggalkan motornya, namun dikejar oleh pelaku yang langsung mengayunkan
parangnya. Korban secara refleks menangkis tebasan itu dan tangan kirinya
terputus karena sabetan tersebut.

 ",www.detik.com
Cerita Korban Begal di Jakbar Tiba-tiba Ditodong Lalu HP Dirampas,"Rabu, 08 Jun 2022 18:29 WIB","\-

Pemuda bernama Juanda (22) beserta temannya ditodong senjata tajam oleh
sekelompok orang di Roa Malaka, Tambora, Jakarta Barat. HP dan dompet korban
raib dibawa para pelaku.

Juanda pada Minggu (22/5/2022), sekitar pukul 03.00 WIB, sedang menutup gerai
ekspedisi, tempat dia bekerja. Saat itu, Juanda tengah bersama tiga orang
temannya.  
  
Kemudian, Juanda meminta satu temannya membeli rokok. Tiba-tiba tiga pelaku
datang menggunakan sepeda motor dan masuk ke gapura.

""Saya duduk sambil _nunggu_ teman saya beli rokok, nggak lama ada yang masuk
pura-pura nanya 'Bang, gerbang itu buka gak?' Tutup bang nggak bisa lewat. Oh
ya _udah_ , _abis_ itu _puter_ balik dia (pelaku) turun _keluarin_ sajam,""
kata Juanda dalam keterangan yang diterima, Rabu (8/6).

Juanda mengatakan pelaku pun meminta dia dan temannya diam. Para pelaku itu
lalu meminta korban untuk menyerahkan semua barang-barang di tangan mereka.

""Barang yang dirampas dua HP sama dompet isi-isinya, mungkin duit juga ada.
Kan korban ada dua saya sama _temen_ saya. _Kalo_ saya HP, _temen_ saya dompet
sama HP,"" katanya.

Juanda mengatakan temannya sempat berusaha melarikan diri. Namun korban
berhasil dikejar oleh pelaku dan langsung ditodong kembali dengan sajam.

""Luka nggak ada paling, teman saya yang kabur jatuh. Kalau saya diam _aja_
nggak bisa _ngelawan_ dia kan pakai sajam. Sajamnya golok sama kaya samurai
_gitu_ ,"" katanya.

Juanda menyebut dia dan temannya tidak mengalami luka-luka.

Sementara itu, Kapolsek Tambora Polres Metro Jakarta Barat Kompol Rosana
Albertina Labobar mengatakan pihaknya telah meminta keterangan sejumlah saksi.
Selain itu, pihaknya telah mengumpulkan bukti CCTV di beberapa titik.

""Saat olah TKP kami mendapatkan beberapa titik CCTV, nanti kami akan
koordinasi kepada pemilik untuk mencari petunjuk mengenai ciri-ciri pelaku,""
katanya.

Saat ini kasus tersebut masih dalam penyelidikan. Dia mengatakan pelaku tengah
dalam pengejaran.

""Saat ini kasusnya masih dalam penyelidikan,"" tuturnya.

Sebelumnya, aksi begal bersenjata tajam di Roa Malaka, Tambora, Jakarta Barat,
viral di media sosial. Seorang pria yang pulang kerja ditodong senjata tajam
hingga dirampas ponselnya oleh pelaku.

Dalam video tersebut, tampak pelaku berjumlah dua orang berboncengan sepeda
motor. Dari narasi yang beredar, pelaku menodongkan senjata tajam kepada
korban.

Peristiwa itu terjadi pada Minggu (22/5) dini hari. Modus pelaku berpura-pura
menanyakan alamat kepada korban.

 ",www.detik.com
5 Fakta Terkini Neneng Umaya yang Tega Bunuh Selingkuhan Suami,"Senin, 16 Mei  2022 21:05 WIB","\-

Kasus pembunuhan Dini Nurdiani (26) masih terus diselidiki. Hingga kini pihak
kepolisian masih menetapkan tersangka tunggal, yaitu Neneng Umaya (24) yang
merupakan istri dari kekasih Dini berinisial ID (27).

Neneng Umaya nekat melakukan pembunuhan tersebut karena didorong rasa cemburu
atas perselingkuhan yang dilakukan Dini dan suami pelaku, ID. Awalnya
perselingkuhan tersebut diketahuinya melalui chat WhatsApp antara suaminya dan
Dini.

Tak terima diselingkuhi, akhirnya Neneng Umaya menjebak Dini melalui nomor
WhatsApp yang dimiliki suami pelaku, ID. Saat itu pelaku mengaku sebagai
keponakan ID mengajak korban untuk buka bersama pada 26 April lalu.

Namun nahas, pada Minggu (1/5) lalu jasad Dini ditemukan tewas di Bekasi, Jawa
Barat. Tak berselang lama pelaku Neneng Umaya ditangkap di Cipayung, Jakarta
Timur, pada Jumat (13/5). Hingga saat ini polisi masih akan menyelidiki kasus
tersebut untuk mengetahui adanya keterkaitan pelaku lainnya meskipun Neneng
mengatakan hanya melakukan pembunuhan tersebut seorang diri.

""Saya sudah berusaha untuk menanyakan kembali apakah ada orang yang membantu?
Memang dia menjawab dengan santai apa adanya. Dia menunjukkan semua cara
proses pembunuhan mulai dari menjemput sampai proses melakukan eksekusi. Dia
menjelaskan tanpa berubah-ubah,"" kata Kapolsek Cengkareng Kompol Ardhie
Demastyo kepada wartawan, Senin (16/5/2022).

Tindakan nekat dari pelaku diketahui didorong rasa cemburu atas perselingkuhan
yang dilakukan Dini dan suami pelaku berinisial ID (27). Namun polisi
memastikan ID tidak mengetahui saat istrinya merencanakan hingga membunuh Dini
Nurdiani.

""Suaminya sendiri tidak mengetahui sampai kemarin pada saat kita jemput di
rumahnya. Kita kerjasama dengan Reskrim Polres Bekasi Kota kita amankan dan
kita langsung olah TKP,"" kata Kapolsek Cengkareng Kompol Ardhie Demastyo
kepada wartawan, Senin (16/5).

Ardhie mengatakan saat olah TKP itu pun pelaku menjelaskan secara gamblang
runutan dalam melakukan pembunuhan kepada Dini. Pelaku Neneng, kata Ardhie,
bahkan telah menyiapkan baju ganti untuk dikenakannya selepas membunuh Dini.

""Dia menunjukkan lokasi saat dia menghabisi korban dan setelah dihabisi dia
juga sudah menyiapkan baju untuk diganti. Jadi tersangka ini sudah menyiapkan
baju karena dia berlumur darah. Jadi dia pakai baju yang disiapkan dari
rumah,"" terang Ardhie.

Sementara ID, selaku suami dari Neneng, tidak mengetahui tiap rencana yang
telah disusun istrinya dalam aksi pembunuhan kepada Dini. Polisi menyebut dari
serangkaian pemeriksaan yang dilakukan kepada Neneng, pelaku tersebut secara
konsisten mengaku melakukan aksinya itu seorang diri.

[Gambas:Video 20detik]

 _Baca selengkapnya di halaman berikut_

Selanjutnya __

Halaman

1  2  3

 ",www.detik.com
"Beraksi Seratusan Kali, Maling Spesialis Rest Area Ditangkap di Demak","Senin, 11 Apr 2022 16:27 WIB","\-

Pria inisial S (35) ditangkap Polres Demak, Jawa Tengah, terkait kasus
pencurian. Diketahui S telah beraksi seratusan kali dengan menyasar mobil yang
parkir di rest area dan pinggir jalan.

""Hari ini Polres Demak merilis kasus pencurian dengan pemberatan. Tersangka
tertangkap beberapa hari kemarin di mana tersangka ini sudah melakukan
kejahatannya sebanyak kurang lebih 100 kali,"" kata Kapolres Demak AKBP Budi
Adhy Buono saat jumpa pers di Mapolres Demak, Senin (11/4/2022).

""Kita ungkap kasus ini selanjutnya untuk barang barang yang diambil adalah
berupa handphone. Di mana dua tersangka ini melakukan operasinya ini di tempat
tempat seperti SPBU, rest area dan di pinggir jalan,"" sambung Budi.

Budi menjelaskan pihaknya menangkap S di rumahnya, Kecamatan Sayung, Demak,
pada 3 April 2022. Penangkapan berawal dari laporan kasus pencurian di pinggir
jalan Pantura Demak, Desa Batu, Kecamatan Sayung, Jumat (1/4) sekitar pukul
05.00 WIB. Pelaku menyasar mobil yang pengendaranya tertidur di dalam mobil.

""Tersangka ini dari tahun 2018 (melakukan pencurian) dan baru tertangkap 2022
tepatnya pada tanggal 3 April 2022. Iya, tersangka kita amankan di rumahnya,""
terang Budi.

Barang bukti yang diamankan polisi di antaranya dua _dusbook_ ponsel, satu
sepeda motor, uang Rp 2,5 juta, dan mata uang Malaysia senilai 4 ringgit.

Budi memaparkan modus pelaku menjalankan aksinya yaitu mencari mobil terparkir
di ruang publik yang pengendaranya tengah tertidur. Kemudian pelaku dengan
mengambil barang korban dengan alibi menagih uang parkir jika ketahuan.

""Jika pemilik kendaraan tidak tidur maka tersangka akan berpura-pura meminta
uang parkir,"" terang Budi.

Budi menambahkan bahwa tersangka melakukan pencurian barang berharga dari
dalam mobil tersebut sudah lintas kabupaten/kota. Yaitu di Semarang, Demak,
Grobogan, Kudus, dan Kendal.

""Ya ini termasuk modus baru yang dilakukan oleh tersangka dan sudah kita
tangkap dan kita amankan. Dan sedang kita kembangkan juga untuk menangkap
tersangka yang satunya,"" ujar Budi.

""Dalam satu minggu bisa melakukan aksi (pencurian) dua sampai tiga kali,""
imbuh Budi.

Sementara S yang dihadirkan saat jumpa pers, mengaku hasil pencurian tersebut
ia gunakan untuk judi online dan karaoke.

""(Buat) Judi online, slot. Kadang menang kadang kalah. Foya-foya, karaoke di
Semarang,"" ujar S.

Atas perbuatannya, S dikenai Pasal 363 KUHP tentang tindak pidana pencurian
dengan pemberatan. Yaitu dengan ancaman penjara maksimal 7 tahun.

  
  
  
[Gambas:Video 20detik]  

 ",www.detik.com
"Dikepung Polisi, Staf Kampus STKIP Bima Pemerkosa Mahasiswi Tak Berkutik","Kamis, 16 Jun 2022 15:12 WIB","\-

Seorang staf kampus STKIP Bima ditangkap polisi terkait kasus pemerkosaan
mahasiswi berinisial PH (21). Pria berinisial FIR (36) itu ditangkap tanpa
perlawanan usai dikepung tim Puma Satreskrim Polres Bima Kota, Nusa Tenggara
Barat (NTB).

""Pelaku ditangkap di rumahnya dengan cara dikepung agar pelaku tak berusaha
kabur. Kini sudah diamankan di Mapolres Bima Kota,"" kata Kasi Humas Polres
Bima Kota, Iptu Jufri dilansir dari Kamis (16/6/2022).

Jufri mengungkapkan, penangkapan terhadap FIR dilakukan berdasarkan laporan
pengaduan dengan Nomor :ADUAN/K/454/VI/2022/NTB/Res Bima Kota, Minggu tanggal
12 Juni 2022. Dari laporan itu polisi mengantongi identitas pelaku dan
melakukan penangkapan di rumahnya yang berada di Kecamatan Raba, Kota Bima,
Rabu (15/6) sore.

Kasus pemerkosaan terhadap mahasiswi itu terjadi pada 1 Januari 2022 lalu, dan
dilaporkan ke polisi pada Senin (13/6). Kala itu korban disebut mengikuti
rapat kegiatan sosial bersama belasan mahasiswa lainnya di rumah pelaku.

""Laporannya tanggal 13 Juni 2022, kejadian 1 Januari 2022, sekitar pukul 18.00
Wita di rumah pelaku. Pada saat laporan, korban tidak didampingi kuasa hukum
akan tetapi akan ditunjuk PH (penasihat hukum) yang mendampinginya,"" terang
Jufri.

Perbuatan bejat itu terjadi ketika teman-teman korban sudah pulang dan rumah
pelaku dalam kondisi sepi. Pelaku memaksa korban dan menariknya masuk kamar.

""Setelah rumah sepi, pelaku menarik paksa korban untuk masuk ke dalam kamar
dan korban memberontak serta berteriak. Tapi pelaku tetap membuka paksa
pakaian korban dan melakukan persetubuhan terhadap korban,"" jelas Jufri.  
  
Kepada polisi, pelaku berinisial FIR itu pun mengakui perbuatan bejatnya. ""Dan
pelaku mengakui perbuatannya,"" jelas Jufri.

Saat ini, pelaku telah ditahan di Mapolres Bima Kota. FIR kini menjalani
pemeriksaan secara intensif oleh penyidik unit Perlindungan Perempuan dan Anak
(PPA).

""Pelaku belum ditetapkan sebagai tersangka,"" ujarnya.

  
  
  
[Gambas:Video 20detik]  

 ",www.detik.com
"Identitas Mayat Pria dalam Karung di Tangerang Diketahui, Pelaku Diburu","Rabu, 01 Jun 2022 10:34 WIB","\-

Polisi tengah menyelidiki kasus penemuan mayat pria dalam karung yang
ditemukan di danau bekas galian pasir di Legok, Kabupaten Tangerang. Identitas
korban pun telah diketahui pihak kepolisian.

""Sudah kita temukan identitas korban,"" kata Kasat Reskrim Polres Tangerang
Selatan AKP Aldo Primananda Putra saat dihubungi, Rabu (1/6/2022).

Aldo mengatakan korban berinisial S. Jasad korban ditemukan pada Selasa (31/5)
berada di dalam sebuah karung dengan kondisi bugil.

""Korban inisial S warga Kelurahan Bojong Nangka, Kecamatan Kelapa Dua,
Kabupaten Tangerang,"" katanya.

Aldo mengatakan proses penyelidikan kasus ini masih berlanjut. Polres
Tangerang Selatan dibantu penyidik Polda Metro Jaya tengah menyelidiki terduga
pelaku pembunuhan kepada korban.

""Mohon doanya. Kita bersama tim gabungan Polda sedang melakukan pengejaran
terhadap tersangka,"" jelas Aldo.

### Diduga Korban Pembunuhan

Mayat pria bugil di dalam karung menggegerkan warga Legok, Tangerang. Korban
diketahui berusia.

""Jenis kelamin laki-laki usia lebih kurang 30-an tahun ke atas, berkumis,""
ucap Aldo kepada wartawan, Selasa (31/5).

Polisi menduga mayat pria dalam karung ini adalah korban pembunuhan. Polisi
menemukan jasad korban terikat dengan pemberat.

""Ada dugaan mengarah ke sana (pembunuhan). Korban di dalam karung dalam
keadaan terikat dengan pemberat pada tangan dan kakinya,"" ucap Aldo.

Sementara itu, Kapolres Tangsel AKBP Sarly Sollu mengungkapkan mayat dalam
karung ini ditemukan tanpa busana.

""Benar telah ditemukan sesosok mayat berjenis kelamin laki laki tanpa busana,""
ujar Sarly.

Sarly mengungkapkan korban ditemukan dalam kondisi kepala tertutup plastik dan
mulutnya dilakban.

""Mayat terbungkus di dalam karung kepalanya dibungkus kantong plastik warna
hitam dan mulutnya dilakban bening,"" katanya.

[Gambas:Video 20detik]

  
  

 ",www.detik.com
Beredar Info Begal Beraksi Sasar Mobil Mogok Sekeluarga di Klaten,"Sabtu, 30 Apr 2022 05:40 WIB","\-

Warga Klaten Dwi Cahyo (25) mengaku menjadi korban begal. Dalam informasi
tersebut disebutkan saat mobil Dwi Cahyo mogok, dua pria datang hendak
membantu tetapi justru kabur menggondol ponsel.

""Kejadiannya sekitar pukul 22.10 WIB. Lokasinya di timur alun-alun Klaten
(Klaten Tengah), belakang pusat pertokoan,"" ungkap Dwi Cahyo pada detikJateng
usai kejadian, Sabtu (30/4/2022) .

Dwi bercerita semula dia dan keluarganya dalam perjalanan usai berbuka bersama
di Klaten kota. Saat dalam perjalanan pulang, mobilnya mogok.

""Habis buka bersama dengan keponakan-keponakan, terus family time bermain
wahana di alun-alun. Saat pulang mobil mogok,"" jelas Dwi.

Saat dirinya mengecek mobil, lanjut Dwi, datang dua pria berboncengan motor
matik. Seorang pelaku lalu mengatakan dia butuh senter untuk membongkar mesin.

""Modus menolong saat mobil mogok. Pelaku butuh senter dari HP adik. Lalu
dengan polos dan lengah HP dibawa pelaku sampai kabur,"" terang Dwi.

Dwi mengaku tidak begitu ingat ciri pelakunya. Hanya saja sepeda motornya
jenis matik warna hitam.

""Tadi sudah ada anggota kepolisian datang ke lokasi, semua data sudah saya
utarakan,"" imbuh Dwi.

Kejadian itu juga viral setelah diunggah di grup info Cegatan Klaten (ICK)
sejam setelah kejadian. Postingan tersebut ditanggapi 632 kali dengan 142
komentar.

 _""Selamat malam sedulur Klaten... Izin Berbagi Info, Baru saja aku sekeluarga
dibegal di Timur Alun² klaten, tepatnya belakang Sami Laris...Kronologi Mobil
tiba² mogok, kemungkinan Kehabisan Bensin, ada 2 oknum atau Pelaku nyamperin
dengan modus nolongin ( sampai Mbongkar rotak mobil ) hp adek ku di mintai
tolong buat nyenterin, tak lama kemudian satu teman yg lain nyamperin ngajak
Pergi dan lengahnya hp di pegang sm Pelaku dan dibawa Pergi..._  
 _Nek njenengan mas mas e sing gwo hp ne adikku ono nang Grup iki, Sing ngati²
mas, dongaku muga² ndang di sadarke atas tumindakmu... opo maneh nang Sasi
Ramadhan... Nyuwun pangapunten nek bahasane belepotan Lur... Tetap hati²
dimanapun beradaaa sedoyo mawon""_ tulis Dwi Cahyo dikutip detikJateng.

Kasat Reskrim Polres Klaten AKP Guruh Bagus Eddy Suryana mengatakan sudah
mendapatkan informasi kejadian tersebut. Informasi akan dicek secepatnya.

""Kita cek dulu informasi itu,"" ungkap Guruh pada.

  
  
  
[Gambas:Video 20detik]  

 ",www.detik.com
Terbongkar! Perampokan Guru SD Rp 150 Juta di Mojokerto Ternyata Palsu,"Selasa, 22 Feb 2022 18:01 WIB","\-

Kebohongan Sri Wahyuliati Ningsih (42) menjadi korban perampokan Rp 150 juta,
akhirnya terbongkar. Guru salah satu SDN di Kecamatan Ngoro, Mojokerto ini
membuat laporan palsu karena uang deposito titipan orang tuanya telah ia
habiskan.

Kasat Reskrim Polres Mojokerto AKP Tiksnarto Andaru Rahutomo mengatakan Sri
mendapat titipan uang Rp 150 juta dari orang tuanya sekitar 3 tahun lalu. Uang
tersebut merupakan pesangon ayahnya yang merupakan pensiunan satpam sebuah
BUMN di Sidoarjo.

Saat itu, Sri diminta orang tuanya untuk mendepositokan uang tersebut ke bank.
Sehingga bunga depositonya bisa dinikmati setiap bulan.

Namun, tanpa sepengetahuan orang tua dan suaminya, guru SD berstatus PNS ini
justru menghabiskan uang itu untuk kebutuhan pribadinya. Sehingga ia
kelimpungan saat orang tuanya menanyakan keberadaan uang Rp 150 juta tersebut
beberapa waktu lalu.

""Yang bersangkutan (Sri) mengarang cerita telah dirampok karena ditanya orang
tuanya masalah uang Rp 150 juta yang pernah diberikan kepada dirinya apakah
masih tersimpan. Dia malu dengan orang tuanya karena uang tersebut telah dia
habiskan untuk kepentingan pribadinya,"" kata Andaru kepada wartawan, Selasa
(22/2/2022).

Beruntung, Sri mendapatkan maaf dari kedua orang tuanya. Sehingga guru asal
Desa Jiken, Kecamatan Tulangan, Sidoarjo itu tidak diproses hukum.

""Kasus ini kami anggap sebagai sebuah pembelajaran berharga bagi yang
bersangkutan. Terlebih lagi uang itu milik orang tuanya sendiri dan orang
tuanya sudah memaafkan perbuatannya,"" terang Andaru.

Sri pun mengakui perbuatannya. Ia meminta maaf kepada Polsek Ngoro dan Polres
Mojokerto karena telah membuat laporan perampokan palsu. Perempuan berjilbab
ini juga meminta maaf kepada kedua orang tuanya.

""Saya telah melaporkan ke Polsek Ngoro kejadian perampasan uang Rp 150 juta.
Padahal, kejadian itu tidak ada. Jadi, laporan saya di polsek itu palsu, tidak
benar,"" tandasnya.

Sebelumnya, Sri melapor ke Polsek Ngoro, Mojokerto pada Senin (21/2) sekitar
pukul 13.00 WIB. Guru SD ini mengaku dirampok 4 orang di Jalan Raya Desa
Tanjangrono, Ngoro, Mojokerto, tepatnya di Jembatan Tanjangrono pada hari yang
sama sekitar pukul 11.45 WIB.

Menurut pengakuannya, pelaku mengendarai sepeda motor Honda Vario dan Yamaha
RX King warna hitam. Sementara Sri seorang diri mengendarai sepeda motor Honda
BeAT nopol W 4351 NCE. Saat itu, ia dalam perjalanan pulang setelah mengajar
di salah satu SDN di Kecamatan Ngoro.

Komplotan perampok kabur setelah merampas tas miliknya yang berisi uang Rp 150
juta. Sri mengaku baru mencairkan uang tersebut dari Bank Jatim Cabang
Pembantu Mojosari sekitar pukul 10.00-11.15 WIB.

Tim dari Satreskrim Polres Mojokerto yang diterjunkan menyelidiki kasus ini
menemukan sejumlah kejanggalan. Hasil pengecekan ke Bank Jatim Cabang Pembantu
Mojosari, Sri hari itu tidak pernah mencairkan uang Rp 150 juta. Saldo di
rekeningnya hanya sekitar Rp 3 juta.

Berbekal fakta tersebut, polisi kembali menggali keterangan dari Sri. Cerita
guru SD ini pun berubah. Ia mengaku hanya kehilangan tas berisi uang Rp
500.000, kartu ATM dan SIM saat pulang mengajar. Sejurus kemudian ia mendadak
pingsan.

Sehingga Sri dilarikan ke RS Dharma Husada, Ngoro. Ternyata dia hanya berpura-
pura sakit untuk mengelabuhi polisi. Karena dokter yang memeriksanya
menyatakan kondisinya normal. Ia akhirnya tidak bisa berdalih lagi saat
diinterogasi polisi sehingga mengakui kebohongannya.

  
  
  
[Gambas:Video 20detik]  

 ",www.detik.com
"Polisi: Perampok Bank di Jaksel Kepala HRD, Bukan Staf Biasa","Sabtu, 09 Apr 2022 11:10 WIB","\-

Polisi terus menyelidiki kasus perampokan Bank BJB Cabang Fatmawati, Cilandak,
Jakarta Selatan, yang dilakukan oleh pria inisial BS (43). Hasil pemeriksaan
sejauh ini diketahui BS merupakan kepala HRD sebuah bank swasta.

""Dia kepala HRD, pejabat tinggi di HRD,"" kata Kasat Reskrim Polres Metro
Jakarta Selatan AKBP Ridwan Soplanit saat dihubungi, Sabtu (9/4/2022).

Sebelumnya, polisi menyebut BS sebagai staf bank dengan penghasilan Rp 60 juta
tiap bulannya. Polisi menegaskan jabatan dari BS bukan pegawai biasa.

""Bukan staf biasa. Orang pejabat tinggi di HRD dan kelas banknya bank swasta,""
jelas Ridwan.

###

### Polisi Bakal Periksa Pihak Bank Tempat BS Bekerja

Ridwan enggan menyebutkan identitas bank tempat BS bekerja. Namun dia menyebut
pihak bank tempat BS bekerja akan turut dimintai keterangan oleh polisi dalam
waktu dekat.

""Oh iya, pasti kita akan konfirmasi (pihak bank). Kalau kita tidak konfirmasi,
yang rugi yang dipakai namanya. Pasti ke sana. Saksi-saksi bakal bertambah,""
ujar Ridwan.

Polisi diketahui telah melakukan penggeledahan ke rumah BS yang berada di
daerah Tangerang Selatan. Penggeledahan itu dilakukan pada Jumat (8/4) siang.

Sejauh ini polisi tidak menemukan adanya hal-hal mencurigakan yang
disembunyikan BS di rumahnya. Barang-barang BS di lokasi tersebut pun tidak
ada yang disita.

Namun Ridwan mengatakan proses penyelidikan kasus ini belum selesai. Pihaknya
masih mendalami dugaan adanya pihak-pihak lain yang terlibat dalam kasus
tersebut.

""Penyelidikan masih lanjut (untuk mengungkap) apakah ada sindikat lain, apakah
ada motif lain,"" katanya.

Polisi diketahui menangkap pria inisial BS (43) yang melakukan percobaan
perampokan di Bank BJB Cilandak, Jakarta Selatan. Polisi sebelumnya mengatakan
BS adalah pegawai di sebuah bank swasta dengan gaji fantastis.

""Jadi yang bersangkutan sebenarnya dari latar belakangnya, yang bersangkutan
adalah pegawai di salah satu bank swasta,"" kata Kapolres Metro Jakarta Selatan
Kombes Budhi Herdi dalam jumpa pers di Polres Metro Jakarta Selatan, Rabu
(6/4).

BS memiliki posisi cukup bagus di bank swasta kala itu. Bahkan dia memiliki
gaji yang fantastis sebagai seorang staf.

""Posisinya cukup bagus sebenarnya, staf HRD. Dan kalau dilihat dari
penghasilan atau gajinya, itu sudah cukup besar. Kalau tidak salah Rp 60 juta
per bulan,"" tutur Budhi.

BS ditangkap setelah melakukan percobaan perampokan di BJB Cilandak, Jakarta
Selatan, pada Selasa (5/4). BS sempat melepaskan tembakan ke arah _teller_ ,
tetapi beruntung tidak ada korban jiwa.

[Gambas:Video 20detik]

  
  

 ",www.detik.com
4 Fakta Pembunuhan Sadis Pria Gegara Pacar Diganggu Mantan,"Sabtu, 04 Jun 2022 08:03 WIB","\-

Mayat pria yang ditemukan di dekat gerbang tol (GT) Karang Tengah, Cipondoh,
Tangerang, akhirnya terungkap. Korban, Bayu Samudra (19), ternyata dibunuh
oleh pasangan kekasih.

Jasad Bayu Samudra ditemukan warga di semak-semak di Jl Puri 11, Kelurahan
Parung, Kecamatan Karang Tengah, Kota Tangerang, tepatnya di dekat pintu tol.
Jasad Bayu ditemukan pada Rabu (1/6) pagi.

Kurang dari 24 jam, kedua pelaku, yakni Fachrul Ramadhan alias Fachrul (21)
dan Dea Febriani alias Dea (18), ditangkap polisi. Sejoli ini ditetapkan
sebagai tersangka atas pembunuhan berencana tersebut.

""Tersangka FR perannya sebagai eksekutor dan juga pengatur strategi dari
tindak pidana ini. Kemudian yang kedua, DF perannya adalah sebagai pembantu
eksekutor,"" ujar Kabid Humas Polda Metro Jaya Kombes Zulpan kepada wartawan di
Polda Metro Jaya, Jakarta, Jumat (3/6/2022).

Berikut fakta-fakta pembunuhan sadis Bayu Samudra oleh sejoli Fachrul dan Dea
yang rangkum sebagai berikut.

##  
Mantan Pacar Korban Terlibat Pembunuhan

  
Pembunuhan sadis ini direncanakan oleh tersangka Fachrul. Sementara tersangka
Dea, yang juga mantan pacar korban, ikut membantu pembunuhan itu.

""Ini (korban) merupakan mantan pacar tersangka DF yang wanita ini,"" ujar
Zulpan.

Dea berperan membantu kekasihnya, Fachrul. Dea juga memancing korban untuk
bertemu dan datang ke tempat kejadian perkara (TKP) yang telah ditentukan
tersangka Fachrul.

""Peran DR, walaupun tidak mengeksekusi langsung, tapi dia turut merencanakan
dan menyediakan alat untuk membunuh korban,"" imbuhnya.

 _Baca di halaman selanjutnya: motif pembunuhan gegara pacar diajak
berhubungan badan oleh korban._

[Gambas:Video 20detik]

  
  
  

Selanjutnya __

Halaman

1  2  3

 ",www.detik.com
"Ngaku Polisi, Perampok di Rohil Gasak Uang Petani Sawit","Sabtu, 14 Mei  2022 18:27 WIB","\-

Petani sawit di Rokan Hilir (Rohil) bernama Ibrahim menjadi korban perampokan
oleh kelompotan yang berjumlah lima orang. Saat beraksi perampok tersebut
mengaku sebagai polisi dan mengancam menembak korban.

Kasatreskrim Polres Rokan Hilir, AKP Eru Alsepa mengatakan insiden perampokan
terjadi, Senin (9/5) lalu. Saat itu pelapor, Ibrahim bersama temannya
mengantarkan buah sawit ke penampungan.

""Setelah pelapor mengantarkan buah sawit, dia mengambil uang Rp 13 juta.
Kemudian mereka pulang,"" kata Eru kepada (14/5/2022).

  

Setiba di Jalan Annas Ma'amun simpang SPA keduanya dicegat orang tak dikenal.
Mereka mengendarai mobil warna hitam dan langsung memaksa keduanya keluar dari
mobil.

Sempat menolak, kedua korban akhirnya turun setelah ada salah pelaku mengaku
anggota polisi. Sayang, begitu turun dari mobil keduanya langsung ditodong
pakai pisau.

""Salah satu pelaku bilang 'kami polisi, turun kalian'. Setelah keluar keduanya
langsung didatangi dua orang tak kenal dan dua orang itu menodongkan sebilah
pisau ke arah perut sambil bilang 'Diam!, melawan ku tembak kepala kau',"" kata
Eru menirukan ucapan pelaku.

Dalam waktu singkat, tangan, mata, dan mulut kedua korban diikat dengan
lakban. Pelaku langsung mengambil uang hasil penjualan buah kelapa sawit Rp 13
juta. Termasuk mengambil paksa emas dan mobil truk korban.

Atas kejadian tersebut, korban mengalami kerugian total uang, emas dan mobil
Rp 150 jutaan. Korban kemudian melapor ke Polres Rokan Hilir.

""Atas laporan itu kita bentuk tim gabungan dan berkoordinasi dengan Subdit
Jatanras Polda Riau. Kamis (12/5) kemarin tim kita menemukan mobil yang hilang
di galian C Padang Bolak, Padang Lawas Utara,"" kata Eru.

Tim langsung bergerak cepat menangkap pelaku Muharam (MH), Tongku Saibun (TS)
dan MN di daerah Padang Lawas Utara. Mobil truk rencana akan dijual Rp 65
juta.

Tidak sampai MH, TS dan MN. Polisi juga mengendus keberadaan 2 pelaku lainnya,
Abdianto (AB) dan Jhon Erwin (JE). Keduanya ditangkap di daerah Riau saat
dalam persembunyian.

""Sampai dini hari tadi tim gabungan telah menangkap pelaku AB dan JE. Ini
artinya seluruh pelaku sudah diamankan berikut barang bukti milik korban dan
mobil yang dipakai saat beraksi,"" katanya.

Adapun pelaku yang mengaku anggota polisi adalah MN. MN tak berkutik saat
dibekuk bersama teman-temannya yang juga residivis kasus serupa.

  
  
  
[Gambas:Video 20detik]  

 ",www.detik.com
"Melawan Saat Ditangkap, Pencuri Motor di Bengkulu Ditembak Polisi","Minggu, 27 Feb 2022 17:09 WIB","\-

Sopian (22) dan Sony (19) dilumpuhkan polisi karena melawan saat hendak
ditangkap. Keduanya merupakan pelaku pencurian kendaraan bermotor (curanmor)
di Bengkulu.

""Pelaku terpaksa kami lumpuhkan karena mencoba melukai petugas saat akan
ditangkap,"" ucap Kasat Reskrim Polres Kepahiang Iptu Juniansyah saat dimintai
konfirmasi, Minggu (27/2/2022).

Penangkapan terhadap Sopian dan Sony ini bermula dari adanya laporan warga
yang kehilangan sepeda motor yang diparkir di teras rumahnya di Desa Tebat,
Kepahiang. Usut punya usut, motor Honda Beat itu dicuri Sopian dan Sony.

""Dari laporan korban itulah kami melakukan penyelidikan dan menemukan kedua
tersangka,"" kata Juniansyah.

Saat hendak ditangkap, lanjut Juniansyah, Sopian dan Sony melawan dengan
menggunakan pisau. Akhirnya keduanya dilumpuhkan polisi.

""Selanjutnya pelaku dan barang bukti dibawa dan diamankan ke Polres Kepahiang
guna penyidikan lebih lanjut,"" ucapnya.

Barang bukti yang diamankan berupa motor Honda Beat tanpa pelat nomor polisi,
sebilah pisau 20 cm dengan sarung warna cokelat, sebilah pisau dapur, dan
sebatang besi berujung runcing. Besi itu diduga merupakan alat yang digunakan
para pelaku untuk membongkar kunci motor yang hendak dicuri.

 ",www.detik.com
"Dilaporkan Perkosa Pemandu Lagu, Oknum Satpol PP Surabaya Dipecat","Selasa, 29 Mar 2022 20:40 WIB","\-

Seorang pemandu lagu di Surabaya mengaku diperkosa oknum Satpol PP. Terduga
pelaku merupakan anggota Satpol PP Kecamatan Semampir dan sudah dipecat.

Itu seperti yang disampaikan Kasatpol PP Kota Surabaya Eddy Christijanto. Ia
membenarkan, terduga pelaku merupakan anggotanya.

""Informasinya, (KTI) sudah diberhentikan,"" kata Eddy, Selasa (29/3/2022).

Sebelumnya diberitakan, Mawar (bukan nama sebenarnya) merupakan wanita pemandu
karaoke di kawasan Rungkut. Ia melapor ke Polrestabes Surabaya pada Minggu
(27/3/2022).

Dalam keterangannya, Mawar mengaku menjadi korban pemerkosaan yang dilakukan
oknum Satpol PP Kota Surabaya. Laporan tersebut bernomor
LP/B/439/III/2022/SPKT/Polrestabes.SBY.

Perihal laporan Mawar dibenarkan Kasat Reskrim Polrestabes Surabaya AKBP
Mirzal Maulana. Terkait laporan tersebut, Mawar sudah menjalani visum di RSUD
dr Soewandhie.

""Iya (laporan sudah diterima),"" kata Mirzal saat dikonfirmasi detikJatim,
Selasa (29/3/2022).

  
  
  
[Gambas:Video 20detik]  

 ",www.detik.com
"1 Keluarga di Ogan Ilir Diduga Jadi Korban Begal, Suami Tewas","Minggu, 17 Apr 2022 13:44 WIB","\-

Pasangan suami istri (pasutri) di Ogan Ilir, Sumatera Selatan, RG(34) dan WD
(27), dan anaknya diduga menjadi korban begal. RG dikabarkan tewas dalam
kejadian tersebut, sedangkan istrinya sekarat dengan luka berat senjata tajam
dan anaknya selamat usai kabur ke rawa.

Informasi dihimpun, peristiwa aksi begal sadis itu terjadi pada Sabtu
(16/4/2022) kemarin sekitar pukul 19.30 WIB di kawasan Jalan Lintas Sumatera,
Desa Sungai Rambutan, Indralaya, Ogan Ilir. Korban disebut berangkat dari Desa
Tapus, Lembak, Muara Enim hendak ke Palembang.

Kedua korban dan anaknya saat kejadian disebut tengah berboncengan mengendarai
sepeda motor. Namun, setibanya di lokasi kejadian korban dihentikan oleh
ketiga orang terduga begal yang memepet korban pakai mobil.

  

RG yang berusaha melawan kemudian dibacok di beberapa bagian tubuhnya hingga
meninggal dunia di lokasi kejadian dengan luka bacok di kening, leher, dan
punggung. Sedangkan istrinya, saat ini dalam kondisi sekarat di rumah sakit,
dengan luka bacok di kepala dan tangan. Anak korban selamat usai berlari
sembunyi di rawa-rawa sekitar lokasi kejadian.

Sementara itu, Polres Ogan Ilir saat dikonfirmasi tidak membantah adanya
peristiwa berdarah tersebut. Kabar korban yang dipepet mobil dan langsung
dianiaya secara sadis tersebut memang benar adanya.

""Iya kejadiannya benar. Korban ini dipepet avanza hitam dan langsung dianiaya.
Satu korban meninggal dunia, istrinya luka berat dan langsung diberikan
tindakan medis. Untuk informasi jelasnya nanti akan kita rilis,"" kata Kapolres
Ogan Ilir AKBP Yusantiyo Sandy ketika dimintai konfirmasi detikSumut, Minggu
(17/4/2022).

  
  
  
[Gambas:Video 20detik]  

 ",www.detik.com
"Wanita di Tangerang Dirampok-Diperkosa 2 Pria, Lalu Dibuang ke Sungai","Selasa, 25 Jan 2022 21:39 WIB","\-

Seorang perempuan berinisial SP (24) diperkosa dan dirampok hingga pingsan di
Balaraja, Kabupaten Tangerang. Dalam kondisi tidak sadarkan diri, korban
dibuang ke Sungai Ciujung oleh dua pelaku.

Kapolres Metro Tangerang Komes Zain Dwi Nugroho menjelaskan peristiwa itu
terjadi pada Kamis (20/1/2022), sekitar pukul 00.30 WIB. Pelaku berjumlah dua
orang berhasil ditangkap polisi.

""Korban pada saat itu akan menjenguk orang tuanya di daerah Balaraja, sehingga
korban berangkat dari kontrakannya naik mobil angkutan umum (angkot) jurusan
Serang-Balaraja,"" jelas Zain Dwi kepada wartawan di Polres Metro Tangerang,
Selasa (25/1).

Saat itu, di dalam angkot tersebut hanya ada korban bersama sopir dan seorang
kernet. Di tengah perjalanan, kedua pelaku mampir ke pom bensin untuk mengisi
bahan bakar minyak (BBM).

""Setelah mengisi BBM di salah satu SPBU, tiba-tiba kernet menutup pintu
angkutan tersebut,"" katanya.

Sontak hal ini membuat korban ketakutan. Tanpa _ba-bi-bu_ , pelaku kemudian
memukul korban dengan benda tumpul.

""Lalu korban tidak lama pingsan di tempat. Setelah itu, dalam kondisi pingsan,
korban oleh pelaku yang bertugas sebagai sopir, (korban) diperkosa dengan cara
berulang kali,"" jelasnya.

 _Simak kisah lengkapnya di halaman selanjutnya._

Selanjutnya __

Halaman

1  2

 ",www.detik.com
"Wanita di Serang Dirampok Usai dari Bank, Uang Ratusan Juta Raib ","Selasa, 22 Feb 2022 18:52 WIB","\-

Seorang wanita asal Kabupaten Serang, Banten, menjadi korban perampokan dengan
modus gembos ban. Saat ini polisi masih melakukan penyelidikan untuk mencari
pelaku.

Perampokan terjadi pada Senin (21/2) saat tengah hari di Kecamatan Kopo,
Kabupaten Serang. Saat itu korban selesai mengambil uang yang jumlahnya
diperkirakan ratusan juta rupiah di salah satu bank di kawasan industri
Cikande.

Para pelaku diduga sudah mengintai sejak korban berada di bank dan sudah
menggembosi ban mobil korban dengan paku. Begitu sampai di Jalan Cikande-Kopo,
korban berhenti karena ban mobil yang sudah gembos.

Saat korban turun untuk memeriksa mobil, para pelaku melancarkan aksinya dan
mengambil uang korban yang disimpan di jok mobil. Para pelaku langsung
melarikan diri menggunakan kendaraan roda empat.

Kapolsek Kopo Iptu Satibi saat dimintai konfirmasi membenarkan kejadian
tersebut. Perampokan terjadi tepatnya di Jalan Cikande-Kopi di Kampung Bojong
pukul 11.30 WIB.

""Itu betul kejadiannya, cuma masih dalam proses, mohon maaf masih dalam proses
penyidikan,"""" kata Satibi saat dimintai konfirmasi , Selasa (22/2/2022).

Saat ini, polisi masih mengejar terduga pelaku. Polsek sudah menginformasikan
dan berkoordinasi terkait kejadian ini dengan Polres Serang.

""Masih proses, nanti kalau sudah, kami informasikan,"" ujarnya.

[Gambas:Video 20detik]

  
  

 ",www.detik.com
"Ngaku Dibegal, Ternyata Hanya Rekayasa Gegara Terlilit Utang Rp 160 Juta","Selasa, 18 Jan 2022 21:42 WIB","\- Kasus pembegalan di Kecamatan Balongbendo yang menimpa Alex Yulihantoro
(34), pada Minggu (16/1/2022) malam ternyata hanyalah rekayasa Alek. Alex
merekayasan itu karena dia terlilit utang.

Kapolresta Sidoarjo Kombespol Kusumo Wahyu Bintoro, mengatakan, korban
terpaksa mengarang cerita tersebut karena terlilit hutang dan dikejar
rentenir.

""Awalnya kita percaya bahwa korban merupakan korban begal. Namun setelah
menemui beberapa kejanggalan serta pengakuan korban sendiri, ternyata kasus
tersebut merupakan rekayasa korban sendiri,"" kata Kusumo di Mapolresta
Sidoarjo, Selasa (18/1/2022).

Kusumo mengatakn meski begitu, Alex tidak ditahan karena beberapa
pertimbangan. Ia sudah meminta maaf dan menyesali perbuatannya.

""Dalam kasus ini, yang bersangkutan tidak ditahan karena tidak ada pihak yang
dirugikan,"" jelas Kusumo.

Sementata itu saat ditemui di Mapolresta Sidoarjo, Alex mengatakan, dirinya
terpaksa mengarang cerita tersebut karena terlilit utang rentenir sebesar Rp
160 juta.

""Saya bingung jatuh tempo telah tiba namun saya tidak mempunyai uang. Mereka
mengejar saya,"" ucap pria pedagang es buah ini.

Ia menambahkan, ia juga takut kepada istri karena motornya telah digadaikan.
""Uang pinjaman tersebut juga saya pakai untuk judi. Maka itu saya bingung dan
terpaksa mengarang cerita itu,"" kata dia.

Alex mengaku dibegal di Desa Gagang Kepuhsari, Kecamatan Balongbendo . Motor
dan uang miliknya diaku dirampas kawanan begal. Ia mengaku diancam celurit dan
dipukul di bagian tengkuk kepala sehingga pingsan . Warga kemudian
mengevakuasi Alex ke Rumah Sakit Anwar Medika.

""Sebenarnya saya tidak pingsan. Setengah sadar,"" tandas Alex.

 ",www.detik.com
"SMAN 25 Bandung Dibobol Maling, 40 Laptop Raib","Selasa, 17 Mei  2022 12:25 WIB","\-

Puluhan laptop di SMAN 25 Bandung hilang digondol maling. Polisi turun tangan
menyelidiki aksi pencurian tersebut.

Aksi pencurian itu terjadi di sekolah SMAN 25 Bandung yang terletak di Jalan
Baturaden, Kecamatan Rancasari, Kota Bandung. Kejadian itu terjadi pada Senin
(16/5) malam.

""Iya betul memang ada kejadian itu. Baru dilaporkan tadi pagi,"" ucap Kapolsek
Rancasari Kompol Wendy Boyoh kepada , Selasa (17/5/2022).

  

Wendy menuturkan saat ini unit Reskrim Polsek Rancasari sudah dikerahkan untuk
menyelidiki pencurian itu. Tim sudah bergerak mengusut kasus tersebut.

""Ya sedang kita selidiki sekarang,"" kata dia.

Menurut Wendy, berdasarkan laporan yang diterima ada total 40 laptop yang
hilang. Laptop tersebut tersimpan di laboratorium komputer.

""Ada 40 yang hilang dari satu lab,"" tuturnya.

 ",www.detik.com
"7 Orang Komplotan Maling Motor di KBB Dibekuk, 1 Pelaku Ditembak","Kamis, 21 Apr 2022 13:18 WIB","\-

DS, ET, IN, DR, SP, NS, dan AR harus mendekam di balik ruang tahanan Polres
Cimahi karena kedapatan melakukan aksi pencurian sepeda motor di wilayah
Kabupaten Bandung Barat (KBB).

Ketujuh orang komplotan maling motor itu diamankan pada 27 Maret lalu setelah
melancarkan aksi pencurian di wilayah Cililin dan Cisarua. Seorang di
antaranya terpaksa diberikan tindakan tegas dan terukur karena melawan
petugas.

""Tujuh tersangka sudah kami amankan, dua di antaranya itu merupakan residivis
pernah masuk penjara juga untuk kasus yang sama,"" ungkap Kapolres Cimahi AKBP
Imron Ermawan kepada wartawan, Kamis (21/4/2022).

  

Imron mengatakan dalam melancarkan aksinya komplotan tersebut mengincar motor
yang sedang diparkirkan di halaman rumah. Beberapa pelaku terlebih dahulu
berkeliling memastikan lingkungan tempat mereka akan melancarkan aksinya aman.

""Setelah sasaran dipastikan kemudian mereka menjebol kontak. Biasanya kurang
dari 5 menit sudah dapat,"" tutur Imron.

Imron mengatakan dari penangkapan semua tersangka maling motor itu petugas
terpaksa memberikan tindakan tegas terukur terhadap satu pelaku, yakni DS
karena melawan saat akan diamankan.

""Kami melaksanakan penegakan hukum karena satu tersangka melawan petugas dan
akhirnya diberikan tindakan tegas dan terukur di bagian kakinya,"" kata Imron.

Berdasarkan hasil interogasi, kata Imron, para pelaku menjual hasil curiannya
pada seorang penadah yang ada di Cidaun, Kabupaten Cianjur.

""Penadah berinisial ini DS ini juga langsung diamankan setelah polisi memburu
pelaku ke tempat persembunyiannya di daerah Cianjur,"" ucap Imron.

Selain melakukan pencurian di Cililin dan Cisarua, para tersangka ini telah
melakukan pencurian di beberapa tempat wilayah Hukum Polres Cimahi Kecamatan
Batujajar, dan daerah Margaasih Kabupaten Bandung.

""Akhirnya dari laporan satu motor yang hilang, setelah dikembangkan kita
berhasil amankan lima unit motor,"" ujar Imron.

Atas perbuatannya, kata Imron, semua tersangka pencurian motor ini dijerat
pasal 362 dan pasal 363 KHUP dengan ancaman 5 dan 7 tahun penjara.

 ",www.detik.com
"Buron 11 Tahun-Palsukan Identitas, Pelaku Pembunuhan di Sulut Ditangkap","Kamis, 02 Jun 2022 21:49 WIB","\-

Buron kasus pembunuhan di Minahasa Selatan, Sulawesi Utara (Sulut), Wendi
alias MW (35) ditangkap setelah 11 tahun diburu polisi. Selama buron, pelaku
kerap gonta-ganti KTP demi lolos dari kejaran polisi.

""Tersangka sudah menjadi buron atau DPO Polsek Amurang selama 11 tahun,"" ujar
Kapolres Minahasa Selatan AKBP Bambang C. Harleyanto kepada wartawan, Kamis
(2/6/2022).

Wendi terlibat kasus pembunuhan terhadap JO di Desa Lusan, Kecamatan Amurang
Barat, Minahasa Selatan, pada Sabtu, 4 Juni 2011 silam. Saat itu Wendi menolak
tawaran minuman keras dari JO sehingga pelaku ditampar.

  

""Sudah dikasi (minuman keras) tapi tidak diminum sehingga korban menampar
wajah pelaku. Korban yang sudah marah lalu membalikkan meja tersebut,' ujar
Bambang.

Korban yang tak terkendali karena sudah mabuk lalu kembali menampar Wendi.
Pelaku akhirnya melakukan perlawanan dengan menikam korban JO hingga tewas.

""Tersangka membalas menusuk korban menggunakan badik yang dibawa korban
dikeluarkan dari saku celana. Dan saudara JO terjatuh dan mengeluarkan darah
dari mulut,"" katanya.

## Wendi Gonta-ganti KTP

Sejak insiden nahas itu, Wendi melarikan diri dari kejaran polisi. Dia
kemudian dimasukkan ke dalam daftar pencarian orang (DPO).

Selama dikejar, Wendi disebut menyulitkan aparat karena kerap gonta-ganti KTP.
Sedikitnya tersangka sudah empat kali ganti identitas di KTP.

""Kita sudah selidiki ada di Kepulauan Riau, Kalimantan Timur, Jakarta,
Surabaya. Ini berpindah pindah selama 11 tahun ini,"" ungkap Bambang.

Suatu ketika, polisi mendeteksi Wendi sedang berada di wilayah Kabupaten Sigi,
Palu sehingga polisi bergerak ke lokasi pada Kamis (26/5). Wendi akhirnya
ditangkap pada Minggu (29/5).

""Ini kita tangkap di Desa Tongoa Kabupaten Sigi, Sulteng. Pada saat itu yang
bersangkutan menginap di rumah temannya. Saat itu yang bersangkutan tidak
melakukan perlawanan,"" kata Bambang.

  
  
  
[Gambas:Video 20detik]  

 ",www.detik.com
"Perampok Mini Market Bersenjata Beraksi di Pandeglang, Polisi Selidiki","Sabtu, 14 Mei  2022 23:43 WIB","\-

Aksi kompolotan perampok bersenjata tajam todong pegawai Indomaret viral di
media sosial. Peristiwa tersebut terjadi di Kampung Satu, Desa Teluk Lada,
Sobang,Pandeglang, Banten.

Peristiwa tersebut terjadi pada Kamis (12/5/22) sekitar pukul 07.00 WIB, pada
saat Indomaret baru buka. Aksi mereka terekam CCTV dan tersebar luas di media
sosial.

Kapolsek Panimbang AKP Sugiar Ali Munandar membenarkan kejadian tersebut.
Menurutnya pelaku berjumlah tiga orang.

""Pelaku tiga orang, yang masuk dua orang, dua orang yang pakai jaket hitam itu
masuk langsung ngambil kasir Indomaret,"" katanya Sugiar.

Sugiar mengatakan para pelaku langsung menodong kasir Indomaret. Pelaku
langsung mengeluarkan senjata tajam karena kasir sempat melawan.

""Lagi dianalisis rekaman video. Pelaku masuk langsung ngambil perempuan
(Pegawai). Perempuan tersebut memberontak, pelaku langsung mengeluarkan golok
dari tasnya,"" ungkapnya.

Polisi menduga ada motif lain dari peristiwa perampokan tersebut. Pasalnya
menurut Sugiar pelaku hanya mengambil uang sebesar Rp. 450.000.

""Kenapa hanya mengambil uang sajah, kan di si perempuan itu ada handphone ada
kalung, tapi kenapa nggak diambil,"" katanya.

""Mangkanya dugaan sementara orang dekat atau mantan pegawai. Jadi apa memang
lingkungan di situ atau yang sakit hati ke perempuan itu atau memang apa, ini
lagi di cari analisanya dulu,"" tambahnya.

 ",www.detik.com
4 Kasus Begal Sadis Tewaskan Mahasiswi hingga Perawat di Jabar,"Minggu, 17 Apr 2022 03:00 WIB","\-

Aksi begal kerap menghantui warga Jabar. Tercatat beberapa aksi begal
menggemparkan warga Jabar beberapa tahun ke belakang.

Berikut catatan terkait aksi begal di Jabar :

##

Suami-istri di Kota Bandung menjadi korban pembegalan. Sang suami tewas akibat
insiden nahas tersebut.

  

Aksi kejahatan jalanan ini menimpa pasutri, M. Alfaris dan Rena Hendayanti, di
Jalan Ir. H Juanda (Dago), Kota Bandung, Jabar, Selasa (20/6) lalu, sekitar
pukul 05.30 WIB. Alfaris mengembuskan napas terakhir pada Kamis (22/6/2017)
setelah sempat menjalani penanganan medis di RS Borromeus Bandung.

Kejadian pencurian disertai kekerasan ini bermula saat Alfaris membonceng
istrinya menggunakan sepeda motor melintas kawasan Dago. Di tengah perjalanan,
pasutri tersebut dipepet begal diduga berjumlah dua orang mengendarai satu
motor.

Pelaku tancap gas usai merampas tas korban. Kedua korban yang terluka diboyong
ke RS Boromeus. Polisi berhasil meringkus pelaku. Mereka yakni M Zamil (23),
Eko Supriatna (28), Candra Lesmana (27), Nabil (24) dan seorang perempuan,
Sumini (27).

##

Aksi begal sadis juga terjadi terhadap mahasiswi Bandung bernama Shanda Putri.
Dia tewas usai menjalani masa krisis di rumah sakit.

Insiden berdarah tersebut dialami korban dan temannya, EA (23), pada Kamis
(30/8/2018) subuh pukul 04.00 WIB. Kala itu, SP hendak menuju ke rumah
temannya usai makan di salah satu rumah makan. Dia dibegal di Jalan
Cikapayang, Kota Bandung.

Saat itu, SP dan rekannya mengendarai sepeda motor usai makan bakso di kawasan
Cihampelas. Di tempat kejadian perkara, tiba-tiba dia dipepet oleh pelaku.

Tas milik SP ditarik secara paksa. SP terjatuh hingga kepalanya membentur
jalan. Dia mengalami luka serius di kepala hingga dilarikan ke RS Borromeus.

Polisi semakin menggencarkan pencarian. Alhasil tim gabungan Polrestabes
Bandung dan Polda Jabar berhasil mengungkap pelaku. Kedua pelaku yakni
Aminatus Solihin alias Ami dan Yonas Aditya. Bahkan Ami terpaksa ditembak mati
karena berusaha melawan saat ditangkap.

##

Aksi begal itu dialami seorang perawat bernama Neng Meila Susana (33) pada
Senin (26/11/2018) malam. Neng bersama suaminya Rudi Dirga Hagana (35) hendak
pulang ke rumahnya di kawasan Rancasari, Kota Bandung.

Korban dan suami yang menunggangi sepeda motor tiba-tiba dipepet oleh motor
lain. Pelaku langsung berusaha mengambil tas yang diselendangkan oleh korban.

Neng terjatuh. Dia langsung dilarikan ke Rumah Sakit Al Islam Bandung. Di
sana, Neng mendapatkan perawatan intensif. Nyawa Neng tak tertolong, dia
menghembuskan nafas terakhirnya di rumah sakit tiga hari setelah kejadian atau
pada Kamis (29/11/2018).

Begal sadis yang menewaskan Neng Meila Susana (33) seorang perawat di Bandung
mulai terungkap usai polisi menembak mati dua pelaku. Dua pria yang tersungkur
akibat peluru diduga kuat begal yang merenggut nyawa Neng.

Kedua begal tersebut diketahui bernama Adi Supriatna (21) dan Agun Gunawan
(22). Mereka tewas ditembak polisi saat berusaha melawan dari kejaran petugas
Satreskrim Polrestabes Bandung.

##

Perempuan berinisial IN (22) tewas bersimbah darah setelah dibacok kawanan
begal di Cikarang Utara, Kabupaten Bekasi. Korban yang juga karyawan pabrik
itu jadi sasaran begal.

Kasubdit Penmas Polda Metro Kompol Hari Agung Julianto mengatakan ada tiga
pelaku berinisial N (17), NR (16), dan AS (16) yang saat itu mengincar korban.
Pelaku AS hingga kini masih berstatus DPO.

""Jadi tersangka ini ada tiga. Dua sudah diamankan, satu orang tidak
ditampilkan karena di bawah umur. Satu orang inisial AS masih DPO,"" kata Agung
di Polda Metro Jaya, Jakarta, Jumat (25/3/2022).

Ketiga pelaku ditangkap dengan peran masing-masing. Pelaku N berperan sebagai
eksekutor yang merencanakan aksi. Sementara itu, dua pelaku lainnya bertindak
sebagai joki.

Agung mengatakan pembunuhan ini terjadi tanpa direncanakan. Pasalnya, ketiga
pelaku merupakan komplotan begal yang tengah mencari musuh tawuran.

""Kronologinya pada 22 Maret 2022 tersangka N dan MR berputar-putar untuk cari
musuh untuk diajak tawuran. Tapi gagal karena ada kegiatan preventif Patroli
Presisi,"" katanya.

Pelaku lalu mengarahkan kendaraannya ke Kampung Tegal Gede, Cikarang Utara. Di
lokasi itu para pelaku melihat korban berjalan seorang diri. Gagal mencari
musuh tawuran, niat pelaku melakukan begal kepada korban pun muncul. Pelaku
memepet korban hingga melakukan pembacokan kepada IN.

""Karena korban dipepet tasnya dan korban melawan sehingga tersangka membegal
korban. Setelah korban teriak minta tolong, pelaku panik, sehingga kabur tanpa
berhasil mengambil barang-barang milik korban,"" tutur Agung.

Para pelaku ditangkap oleh tim gabungan dipimpin Kasubdit Resmob Polda Metro
AKBP Handik Zusen, Kasubdit Jatanras Ditreskrimum Polda Metro Jaya AKBP
Awaludin Amin, dan Kasat Reskrim Polres Metro Bekasi Kompol Aris Timang, di
daerah Cikarang pada Kamis (24/3) malam. Ketiganya kini telah ditetapkan
sebagai tersangka dengan jeratan Pasal 338 dan/atau 365 KUHP.

 ",www.detik.com
"Gagal Curi Motor Emak-emak, 2 Pria di Bekasi Nyaris Dikeroyok Warga","Senin, 27 Des 2021 20:35 WIB","\-

Dua pria berinisial I (44) dan DS (34) tepergok saat hendak mencuri motor
milik emak-emak bernama Lindawati (51) di Bekasi. Keduanya ditangkap warga dan
nyaris dihajar massa.

Kedua pelaku ini awalnya hendak mencuri motor korban yang diparkir di Jl
Wibawa Mukti RT 5 RW 5 Jatiluhur, Jatiasih, Kota Bekasi, Senin (27/12) siang.
Namun aksinya dipergoki lalu dikejar warga.

Kapolsek Jatiasih Kompol Abriansyah Harahap mengatakan, saat kejadian, korban
tengah memarkir motornya di lokasi. Kemudian pelaku mendekati motor korban dan
mulai melancarkan aksinya.

""Pada saat korban sedang memarkir motor, kemudian melintas dua pelaku yang
berboncengan menggunakan motor Honda Beat Street F-4629-FDM,"" kata Abriansyah
saat dikonfirmasi, Senin (27/12/2021).

Abriansyah mengatakan kedua pelaku memiliki tugas yang berbeda. DS berperan
mendekati motor korban dan pelaku I menunggu di motor miliknya.

""Pelaku Deni turun dari motor dan mendekati motor korban, sedangkan pelaku
Indra _standby_ di motor,"" ujarnya.

Ketika ingin merusak lubang kunci motor korban, aksi mereka dipergoki oleh
saksi bernama Sugiat. Seketika Sugiat berteriak dan pelaku D meninggalkan
motor korban.

""Saat pelaku D menaiki motor korban sambil merusak kunci kontaknya, namun
perbuatan pelaku D diketahui oleh saksi Sugiat berteriak maling, kemudian
pelaku D langsung meninggalkan motor korban,"" tambahnya.

Ketika hendak kabur, pelaku berhasil dihentikan oleh massa. Abriansyah
mengatakan, ketika berhasil ditangkap, para pelaku hampir diamuk massa.

Para pelaku sudah diamankan Polsek Jatiasih beserta barang bukti yang
menyertainya. Yakni kunci leter T, Honda Beat warna Merah Putih Nopol
B-4323-KLF milik korban, dan Honda Beat Streat warna Hitam Nopol F-4629-FDM
milik pelaku.

""Kedua pelaku berhasil diamankan berikut barang buktinya,"" imbuhnya.

Hingga saat ini kasus tersebut masih dalam penanganan pihak kepolisian.
Keduanya masih diperiksa polisi.

 ",www.detik.com
Ulah Biadab Ayah di Palopo Perkosa Anak Kandungnya dari SD hingga SMA,"Minggu, 24 Apr 2022 07:01 WIB","\-

Ulah biadab pria berinisial J (30) menjadikan putrinya sebagai budak seks di
Kota Palopo, Sulawesi Selatan (Sulsel) membuat geger. Korban diperkosa pelaku
sejak kelas enam SD hingga duduk di bangku SMA.

""Dia (pelaku) perkosa (putrinya) sejak SD sampai SMA,"" ujar Kasubag Humas
Polres Palpo Iptu Patobun saat dimintai konfirmasi, Sabtu (23/4).

Polisi belum memerinci terkait modus J memperkosa korban. Namun korban yang
kini berusia 16 tahun itu setidaknya sudah 5 tahun menjadi korban pemerkosaan
ayah kandungnya.

  

""Misalnya dia diperkosa sejak kelas 6 SD, ya 5 tahun 6 tahun lah (dijadikan
budak seks),"" tutur Patobun.

Setelah bertahun-tahun diperlakukan tidak senonoh, korban lantas memberanikan
diri mengadu ke kakaknya. Pihak keluarga yang mengetahui ulah biadab pelaku
langsung membuat laporan polisi.

Polisi yang menerima laporan korban langsung meringkus J sebagai pelaku
pemerkosaan. Patobun mengatakan, pihaknya kini sedang mendalami modus pelaku
melakukan pemerkosaan.

""Dia risih sudah dewasa makanya dia lapor. Setelah itu dia bersama kakaknya
melapor (ke polisi),"" kata Patobun.

  
  
  
[Gambas:Video 20detik]  

 ",www.detik.com
"Nahas Pemotor Boyolali Jadi Korban Begal, Jatuh Ditendang-Gaji Dirampas","Kamis, 21 Apr 2022 17:10 WIB","\-

Seorang warga Boyolali menjadi korban aksi begal jalanan, uang gaji yang baru
diterimanya amblas disikat. Tak hanya itu, korban juga mengalami luka-luka
setelah motornya jatuh ditendang pelaku.

Kejadian nahas itu dialami Siswadi (37) warga Panderejo, Desa Pasar, Cepogo,
Boyolali. Ayah satu anak yang bekerja sebagai buruh bordir ini dibegal di
jalur wisata Solo-Selo-Borobudur (SSB) wilayah Dukuh Pule, Jelok, Cepogo, Rabu
(20/4) malam.

""Saya dipepet terus dipancal (ditendang), motor saya sampai jatuh,"" kata
Siswadi saat ditemu di rumahnya, Kamis (21/4/2022).

Siang itu, korban hanya berbaring di tempat tidur. Kaki dan tangannya lecet-
lecet. Sesekali dia memegangi pinggangnya, mengeluh sakit dan nyeri.

Siswadi menceritakan pembegalan itu terjadi pada Rabu (20/4) sekitar pukul
pukul 18.30 WIB. Saat itu dia sedang perjalanan pulang dari tempat kerjanya di
Dawar, Mojosongo, Boyolali.

Setelah menerima gaji dua minggu terakhir, Siswadi langsung pulang naik motor.
Saat itu hujan gerimis. Sesampainya di jalur SSB Dukuh Pule, Jelok, dia
dipepet dua orang yang berboncengan motor.

Siswadi mengira motor itu hendak menyalipnya. Namun, tiba-tiba salah satu
pelaku menendang motor yang dia tumpangi hingga jatuh.

""Saya nggak tahu dibuntuti atau nggak, karena jalan gerimis dan sepi. Saya
dipepet dan dipancal motor saya. Saya jatuh ke kanan. Setelah itu posisi saya
sudah antara sadar dan tidak. Tapi saya tahu saat saku celana saya dirogoh,""
kata dia.

Uang gajinya Rp 1,8 juta raib sementara dompetnya dibuang di tengah jalan.
Karena luka-luka, korban saat itu tidak bisa segera bangkit dari jalan. Tidak
lama berselang, ada pemotor lain melaju dari timur ke barat.

Kaget melihat korban dan sepeda motornya tergeletak di jalan, pemotor itu
tidak bisa menghindar. Akhirnya pemotor itu menabrak motor korban hingga ikut
terjatuh. Mereka berdua kemudian ditolong pengguna jalan yang lain dan
dilarikan di klinik kesehatan.

Kapolsek Cepogo AKP Agung Setiawan membenarkan hal itu. Polisi masih
menyelidiki kasus pembegalan itu. ""Pelaku diduga dua orang dan berboncengan.
Kejadiannya sekitar pukul 18.30 WIB. Yang hilang uang senilai Rp 1,8 juta,""
kata Agung.

  
  
  
[Gambas:Video 20detik]  

 ",www.detik.com
Akhir Manis dari Kisah Miris Amaq Sinta Melawan Begal,"Minggu, 17 Apr 2022 10:27 WIB","\-

Dengan kepala tertunduk, Amaq Sinta terlihat haru mendengar keputusan Polda
NTB untuk menghentikan penyidikan atas kasusnya sebagai tersangka pembunuhan.
Pria 34 tahun yang kesehariannya bekerja sebagai petani itu tampak lega.

Tak ada lagi status tersangka yang disandangnya. Bayang bayang hukuman penjara
maksimal 15 tahun tak ada lagi menguntitnya. Ia jadi orang bebas sekarang.

""Alhamdulillah saya bebas, perasaan saya senang dan bersyukur,"" kata Amaq
Sinta yang hadir langsung saat Kapolda Nusa Tenggara Barat (NTB) mengumumkan
kabar baik itu di hadapan media di Mapolda NTB, Sabtu (16/4/2022).

  

Beberapa hari terakhir memang menjadi masa masa yang berat bagi Amaq Sinta.
Pria asal Dusun Matek Maling, Desa Ganti, Lombok Tengah, Nusa Tenggara Timur
itu harus menghadapi cobaan yang bertubi tubi. Ia menjadi korban begal, namun
kemudian justru dipenjara akibat melumpuhkan begal yang menyerangnya.

Kisahnya berawal di Hari Minggu, 10 April 2022, tepat di tengah malam. Amaq
Sinta atau Murtade berangkat dari rumahnya di Dusun Matek Maling, Desa Ganti,
Kecamatan Praya Timur, Lombok Tengah, Nusa Tenggara Barat (NTB). Mengendarai
sepeda motor miliknya, ia hendak menuju ke sebuah rumah sakit Lombok Timur.
Sang ibunda tengah dirawat di sana karena sakit. Ia juga membawa nasi dan air
hangat untuk bekal sahur bersama sang ibunda.

Sadar bahwa perjalanan malam hari cukup rawan, Amaq Sinta lantas membawa
sebilah pisau untuk berjaga jaga. Benar saja, saat tiba di jalan raya Desa
Ganti, dua sepeda motor tiba tiba memepetnya. Ada empat orang, masing masing
berboncengan.

Pengendara sepeda motor itu sempat menanyakan apa yang dibawa oleh Amaq Sinta.
Ia lalu menjawab bahwa ia membawa nasi dan air hangat.

Lantas, tanpa basa basi lagi, salah satu pria tiba tiba mengangkat parangnya
dan mencoba menebas Amaq Sinta. Beruntung tangannya bergerak cepat menampik
serangan itu. Akibatnya, ia mengalami luka di bagian tangan.

Sadar bahwa keempat pria itu adalah begal, Amaq Sinta dengan cepat mengambil
pisau dari pinggangnya. Ia lalu menusuk dada salah satu pelaku bernama Pendi.
Tak terima temannya ditusuk, dua orang begal lainnya berusaha mengeroyok Amaq
Sinta. Sementara satu begal lainnya hanya duduk di atas motornya tanpa
melakukan apa apa.

Saat dikeroyok, Amaq Sinta sempat berteriak maling. Mungkin karena takut,
kedua pelaku lantas berusaha kabur. Namun salah satu pelaku begal, Oki, justru
berusaha kabur dengan mengendarai sepeda motor Amaq Sinta Melihat sepeda
motornya dibawa kabur, Amaq Sinta langsung bergerak cepat mengejarnya. Ia
menusuk punggung Oki hingga tersungkur.

Melihat Oki ditusuk, dua pelaku begal lainnya, Wahid dan Holidi, akhirnya
kabur dengan sepeda motor mereka. Amaq Sinta selamat dari aksi pembegalan. Ia
pun pergi meninggalkan tempat itu, termasuk kedua pelaku begal yang tewas di
tangannya.

Namun malang bagi Amaq Sinta. Ia justru dijemput polisi keesokan harinya.
Ihwalnya bermula dari penemuan dua jenazah di jalan Desa Ganti yang tak lain
adalah pelaku begal Oki dan Pendi. Penyelidikan polisi atas penemuan mayat itu
lantas mengarah pada Amaq Santi. Itu berdasarkan keterangan dua orang bega
yang selamat, Wahid dan Holidi.

Upaya Amaq Sinta membela diri dari para pelaku begal malam itu rupanya
dianggap melanggar hukum oleh pihak kepolisian. Ia dijebloskan ke dalam
penjara. Polisi menyebut bahwa Amaq Sinta diduga melanggar Pasal 351 ayat 3
KUHP tentang penganiayaan berat yang menyebabkan korbannya meninggal dunia,
atau Pasal 338 KUHP tentang pembunuhan. Ancaman hukuman maksimalnya 15 tahun
penjara.

Ironisnya, dua begal yang selamat, Wahid dan Holidi, justru menjadi saksi
memberatkan dalam kasus pembunuhan dan atau penganiayaan tersebut. Padahal
Wahid dan Holidi sendiri juga telah mengakui bahwa malam itu mereka berupaya
membegal Amaq Sinta. Wahid dan Holidi juga ditahan polisi sebagai tersangka
kasus pencurian dengan kekerasan dengan Amaq Sinta sebagai korbannya.
Berdasarkan pasal 365 KUHP tentang pencurian dengan kekerasan, perbuatan Wahid
dan Holidi hanya memiliki ancaman hukuman maksimal 12 tahun penjara.

Polisi menyita empat senjata tajam, masing masing satu buah pisau milik Amaq
Sinta serta tiga buah senjata tajam milik tiga pelaku begal yang notabene jauh
lebih besar ukurannya ketimbang pisau Amaq Sinta.

""Karena di negara kita, melakukan perbuatan main hakim sendiri kan dilarang.
Karena itu juga adalah satu tindakan pidana,"" kata Wakapolres Lombok Tengah
Kompol I Ketut Tamiana saat jumpa pers di Mapolres Lombok Tengah Selasa
(12/4/2022).

""Membunuh di negara kita kan dilarang. Siapapun itu. Walaupun dia (korban
adalah) pelaku (begal),"" tambah Tamiana.

Langkah Polres Lombok Tengah yang justru memenjarakan Amaq Sinta berbuntut.
Aksi demo membela Amaq Sinta digelar masyarakat. Paska aksi demo itu,
penahanan Amaq Sinta akhirnya ditangguhkan. Ia dibebaskan dari tahanan. Namun
proses hukum terhadapnya tidak berhenti di situ. Ia masih menyandang status
tersangka pembunuhan dan/atau penganiayaan berat.

Karena mendapat sorotan publik, penyidikan kasus Amaq Sinta oleh Polres Lombok
Tengah akhirnya diambil alih Polda NTB. Kabar baik pun datang dari Polda NTB
setelah kasusnya ditangani dua hari di sana.

""Yang dilakukan oleh saudara M alias AS (Amaq Sinta) adalah perbuatan
pembelaan terpaksa. Sehingga pada saat ini tidak ditemukan unsur perbuatan
melawan hukum, baik secara formil dan materiil,"" tegas Kapolda Nusa Tenggara
Barat, Irjen Djoko Poerwanto, dalam jumpa pers Sabtu (16/4/2022).

Perbuatan Amaq Sinta dinyatakan hanyalah upaya pembelaan diri. Ia pun
dibebaskan dari jerat hukum.

""Kami menyimpulkan bahwa untuk penanganan atau penyidikan kasus tersebut
dihentikan,"" jelas Djoko.

""Demi kepastian hukum , kemanfaatan dan keadilan,"" Djoko menambahkan.

Amaq Sinta dibuat lega oleh pengumuman itu. Melalui awak media yang hadir
dalam jumpa pers itu, ia menyampaikan pesan supaya masyarakat berani melawan
kejahatan begal.

""Tidak ada kata lain selain melawan,"" ungkapnya.

  
  
  
[Gambas:Video 20detik]  

 ",www.detik.com
"5 Pelaku Curanmor Sasar Anak-anak Ditangkap di Jakbar, Modusnya Tuduh Korban","Kamis, 19 Mei  2022 19:39 WIB","\-

Polisi menangkap lima pelaku pencurian motor dengan sasaran korban anak-anak.
Pelaku dalam aksinya menuduh korban telah memukul atau bertengkar dengan adik
pelaku.

""Kami berhasil mengamankan pelaku penipuan sepeda motor dengan modus membawa
kabur kendaraan bermotor yang sedang di kendarai oleh para korbannya,"" kata
Kapolres Metro Jakarta Barat Kombes Pol Pasma Royce dalam keterangannya, Kamis
(19/5/2022).

Dua pelaku, ER dan DS, berperan sebagai eksekutor. Sedangkan tiga pelaku
lainnya, STR, PF, dan MR, berperan sebagai penadah.

Pasma mengatakan para pelaku mengincar anak-anak di bawah umur. Korban lalu
dipepet oleh kendaraan pelaku dan diberhentikan.

""Saat berhenti pelaku ini berpura-pura dengan menuduh korban telah bertengkar
dengan adik perempuan pelaku,"" katanya.

Pasma mengatakan, agar korban percaya, pelaku pun mengajak korban menemui adik
pelaku. Kemudian, setelah pelaku membawa dua korban kurang-lebih 1 kilometer,
mereka diturunkan di pinggir jalan.

""Lalu pelaku kembali ke lokasi kejadian dengan pinjam kunci dan motor korban
dengan alasan akan menjemput dua orang teman korban yang diturunkan di jalan,""
katanya.

""Setelah korban berhasil diperdayai oleh pelaku, selanjutnya kedua pelaku
kabur membawa sepeda motor korban,"" sambungnya.

Dengan modus tersebut, pelaku telah berhasil membawa kabur sejumlah kendaraan.
Pasma mengatakan pelaku sudah beraksi sebanyak 15 kali dalam satu tahun di
wilayah Jakarta.

""14 motor pun berhasil diamankan. Kami juga menyita 14 pasang pelat nomor
palsu, 56 STNK palsu, uang tunai Rp 200 ribu, dan perhiasan emas,"" katanya.

[Gambas:Video 20detik]

  
  

 ",www.detik.com
2 Maling Motor di Probolinggo Tertangkap dan Jadi Bulan-bulanan Warga,"Selasa, 21 Des 2021 20:32 WIB","\- Dua maling motor ditangkap warga Kabupaten Probolinggo. Mereka lalu menjadi
bulan-bulanan warga di persawahan.

Warga Desa Krejengan, Kecamatan Krejengan, Kabupaten Probolinggo jengkel
karena di desanya sering terjadi aksi curanmor. Baik di rumah maupun di area
persawahan.

Beruntung polisi segera datang ke lokasi. Dua pelaku curanmor diamankan dari
amukan massa, dan langsung dibawa ke Mapolsek Krejengan.

Sebelum tertangkap, dua pelaku sempat bersembunyi di area persawahan. Kedua
pelaku yakni Kusnaini (21) dan Samin (25). Mereka warga Jember. Samin
merupakan residivis kasus curanmor yang baru saja bebas dari Lapas Jombang.

""Baru pertama ikut melakukan pencurian, diajak teman. Dan ditangkap oleh warga
dan polisi dan dihajar massa,"" ujar Kusnaini di ruang penyidikan Polsek
Krejengan, Selasa (21/12/2021).

Kapolsek Krejengan Iptu Marudji mengatakan, begitu ada laporan warga soal aksi
pencurian motor, anggota langsung melakukan pengejaran. Kedua pelaku lalu
ditangkap.

""Kami masih melakukan penyelidikan dan pengembangan kasus curanmor komplotan
asal Jember ini,"" terang Iptu Marudji.

Guna penyelidikan lebih lanjut, dua motor diamankan. Yakni motor yang
dikendarai pelaku dan motor milik Rusdi, korban pencurian.

Polisi akan melakukan pengembangan kasus curanmor tersebut. Apakah ada pelaku
lain?

 ",www.detik.com
"Bobol Gudang Alat Cuci Kendaraan, 2 Pria Lombok Barat Ditangkap","Rabu, 01 Jun 2022 12:34 WIB","\-

Merasa diri punya ilmu kuat dengan memakai Bebadong (semacam jimat), seorang
pria bersama satu rekan lainnya nekat membobol gudang tempat penyimpanan
peralatan cuci kendaraan yang terletak di wilayah Kecamatan Gunungsari Lombok
Barat.

Keduanya masuk ke dalam gudang dengan merusak pintu lalu mengambil barang-
barang berupa kompresor, tabung busa sabun serta beberapa tabung gas ukuran 3
kg. Peristiwa yang terjadi 9 Mei 2022 lalu sekitar pukul 23.00 Wita. Dimana
gudang tersebut dalam keadaan tertutup dan pemiliknya tidak tinggal di lokasi
tersebut.

Selanjutnya Kapolsek Gunungsari, AKP Agus Eka Artha Sudjana yang pada saat itu
didampingi Kasi Humas Polresta Mataram, Iptu Siswoyo mengatakan, atas kejadian
tersebut sehingga pemilik gudang (korban) mengalami kerugian belasan juta
rupiah dan melaporkan ke Polsek Gunungsari.

  

Menindaklanjuti laporan tersebut, Unit Reskrim Polsek Gunungsari langsung
melakukan olah TKP dan mengumpulkan keterangan saksi-saksi yang kebetulan
berada di sekitar tempat kejadian.

""Dari hasil olah TKP tersebut anggota mendapat petunjuk terhadap para pelaku
dan langsung menyelidiki keberadaannya beserta barang bukti yang diambilnya,""
ungkap Agus.

Petunjuk semakin jelas saat salah seorang saksi di sekitar gudang menceritakan
bahwa ada seorang laki-laki bernama S meminjam linggis kepada saksi dan
diketahui saat itu S bersama M.

""Dari keterangan salah satu saksi, M akhirnya berhasil diamankan oleh unit Ops
Reskrim serta menunjukkan keberadaan barang yang diambilnya tersebut berupa
kompresor yang akhirnya diamankan di Mapolsek Gununsari,"" tegas Agus.

Atas keterangan M akhirnya S pun berhasil ditangkap dan menunjukkan keberadaan
tabung sabun salju dan tabung gas lainnya. Kedua pelaku tersebut bernama M,
pria 47 tahun alamat Karang Kemong Cakranegara Kota Mataram, dan S, pria 49
tahun, alamat Sayang-sayang Cakranegara Kota Mataram.

""Barang bukti beserta kedua pelaku sudah di bawah penguasaan Polsek
Gunungsari. Namun saat ini salah satu pelaku (S) saat ini berada di RS
Bhayangkara karena sedang mengalami sakit hernia,"" jelas Agus.

""Memang S ini yang menurutnya mempunyai ilmu kebal karena menurut anggapannya
dengan Bebandong yang melengket di badannya, maka dia tidak akan merasakan
rasa sakit. Namun saat Bebadong (jimat) nya dilepas, S secara tiba-tiba loyo
tidak punya keberanian apa-apa,""tambah Agus.

Atas tindakan keduanya, maka dijerat dengan pasal 363 KUHP dengan ancaman 7
tahun penjara.

  
  
  
[Gambas:Video 20detik]  

 ",www.detik.com
Pasutri Diciduk Usai Curi Besi Tutup Gorong-gorong di Denpasar,"Selasa, 14 Jun 2022 22:29 WIB","\-

Pasangan suami istri (pasutri) muda di Kota Denpasar, Bali berinisial HSP (23)
dan LAN (22) diciduk polisi usai mencuri besi penutup gorong-gorong di Jalan
Gurita I, Perum Pedungan Indah, Banjar Dukuh Pesirahan, Kelurahan Pedungan,
Kecamatan Denpasar Selatan. Mereka mengaku mencuri besi penutup gorong-gorong
tersebut demi membeli obat untuk anaknya yang sedang sakit.

""Dari keterangan kedua pasangan suami istri ini, bahwa pencurian yang mereka
lakukan untuk keperluan membeli obat anak yang sakit,"" kata Kepala Seksi
Hubungan Masyarakat (Kasi Humas) Polresta Denpasar Iptu I Ketut Sukadi dalam
keterangannya, Selasa (14/6/2022).

Besi hasil curian yang didapatkan pelaku sudah sempat dijual di tempat
pengepul rongsokan yang berada di Jalan Bung Tomo, Denpasar seharga Rp
126.500. Uang hasil kejahatan tersebut kemudian digunakan pelaku untuk membeli
kebutuhan obat paracetamol hufagrip untuk anak yang sedang sakit dan sisanya
dipakai untuk makan.

  

Aksi pencurian pasutri muda tersebut diketahui pada Kamis (9/6/2022) sekitar
pukul 09.00 WITA. Awalnya, korban pencurian bernama Gede Agung P melihat pesan
grup WhatsApp Perum Pedungan Indah. Ternyata saat itu Ketua Lingkungan
Perumahan setempat mengabarkan ada penutup gorong-gorong hilang di depan rumah
korban.

Atas adanya informasi tersebut, korban bersama penghuni perumahan mendatangi
lokasi tempat besi penutup gorong-gorong yang hilang. Pelapor akhirnya
mengetahui kalau memang benar satu buah besi penutup gorong-gorong telah
hilang.

Pelapor bersama warga lainnya lalu melihat rekaman closed-circuit television
(CCTV) yang terpasang di jalan tersebut. Dari sana diketahui ada laki-laki dan
perempuan yang mengendarai sepeda motor merek Honda Beat warna hitam dengan
nomor polisi DK-5798-ADF datang dan mengambil besi penutup gorong-gorong
tersebut.

Korban kemudian mengambil rekaman CCTV tersebut dan mengunggah ke akun
Instagram pribadinya. Korban juga menandai beberapa akun informasi publik
dalam postingan Instagram tersebut. Berbagai akun informasi publik kemudian
memposting ulang unggahan korban sehingga aksi pencurian gorong-gorong itu
viral di media sosial (medsos).

Pihak Kepolisian Sektor (Polsek) Denpasar Selatan kemudian mendatangi tempat
kejadian perkara (TKP) berdasarkan video rekaman CCTV yang viral di medsos.
Polisi di sana mencari informasi dan keterangan berbagai saksi.

Selanjutnya pada Sabtu (11/6) sekitar pukul 18.00 WITA, polisi melakukan
penyelidikan nomor polisi sepeda motor yang dikendarai oleh para pelaku. Dari
hasil penyelidikan itu, nama yang tertera sesuai dengan nomor polisi tersebut
berinisial LAN yang beralamat di Jalan Noja Saraswati III, Kota Denpasar.

""Setelah dilakukan pengecekan di alamat tersebut diketahui kalau LAN pemilik
sepeda motor pernah tinggal di alamat tersebut. Namun saat ini telah menikah
dengan seorang laki-laki asal Banyuwangi. Kemudian didapat informasi kalau LAN
saat ini tinggal bersama dengan suaminya di Jalan Pulau Belitung I Nomor 4
Kelurahan Pedungan, Kecamatan Denpasar Selatan,"" ungkap Sukadi.

Polisi kemudian melakukan penyelidikan di Jalan Pulau Belitung I Nomor 4
Kelurahan Pedungan, Kecamatan Denpasar Selatan. Kedua pelaku berhasil
diamankan di kamar kosnya sekitar pukul 23.30 WITA setelah polisi melakukan
penyanggongan.

""Dan saat dilakukan interogasi, laki-laki pengendara sepeda motor yang
mengambil besi penutup got mengaku bernama HSP dan perempuan yang dibonceng
bernama LAN dan anak perempuannya yang berumur 3 tahun. Saat itu kedua pelaku
mengakui telah mengambil besi penutup got sesuai dengan video viral,"" tutur
Sukadi.

Berdasarkan penyidikan polisi, pasutri tersebut ternyata pernah mencuri besi
penutup gorong-gorong di berbagai lokasi lain seperti di Jalan Gelogor Carik
Pemogan sebanyak 2 kali, Jalan Piranha 1 kali, Jalan Intaran 1 kali, Jalan
Gatot Subroto (Gatsu) Timur 1 kali, Jalan Kebo Iwa 1 kali, Jalan Buluh Indah 1
kali dan Jalan Pantai Berawa 1 kali.

Sukadi mengungkapkan, pelaku HSP tidak bekerja. Sebelumnya ia sempat kerja di
proyek, namun sudah tidak bekerja selama tiga bulan. Sedangkan istri pelaku
berinisial LAN keseharian sebagai penjahit. Selama pandemi LAN tidak
mendapatkan orderan sehingga perekonomian pasutri muda ini mengalami
kesulitan.

""Awalnya istri pelaku sempat melarang, namun karena keadaan anak sakit pelaku
nekat melakukan aksi pencurian demi mendapat uang membeli obat untuk anak
pelaku. Dimana pelaku mengambil besi agar bisa dijual di rongsokan dan cepat
mendapatkan uang,"" jelas Sukadi.

Pasutri muda itu kini ditetapkan sebagai tersangka oleh polisi. Mereka
disangkakan dengan Pasal 362 Kitab Undang-Undang Hukum Pidana (KUHP) dengan
ancaman pidana penjara maksimal selama lima tahun.

  
  
  
[Gambas:Video 20detik]  

 ",www.detik.com
"Polisi Tangkap Komplotan Curanmor di Luwu Utara, 28 Motor Curian Disita","Jumat, 08 Apr 2022 02:00 WIB","\-

Polisi menangkap M (36) dan A (23), komplotan pelaku pencurian kendaraan
bermotor (curanmor) di Kabupaten Luwu Utara (Lutra), Sulawesi Selatan
(Sulsel). Total 28 unit sepeda motor curian disita sebagai barang bukti dari
tangan kedua pelaku.

""28 Unit kendaraan roda dua yang kini berhasil diamankan bersama tersangka,""
ujar Kapolres Luwu Utara AKBP Alfian Nurnas kepada , Kamis (7/4/2022).

ALfian mengatakan, A dan M melancarkan aksinya sejak Februari 2021 hingga
Maret 2022 dengan menyasar kendaraan warga di wilayah kecamatan Sukamaju
hingga Kecamatan Bone-Bone, Luwu Utara. Keduanya menjalankan aksi bersama
dengan peran berbeda.

  

""Jadi A bertugas berjaga-jaga di jalan sementara M mengecek motor yang jadi
sasaran,"" ungkap Alfian Nurnas.

Menurut Alfian, pelaku M dan A biasanya berkeliling terlebih dahulu ke wilayah
Bone-Bone dan Sukamaju. Kedua pelaku kerap mengincar kendaraan yang terparkir
di depan atau teras rumah warga.

""Motor yang tidak terkunci leher menjadi sasaran empuk kedua pelaku,"" tutur
Alfian Nurnas.

Dia membeberkan,penangkapan kedua tersangka berawal dari rekaman CCTV yang
merekam aksi keduanya saat melakukan pencurian. Dia menyebut 28 unit motor
yang disita dikejar polisi hingga di Kabupaten Kolaka Utara, Kecamatan Tomoni
dan Burau Kabupaten Luwu Timur.

Polisi berharap masyarakat tetap waspada terhadap tindak kejahatan pencurian
dengan tetap memperhatikan keamanan kendaraan. Salah satunya warga diminta
menambahkan perangkat kunci dan tidak lupa untuk selalu mengunci leher
kendaraan saat terparkir.

  
  
  
[Gambas:Video 20detik]  

 ",www.detik.com
Dor! Bandit di Bekasi Umbar Tembakan Saat Dipergoki Curi Motor,"Sabtu, 11 Jun 2022 18:13 WIB","\-

Sebuah video memperlihatkan aksi pencurian motor oleh kawanan bersenjata api
viral di media sosial. Peristiwa itu terjadi di Sukaresmi, Cikarang Pusat,
Kabupaten Bekasi.

Dalam video yang beredar, terlihat pelaku berjumlah dua orang berboncengan
motor berhenti di lokasi. Salah satu pelaku turun dan hendak mencuri motor
Honda CRF berwarna merah putih.

Pelaku lalu sempat menyalakan motor tersebut. Tapi aksinya itu dipergoki oleh
korban hingga membuat pelaku panik.

Seketika pelaku menjatuhkan motor tersebut. Lalu mengeluarkan pistol dan
menembakkan ke arah korban. _Dor... dor..._!

Kasat Reskrim Polres Metro Bekasi AKBP Aris Timang membenarkan adanya kejadian
tersebut. Pencurian motor bersenpi ini terjadi pada Jumat (10/6) pukul 22.00
WIB.

""Iya benar itu (menggunakan senpi),"" ucap Aris kepada pada Sabtu (11/6/2022).

Aris mengatakan tidak ada korban jiwa dalam kejadian ini. Pelaku juga gagal
mencuri motornya lantaran diteriaki korban.

""Dia (korban) tidak ada kerugian, dia melihat motor _diteriakin_ , langsung
kabur dia (pelaku), langsung motor dilepas,"" ucapnya.

Korban belum melapor ke polisi. Namun polisi mengetahui kejadian itu dan
langsung melakukan pengecekan ke lokasi.

""Korban itu belum bisa dihubungi kemarin, itu kami cek lokasi TKP, tapi
orangnya itu setelah kejadian itu langsung ambil motornya langsung pulang,""
tuturnya.

[Gambas:Video 20detik]

  
  

 ",www.detik.com
Polisi Berikan Bantuan untuk Petugas PSSU Korban Begal di Jakpus,"Kamis, 28 Apr 2022 19:49 WIB","\-

Petugas Penanganan Prasarana dan Sarana Umum (PPSU), Ray Prama Abdullah (28),
menjadi korban begal di depan RS Husada, Sawah Besar, Jakarta Pusat. Kapolsek
Sawah Besar Kompol Maulana Mukarom pun turun memberikan bantuan kepada korban.

""Hari ini bersama Pak Lurah, dari Polsek Sawah Besar kita datang ada sedikit
lah, tali asih bentuk perhatian kita kepada korban,"" kata Kapolsek Metro Sawah
Besar Kompol Maulana Mukarom, Kamis (28/4/2022).

Maulana mengatakan bantuan tersebut berupa bingkisan. Dia berharap itu dapat
membantu meringankan korban.

""Ada bingkisan, nggak bisa kita _jelasin_ nanti nggak etis itu. Pokoknya
bantuan buat korban lah. Semoga tali asih ini dapat membantu meringankan,""
katanya.

Lebih lanjut, dengan adanya kejadian tersebut, Maulana mengimbau masyarakat
untuk selalu berwaspada. Menurutnya, masyarakat harus lebih memperhatikan
barang bawaannya ketika ke luar rumah.

""Pesan kepada masyarakat, jaga diri, waspada. Jangan main _handphone_ di
pinggir jalan. Apabila keluar rumah, pastikan betul barang bawaannya dalam
keadaan yang betul-betul bisa dijangkau jangan sampai terjadi hal-hal yang
tidak diinginkan. Intinya jaga diri,"" katanya.

Maulana mengatakan, dari pihak kepolisian, saat ini terus berupaya menertibkan
lingkungan dengan berpatroli. Selain itu, dia meminta bantuan warga untuk
berhati-hati.

""Harus berhati-hati, waspada di mana pun dalam situasi apa pun. Walaupun kita
dari pihak kepolisian sudah mengambil langkah-langkah sesuai arahan dari Bapak
Kapolda, upaya-upaya preventif melalui patroli presisi, terus kita juga ada
pos-pos UKL, pos PAM pelayanan pada saat bulan Ramadan sehingga wilayah kita
khususnya wilayah saya, Sawah Besar bisa aman kondusif ya,"" katanya.

Sebelumnya diberitakan, petugas Penanganan Prasarana dan Sarana Umum (PPSU)
menjadi korban begal di depan RS Husada, Sawah Besar, Jakarta Pusat. Korban
dibegal setelah mengambil uang THR.

Peristiwa itu terjadi pada Rabu (27/4/2022), sekitar pukul 05.00 WIB. Kejadian
berawal ketika korban baru saja mengambil uang THR di ATM.

""Dari keterangan yang bersangkutan sih informasinya dibegal, jadi subuh-subuh
kan baru cair THR. Yang bersangkutan ini ambil ke ATM,"" kata Lurah Mangga Dua
Selatan, Agata Bayu Putra, saat dihubungi Rabu (27/4).

 ",www.detik.com
Akhir Tragis Ibu dan 2 Anaknya di Tanah Bumbu Dibantai Pria Penjual Es Teh,"Senin, 06 Jun 2022 08:30 WIB","\-

Aksi pembantaian yang dilakukan penjual es teh M Iyan (21) di Tanah Bumbu,
Kalimantan Selatan (Kalsel) terhadap Nor Laila (39) dan 2 anaknya berakhir
tragis. Nor Laila yang sempat kritis di rumah sakit dinyatakan tewas menyusul
dua anaknya yang meninggal lebih dulu.

""Tersangka penjual es teh. (Pembunuhan) bermula ketika korban membeli es teh
dari tersangka,"" ujar Kasi Humas Polres Tanah Bumbu AKP H I Made Rasa saat
dihubungi , Sabtu (4/6/2022).

Pelaku Iyan menjajakan es teh kepada korban Nor Laila yang sedang berada di
rumah orang tuanya di Desa Saring Sungai Bubu, Kecamatan Kusan Tengah, Tanah
Bumbu, Kamis (2/6) sekitar pukul 13.00 wita. Es teh diantarkan ke kamar.

  

""Ternyata es tersebut ditumpahkan oleh korban sehingga tersangka emosi
kemudian mendekati korban,"" kata Rasa.

Korban kemudian berteriak minta tolong karena merasa terancam. Namun pelaku
yang panik kemudian mencengkeram kepala korban dengan tangan kirinya. Sambil
memegang sebilah pisau di tangan kanannya.

Dua anak korban yang berusaha membantu menjadi sasaran pelaku. Dia menyerang
kedua anak korban di bagian dada hingga terluka bersimbah darah. Usai
menyerang kedua anak korban, dia berbalik menyerang Nor Laila.

""Tersangka langsung menggorok leher korban hingga korban jatuh ke kasur dalam
keadaan mengeluarkan darah,"" ujar Rasa.

### Korban Sempat 4 Hari Kritis di RS

Korban kemudian dilarikan ke rumah sakit (RS) karena kondisinya kritis. Dia
mendapat luka gorok di leher dan luka tusuk di bagian dada. Namun setelah
dirawat 4 hari, korban dinyatakan meninggal dunia.

""Iya, korban yang sempat kritis dan di rawat di Rumah Sakit Husada Tanah Bumbu
meninggal dunia,"" jelas Kasi Humas Polres Tanah Bumbu AKP H I Made Rasa saat
dihubungi , Minggu (5/6).

Korban meninggal pada Minggu (5/6) sekitar pukul 01.35 Wita. Dia menyusul dua
anaknya yang sebelumnya juga meninggal dunia karena menjadi korban pembantaian
pelaku.

""Lukanya yang di leher memang cukup parah, karena gorokan dari pelaku mengenai
urat syaraf korban,"" jelasnya.

Jenazah Nor Laila (39) kemudian dikebumikan di pemakaman Tanah Bumbu.
Jenazahnya dimakamkan berdampingan dengan dua anaknya yang lebih dulu
meninggal.

""Tadi habis Dzuhur sudah dikebumikan, bersebelahan dengan dua anaknya yang
ikut menjadi korban,"" tukasnya.

### 2 Anak Korban Dibunuh Karena Ikut Melawan Pelaku

Dua anak Nor Laila (39) ikut menjadi korban kekejaman penjual es teh bernama M
Iyan (21). Pelaku Iyan yang sudah gelap mata menyerang korban dan kedua
anaknya dengan sebilah pisau karena tersinggung korban menumpahkan es teh yang
diantarkan pelaku.

""Mungkin (pelaku) takutnya disuruh ganti lagi, marah lah dia, langsung
melakukan tindakan yang di kronologi itu (bunuh 2 balita lalu ibu korban
digorok),"" ujar Kasi Humas Polres Tanah Bumbu AKP H I Made Rasa saat dihubungi
, Sabtu (4/6).

Rasa menuturkan korban saat kejadian berada di rumah orang tuanya. Letak rumah
korban, pelaku dan orang tua korban memang tidak berjauhan.

""Kebetulan rumah korban ini bersebelahan dengan pelaku penjual es, dia beli es
setelah diserahkan ke korban lalu tertumpah jatuh,"" katanya.

Pelaku yang kesal kemudian mendatangi korban. Lantas karena terdesak, korban
berteriak minta tolong. Pelaku yang panik lalu mencengkeram kepala korban
dengan tangan kirinya sementara di tangan kanannya dia memegang sebilah pisau.

Dua anak korban yang berusia 4 dan 6 tahun yang mendengar teriakan ibunya
kemudian berusaha menolong. Keduanya berusaha menolong ibunya dengan memukul
pelaku menggunakan bantal.

Pelaku yang awalnya akan menyerang korban makin naik pitam. Dia kemudian
berbalik menyerang dua anak korban.

Selanjutnya pelaku menusuk kedua anak korban pada bagian dadanya hingga
bersimbah darah.

Setelah itu, pelaku kembali menyerang Nor Laila dengan menggorok lehernya
hingga korban jatuh bersimbah darah di kasur.

""Kedua anak korban sempat dilarikan ke RS karena kritis. Namun satu anak
korban meninggal dalam perjalanan ke RS, satu anaknya yang lain meninggal
setelah setengah dirawat,"" tuturnya.

## Pelaku Sempat Buron Selama 2 Hari

Saat kejadian, para tetangga korban yang mendengar keributan berdatangan ke
lokasi kejadian. Pelaku Iyan kabur dengan cara melompat melalui jendela
belakang rumah namun dia tertangkap setelah dua hari buron.

""Tersangka dibawa ke kantor Polres Tanah Bumbu guna proses hukum lebih
lanjut,"" kata Kasi Humas Polres Tanah Bumbu AKP H I Made Rasa.

Polisi menangkap pelaku Iyan yang bersembunyi di rumah milik keluarganya di
Desa Penyolongan Kecamatan Kusan Hilir, Tanah Bumbu, Sabtu (4/6) dini hari.
Polisi juga mengamankan pisau dapur yang digunakan pelaku membunuh korban.

""Dia bawa sendiri (pisau dapurnya), di rumah korban kan nggak ada pisau, orang
di sini terbiasa, orang Banjar terbiasa kadang-kadang sering jalan bawa pisau
di pinggang,"" katanya.

 ",www.detik.com
"Agar Tak Jadi Tersangka, Begini Tips Hadapi Begal Versi Polisi","Jumat, 15 Apr 2022 02:40 WIB","\-

Kepolisian RI menjadi sorotan publik paska menetapkan seorang korban begal di
Lombok Tengah, Nusa Tenggara Barat (NTB) sebagai tersangka pembunuhan atas
pelaku begal. Korban begal atas nama Amaq Sinta (34) bahkan sempat ditahan di
Mapolres Lombok Tengah karena menusuk dua dari empat pelaku begal hingga
tewas.

Paska aksi demonstrasi yang menuntut pembebasannya, Amaq Sinta akhirnya
mendapat penangguhan penanganan. Namun ia tetap menyandang status tersangka
dengan ancaman hukuman maksimal 15 tahun penjara. Pembebasannya dari penjara
hanyalah sementara karena ada jaminan dari keluarga dan Amaq Sinta sendiri
bahwa ia akan kooperatif dan tidak akan melarikam diri.

Penetapan Amaq Sinta sebagai tersangka pembunuhan dua begal, tak lepas dari
kesaksian dua begal lainnya yang mengaku telah membegal Amaq Sinta. Atas
pembegalan yang dilakukan, kedua begal itu bahkan sudah ditetapkan sebagai
tersangka dan ditahan.

  

Kasus Amaq Sinta ini membuat banyak orang bertanya tanya, apa seharusnya yang
dilakukan dilakukan masyarakat saat dibegal di jalan? Apakah kita harus diam
saja dan tidak melakukan pembelaan diri seperti yang dilakukan Amaq Sinta?

Wakapolres Lombok Tengah Kompol I Ketut Tamiana sempat ditanya wartawan
terkait hal ini saat jumpa pers di Mapolres Lombok Tengah Selasa (12/4/2022).

""Tips untuk masyarakat yang ketemu begal di jalan?"" tanya salah seorang
wartawan yang hadir dalam jumpa pers.

Pertanyaan itu tidak langsung dijawab Tamiana.

""Karena di negara kita, melakukan perbuatan main hakim sendiri kan dilarang.
Karena, itu juga adalah satu tindakan pidana,"" kata Tamiana.

Saat didesak kembali untuk memberikan tips menghadapi begal agar tak jadi
tersangka, Tamiana menjawab : ""Jadi, paling tidak, kalau keluar malam, jangan
sendirian. Sama teman,"" ujar Tamiana.

""Membunuh di negara kita kan dilarang, siapapun itu. Siapapun itu. Walaupun
dia (korbannya adalah) pelaku (begal),"" ia menambahkan.

  
  
  
[Gambas:Video 20detik]  

 ",www.detik.com
"Pria Tewas di Trotoar Makassar Dibunuh Saat COD, 2 Pelaku Ditangkap","Selasa, 07 Jun 2022 10:10 WIB","\-

Pria tewas bersimbah darah di trotoar Jalan Urip Sumoharjo, Makassar, Sulawesi
Selatan (Sulsel) ternyata korban pembunuhan. Pria bernama Rahmat Mustari (26)
itu ditikam saat melakukan _cash on delivery_ atau COD jual beli handphone.

""2 Pelaku penikaman tadi malam sudah kami amankan. 2 Orang masih kami kejar,""
kata Kapolsek Panakkukang Kompol Abdul Abdul Azis dalam keterangannya, Selasa
(7/6/2022).

Kedua pelaku yang ditangkap adalah Wahyudi (28) dan Budiono (23). Kasus ini
berawal saat pelaku Budiono menjual ponsel melalui sosial media yang kemudian
ditanggapi korban pada Minggu (5/6) malam.

  

""Korban Rahmat ini mengomentari _posting_ -an itu dengan alasan ingin membeli.
Pelaku dan korban pun janjian untuk bertemu di depan Mall Nipah,"" kata Abdul.

Saat bertemu korban Rahmat berpura-pura mengecek, kemudian membawa kabur
ponsel Budiono. Keesokan harinya, pelaku membujuk Rahmat menjual kembali
ponsel yang dicurinya. Budiono memakai akun sosial media lain agar korban
tidak curiga.

""Pelaku memancing kembali korban untuk menjual ponsel miliknya. Korban pun
berminat dan janjian untuk bertemu di depan Taman Makam Pahlawan,"" ungkapnya.

Pelaku Budiono kemudian memanggil empat temannya untuk ikut COD. Saat bertemu,
Rahmat pun menjadi sasaran pengeroyokan.

""Pelaku langsung melakukan penganiayaan secara bersama-sama yang mengakibatkan
korban meninggal dunia. Kami amankan barang bukti senjata tajam milik pelaku,""
jelasnya.

Saat ini pelaku Budiono dan Wahyudi diamankan dan diperiksa di Mapolsek
Panakkukang. Kini polisi fokus mengejar dua pelaku lainnya.

Sebelumnya diberitakan, seorang pria di Makassar ditemukan tewas bersimbah
darah di trotoar pembatas jalur jalan protokol Urip Sumoharjo pada Senin (6/6)
malam.

Pantauan di lokasi pukul 21.04 Wita, jasad korban ditemukan dalam keadaan
terkapar di atas trotoar. Tampak korban mengenakan baju kaos biru dan celana
jeans biru.

Keberadaan mayat itu lantas menjadi perhatian para pengendara yang melintas
dan jenazah menjadi tontonan. Kondisi ini menyebabkan kemacetan parah di
lokasi.

 ",www.detik.com
"Kedapatan Mencuri, Pemuda di Makassar Diamuk Massa-Kemaluan Dilukai Sajam","Selasa, 10 Mei  2022 09:30 WIB","\-

Pemuda inisial WA (18) menjadi bulan-bulanan warga karena hendak mencuri di
Jalan Tinumbu, Kota Makassar, Sulawesi Selatan (Sulsel). Warga yang emosi
lantas mengejar, lalu melukai area kemaluannya.

""Pelaku ini mencuri lalu dikejar dan dikeroyok dan mengalami luka robek di
beberapa bagian tubuhnya akibat diparangi oleh warga. Dia mengalami luka robek
pada betis, paha, kepala dan biji (kemaluan),"" kata Kasubag Humas Polrestabes
Makassar AKP Lando dalam keterangannya kepada , Selasa (10/5/2022).

Peristiwa ini terjadi di Jalan Tinumbu, Kecamatan Tallo, Makassar, Minggu
(8/5). WA yang hendak mencuri di salah satu rumah dipergoki warga sekitar.

  

Warga yang telanjur emosi pun mengejar WA. Pengejaran berlangsung sengit
hingga akhirnya WA ditangkap warga di Jalan Sunu, Kecamatan Bontoala pada
pukul 05.30 Wita.

""Kalau tempat melakukan pencurian di wilayahnya Tallo. Tapi diburu oleh warga
dan dimassa di wilayah Bontoala,"" ujar Kapolsek Bontoala Kompol Syamsuardi
saat dikonfirmasi terpisah.

Aparat kepolisian yang mendapat laporan itu kemudian mengevakuasi WA dan
membawanya ke Rumah Sakit Bhayangkara karena mengalami sejumlah luka. Termasuk
di area kemaluannya.

""Koordinasikan dengan Rumah Sakit Bhayangkara untuk detail masalah luka apa
saja yang dialami,"" ucap Syamsuardi.

  
  
  
[Gambas:Video 20detik]  

 ",www.detik.com
"Terinspirasi Film 'Money Heist', Begini Perencanaan BS Rampok Bank Jaksel","Kamis, 07 Apr 2022 13:21 WIB","\-

Pria inisial BS (43) ditangkap polisi setelah percobaan perampokan Bank BJB
Cabang Fatmawati, Cilandak, Jakarta Selatan. Staf HRD di sebuah bank swasta
ini merampok dengan menggunakan senjata _airsoft gun_ lantaran terinspirasi
dari film 'Money Heist'.

""Iya, (film) MH ('Money Heist'). Yang film di TV berbayar yang depannya 'N'
(Netflix) kan ada film perampokan yang judulnya ada _money-money_ -nya itu.
Dia terinspirasi dari situ,"" kata Kapolres Metro Jakarta Selatan Kombes Budhi
Herdi kepada wartawan, Kamis (7/4/2022).

""Kan di situ ada perampok yang membawa perlengkapan semua, termasuk kayak
granat asapnya segala macam,"" kata Budhi.

'Money Heist' merupakan serial drama Spanyol. Film ini mengisahkan tentang
sekelompok perampok bank yang dipimpin oleh seseorang yang bernama 'Profesor'.

Menurut Budhi, tersangka BS kerap menonton serial 'Money Heist' sehingga
membuatnya terinspirasi melakukan perampokan bank. Namun perampokannya itu
gagal total.

""Ya, dia menyampaikan ke kita, dia terinspirasi dari film itu,"" imbuhnya.

###  
Perencanaan Tersangka BS Bawa 'Bom Asap' hingga Airsoft Gun

  
Tersangka pegawai bank swasta ini menyiapkan perlengkapan, mulai 'bom asap'
hingga alat kejut listrik untuk memuluskan aksinya. Peralatan membahayakan itu
ia siapkan untuk melarikan diri apabila kondisinya terjepit.

""Semacam bom asap atau petasan asap dan alat itu untuk apa? Untuk melarikan
diri. Jadi nanti, kalau terjepit, dia akan menggunakan ini dan ini sekali lagi
dipengaruhi oleh film yang dia tonton,"" kata Budhi.

Sebelum melancarkan aksinya, tersangka BS sempat menyurvei lokasi pada pagi
hari. Tersangka mengamati beberapa bank yang ia incar untuk dirampok.

""Di daerah tersebut memang ada beberapa bank selain bank pembangunan daerah
ini,"" katanya.

Tersangka memutuskan merampok di Bank BJB karena melihat situasi di lokasi
sedang sepi siang itu. Tersangka meyakini perampokan akan berjalan mulus.

""Ada beberapa bank lain, Namun kemudian tersangka menentukan bank pembangunan
daerah ini karena melihat bank ini cukup sepi sehingga bisa tersangka ini
menganggap leluasa untuk melakukan aksinya,"" jelasnya.

BS melakukan perampokan pada Selasa (5/4) lalu di BJB Cabang Fatmawati,
Cilandak, Jaksel. BS sempat meletuskan senjata _airsoft gun_ saat melakukan
perampokan tersebut.

Namun aksi BS ini digagalkan satpam bank. BS mengaku sebagai pegawai bank
swasta dengan gaji Rp 60 juta per bulan. Ia mengaku nekat merampok karena
terlilit utang Rp 1,5 miliar.

[Gambas:Video 20detik]

  
  

 ",www.detik.com
Ulah Biadab Ayah di Gowa Perkosa Anak Kandung hingga Hamil 7 Bulan,"Selasa, 26 Apr 2022 06:30 WIB","\-

Terungkap ulah biadab seorang ayah di Kabupaten Gowa, Sulawesi Selatan
(Sulsel) memperkosa putri kandungnya hingga hamil tujuh bulan. Pelaku inisial
AS (44) memperkosa korban berulang kali disertai ancaman penganiayaan serta
akan menceraikan ibu korban jika berani buka mulut.

Korban pertama kali diperkosa ayahnya saat mereka masih tinggal di Kabupaten
Bone pada tahun 2016. Korban yang sedang berada di kamarnya tiba-tiba
didatangi pelaku dan diperkosa.

""Saat malam hari pelaku masuk ke kamar korban, lalu memaksa korban untuk
disetubuhi (diperkosa),"" kata Kasubag Humas Polres Gowa AKP Hasan Fadhlyh
dalam keterangannya, Senin (25/4).

  

Tidak sampai di situ, pemerkosaan kembali dialami korban saat mereka pindah
rumah ke Kabupaten Gowa pada tahun 2018. Saat itu korban yang masih tinggal
serumah dengan pelaku diancam dianiaya jika menolak.

""Jadi pascaberpindah tempat tinggal, kembali terjadi pemerkosaan yang
dilakukan pelaku terhadap korban dengan cara dipaksa dan kembali diancam akan
dipukul apabila pelaku tidak dilayani,"" kata Hasan.

## Ibunya Diceraikan Jika Korban Buka Mulut

Selain menggunakan ancaman penganiayaan, pelaku juga kerap mengancam akan
menceraikan ibu korban jika korban buka mulut. Akibatnya korban tidak berani
buka mulut terkait ulah biadab ayahnya.

""Dengan mengancam bahwa apabila tidak dituruti maka pelaku akan meninggalkan
ibu korban. Setelah melakukan ancaman (akan menceraikan ibu korban) pelaku
memperkosa korban,"" kata Hasan.

Dengan segala bentuk ancaman tersebut, pelaku terus menerus memperkosa korban.
Pelaku terakhir kali melakukan aksinya pada September 2021.

""Dan hal tersebut terjadi berulang kali setiap pelaku hendak memenuhi hasrat
birahinya. Pada bulan September 2021, di mana untuk terakhir kalinya pelaku
memaksa korban melakukan hubungan badan,"" sambungnya.

## Korban Hamil 7 Bulan

Sementara itu, Kasat Reskrim Polres Gowa AKP Boby Rachman menyebut korban baru
nekat membongkar aksi pelaku saat curiga dirinya hamil. Setelah dipastikan,
usia kandungan korban ternyata sudah 7 bulan.

""(Korban hamil) 7 bulan,"" kata AKP Boby, Senin (25/4).

Boby mengatakan, korban awalnya curiga mengalami datang bulan namun tidak
seperti bulan-bulan sebelumnya. Hingga pada bulan Desember 2021, menstruasi
korban cuma berlangsung 3 hari.

""Selanjutnya pada tanggal 10 April 2022, korban menyampaikan kepada sepupu
korban bahwa sudah beberapa bulan tidak datang bulan dan perut korban
diperiksa (dan hamil),"" ungkapnya.

Akibat ulah biadabnya, pelaku dijerat UU Nomor 23 Tahun 2002 tentang
perlindungan anak. Pelaku kini sudah ditahan di Polres Gowa.

  
  
  
[Gambas:Video 20detik]  

 ",www.detik.com
"18 Kali Nyolong Gabah, Residivis Ini Beraksi di Sekitar Trucuk Klaten","Rabu, 27 Apr 2022 14:03 WIB","\-

Polsek Trucuk dan Sat Reskrim Polres Klaten menangkap Bambang Triyono (37)
warga Desa Canan, Kecamatan Wedi, Klaten, Jawa Tengah. Tersangka ditangkap
karena mencuri gabah petani sebanyak 18 kali.

""Tersangka ini sudah 18 kali melakukan pencurian gabah. Lokasinya di wilayah
Kecamatan Trucuk, Wedi, Bayat dan Gantiwarno,"" jelas Wakapolres Klaten Kompol
Sumiarta pada wartawan di Mapolres, Rabu (27/4/2022) siang.

Sumiarta menerangkan pelaku ditangkap beberapa hari lalu setelah ada laporan
pencurian gabah di Desa Kalikebo, Kecamatan Trucuk ke Polsek pada Selasa
(26/4) kemarin. Pencurian itu dilaporkan terjadi 19 April lalu.

""Pencurian terjadi tanggal 19 April sekitar pukul 02.00 WIB. Modus operandi
pelaku mendatangi rumah korban dengan mobil Mobilio seorang diri, setelah
dekat karung gabah dimasukkan mobil dengan melepas jok belakang,"" terang
Sumiarta.

Kaur Bin Ops Sat Reskrim Polres Klaten Iptu Eko Pujiyanto menamabahkan sebelum
beraksi, tersangka biasanya mengintai sasaran dengan sepeda motor matik. Gabah
yang menjadi target pencurian yang berada di luar dan dalam rumah.

""Gabah yang diambil ada yang di dalam dan di luar rumah tapi banyak di teras
rumah. Gabah dijual ke saudara SM sebesar Rp 400.000 sebanyak 12 karung,"" kata
Eko pada wartawan.

Eko menambahkan, tersangka pernah dia tangkap tahun 2017 karena kasus
pencurian aki. Saat itu tersangka ditangkap Polsek Jogonalan.

""Dulu saya tangkap kasus mencuri aki dan saat itu saya masih di Jogonalan. Mau
mencuri aki di teras rumah warga Desa Somopuro tapi dikejar dan ditangkap,""
ucap Eko.

Terpisah, Kanit I Sat Reskrim Polres Klaten, Iptu Ari Widodo mengatakan
menyatakan tersangka juga pernah dia tangkap pada tahun 2014. Saat itu dirinya
masih dinas di Polres Gunungkidul.

""Pernah saya tangkap karena pencurian di wilayah Kabupaten Gunungkidul sekitar
tahun 2014. Ini saya tangkap lagi,"" kata Ari Widodo pada wartawan.

Sementara itu, Bambang mengatakan uang hasil mencuri gabah habis untuk
kebutuhan sehari-hari dan membayar sekolah anak. Dia mengaku banyak mengambil
gabah yang diletakkan di depan rumah.

""Gabah seringnya saya ambil yang di teras rumah sebab lebih aman. Uang sudah
habis untuk kebutuhan sehari-hari dan membayar biaya sekolah,"" kata Bambang
pada wartawan.

  
  
  
[Gambas:Video 20detik]  

 ",www.detik.com
Salah Kaprah Neneng yang Menyesal Tapi Puas Usai Bunuh Dini,"Rabu, 18 Mei  2022 06:46 WIB","\-

Polisi mengungkap sejumlah fakta terbaru terkait pembunuhan Dini Nurdiani (26)
oleh tersangka Neneng Umaya (24). Terkini, polisi mengungkapkan rasa
penyesalan Neneng Umaya karena telah menghilangkan nyawa wanita pekerja
cleaning service itu.

Neneng Umaya telah ditetapkan sebagai tersangka dan ditahan di kasus
pembunuhan Dini Nurdiani ini. Dia dijerat dengan Pasal 340 KUHP tentang
pembunuhan berencana dengan ancaman pidana seumur hidup atas perbuatan keji
itu.

Pembunuhan Dini Nurdiani ini dilatari motif cinta segitiga. Neneng Umaya
berdalih membunuh Dini Nurdiani karena suaminya telah berselingkuh dengan
korban.

""Motifnya sendiri ternyata kecemburuan. Tersangka ini adalah istri pacar
korban,"" kata Kapolsek Cengkareng Kompol Ardhie Dimasetyo kepada wartawan,
Sabtu (14/5).

## Neneng Umaya Bongkar Isi Chat Suami-Dini Nurdiani

![Pelaku pembunuhan Dini Nurdiani \(26\) adalah seorang perempuan, ini
tampangnya](https://akcdn.detik.net.id/community/media/visual/2022/05/14/pelaku-
pembunuhan-dini-nurdiani-26-adalah-seorang-perempuan-ini-
tampangnya-1_169.jpeg?w=620) _Neneng Umaya mengaku membunuh Dini Nurdiani
karena sakit hati korban selingkuh dengan suaminya. (Nahda Rizki/detikcom)_  
  
---  
  
Menurut Ardhie, ID dan Dini Nurdiani sudah menjalin hubungan selama 4 bulan.
Perselingkuhan ID dengan Dini Nurdiani ini terbongkar setelah istri ID, Neneng
Umaya, membaca isi WhatsApp korban dengan ID.

""Berawal dari istrinya ngecek _handphone_ suaminya dan ada WhatsApp yang
berisi 'kapan kamu ceraikan istri'. Suami jawab 'iya nanti habis Lebaran'.
Korban bilang 'perlu nggak saya antarkan ke pengadilan',"" kata Ardhie
menirukan isi chat.

##

## Neneng Umaya Sakit Hati-Rencanakan Pembunuhan

Isi chat ID dengan Dini Nurdiani membuat Neneng murka. Ia lalu merencanakan
pembunuhan Dini Nurdiani.

""Nah, semenjak itu N langsung kesal, langsung mempunyai pemikiran yang emosi.
Jadi motifnya cemburu dan sakit hati,"" tambahnya.

Neneng Umaya kemudian merencanakan pembunuhan Dini Nurdiani. Dia bersiasat
memancing korban dengan menggunakan HP suami.

Tersangka Neneng Umaya seolah-olah adalah ID, mengajak Dini Nurdiani buat buka
puasa bersama. Dini Nurdiani terpancing, hingga kemudian Neneng mempersiapkan
pisau hingga gunting untuk membunuh Dini Nurdiani.

[Gambas:Video 20detik]

 _Baca di halaman selanjutnya: Neneng Umaya bunuh Dini Nurdiani hingga ungkap
penyesalan_.

Selanjutnya __

Halaman

1  2  3

 ",www.detik.com
Tiga ABG Otak Pencurian Kotak Sesari-Ranmor di Tabanan Tertangkap,"Rabu, 27 Apr 2022 23:36 WIB","\-

Kasus pencurian kotak sesari di Pura Dalem Kalibalang di Desa Payangan,
Kecamatan Marga, Tabanan, Bali akhirnya terungkap.

Pelaku ternyata tiga anak baru gede (ABG).

Ketiganya ditangkap aparat Polsek Marga dan kemudian dilimpahkan ke Satuan
Reserse Kriminal Polres Tabanan.

  

Kepala Satuan Reserse Kriminal Polres Tabanan AKP Aji Yoga Sekar membenarkan
pelimpahan tersebut.

Termasuk para pelakunya yang berstatus masih anak-anak alias di bawah umur.
""Betul. Para pelakunya di bawah umur (anak-anak),"" ujarnya, Rabu (27/4/2022).

Ia menyebutkan, ketiga pelaku yang masih berstatus anak-anak itu berasal dari
Kabupaten Buleleng. Dua orang berusia 16 tahun dan seorang lagi berusia 14
tahun.

Penangkapan terhadap ketiga pelaku dilakukan setelah adanya laporan dari Ida
Bagus Made Suarta,57, warga Banjar Kalibalang, Desa Payangan.

Pada Senin (25/4/2022), sekitar pukul 21.50 WITA, ia mendapatkan informasi
dari prajuru Pura Dalem Kalibalang, Marga, Tabanan atas nama Ida Bagus Made
Basma yang memintanya datang ke lokasi kejadian karena kotak sesari pura
dibongkar orang.

Pelapor yang mendapatkan kabar itu langsung datang ke lokasi kejadian yang
sudah ramai dengan warga. Serta mendapati kotak sesari sudah roboh.

Informasinya, saat kotak itu roboh ada dua pelaku berusaha kabur. Kedua pelaku
itu seorang anak laki-laki dan perempuan.

Namun di antara keduanya, pelaku yang laki-laki berhasil kabur dengan
mengendarai sepeda motor. Sementara pelaku perempuan tertangkap warga karena
terjatuh.

Dari hasil pemeriksaan terhadap pelaku yang perempuan itulah, polisi kemudian
menangkap dua pelaku lainnya.

Saat diinterogasi, terungkap bahwa ketiga pelaku juga mencuri kotak sesari di
beberapa tempat lainnya. Selain itu mereka juga melakukan pencurian kendaraan
bermotor (ranmor).

""Selanjutnya tim kami melakukan penggeledahan dan menemukan beberapa barang
bukti,"" ujar Aji Yoga Sekar.

Barang bukti yang disita dari ketiga pelaku antara lain satu sepeda motor
matik kombinasi hitam strip biru dan satu unit motor tanpa plat warna hitam.
Kemudian satu unit ponsel, linggis, kotak sesari, dan tas hitam.

Aji Yoga menyebutkan, dari hasil pemeriksaan sementara, modus pelaku dalam
melakukan pencurian yakni dengan merusak gembok dan tiang tempat kotak sesari
yang berbahan besi.

""Saat ini kami masih melakukan penyelidikan lebih lanjut. Kerugian akibat
perbuatan pelaku ini sekitar Rp 2,8 juta,"" jelas Aji Yoga. ()

  
  
  
[Gambas:Video 20detik]  

 ",www.detik.com
Sederet Fakta di Balik Perampokan Alfamart di Medan,"Minggu, 17 Apr 2022 11:42 WIB","\-

Salah satu gerai minimarket Alfamart di Jalan Veteran, Medan Labuhan, Kota
Medan dirampok, Sabtu (16/4/). Peristiwa perampokan itu terjadi sekitar pukul
07.00 WIB pagi.

""Kejadiannya jam tujuh, pagi tadi,"" kata Kapolsek Medan Labuhan Kompol Mustafa
Nasution kepada detikSumut, Sabtu (16/4/2022).

Berikut sederet fakta yang telah dirangkum detikSumut dari peristiwa
perampokan itu.

  

###

Percobaan perampokan ini dilakukan sendirian oleh pelaku berisial H. Tak ada
tanda-tanda keterlibatan orang lain dalam peristiwa ini. Usai dihajar massa,
dia diserahkan ke polisi.

""Pelaku sendirian. Dia diamuk massa,"" kata Mustafa.

###

Pelaku yang masuk melalui tembok belakang dan bersembunyi di lantai dua toko,
sempat menyandera dan melukai dua pegawai Alfamart.

Awalnya, seorang pegawai naik ke lantai atas untuk mengecek. Namun, dia
berhadapan dengan perampok yang tengah bersembunyi. Dia langsung diikat dan
disekap, namun sempat berteriak minta tolong.

Beberapa saat kemudian, pegawai lain juga naik. Hal serupa juga dialaminya.
Mereka bahkan dilukai dengan senjata tajam oleh pelaku.

### Ketahuan Setelah Pegawai Lain Curiga

Mendengar teriakan dari lantai atas, seorang pegawai yang kebetulan tengah
membersihkan dan merapikan rak dagagang, curiga dua rekannya tak turun.  
Dia langsung lari ke luar dan meminta pertolongan warga. Warga kemudian
mengepung gedung itu.

###

Sesaat setelah ketahuan, salah seorang warga memberanikan diri naik ke lantai
dua minimarket itu. Pelaku dan warga itu sempat duel.

Salah satu saksi mata, Ihsan menuturkan, warga yang duel dengan pelaku itu
adalah ayahnya. Tak lama mereka duel, pelaku berusaha kabur, namun berhasil
ditangkap.

""Dia lari ke belakang. Di tangkap bapak di belakang dapat,"" sebut Ihsan.

###

Usai ditangkap, pelaku kemudian dibawa turun. Di bawah, puluhan orang sudah
menanti. Dia langsung dihajar hingga babak belur.

  
  
  
[Gambas:Video 20detik]  

 ",www.detik.com
"Awas Modus Baru, DP Rp 200 Ribu Bawa Kabur Motor PCX Para Penjual","Kamis, 10 Mar 2022 11:05 WIB","\-

Awas! ada modus baru penipuan pembelian sepeda motor PCX. Pelaku hanya memberi
DP Rp 200 ribu, lalu membawa kabur motor para penjual.

Komplotan ini menyasar para penjual motor bekas hingga baru khusus PCX. Mereka
menghubungi penjual dan berminat membeli dengan mentransfer DP sebanyak Rp 200
ribu. Para pelaku kemudian membuat janji bertemu. Pelaku juga menentukan
lokasi yang harus dituju.

Berdalih mencoba motor, pelaku kemudian melihat kelengkapan dokumennya sambil
menyalakan mesin. Begitu mesin motor menyala, pelaku kabur dan tak kembali.

Polisi meringkus para pelaku usai mengamankan seorang penadah yang menjual
motor tersebut di media online. Ternyata, mereka beraksi di beberapa wilayah
Jateng dan Jatim.

Dua tersangka saat ini diamankan di Polres Klaten. Masing-masing yakni Moh
Bisri Mustofa (44), warga Jalan Nurussa'adah RT 03 RW 11 Kelurahan
Jatiwaringin Kecamatan Pondokgede, Bekasi.

Pelaku lainnya yakni Moch Irsan Novariz (39), warga Kalianyar Kulon 4/29 RT 02
RW 07 Bongkaran Kecamatan Pabean Cantian Kota Surabaya. Pelaku ini tinggal di
dua lokasi berbeda. Yakni di Perum Griya Candramas Blok FD/19 Kecamatan Sedati
Sidoarjo, dan Perumtas 3 Blok I/4 No.34 Kecamatan Wonoayu.

""Dua tersangka saat ini diamankan di Polres Klaten. Kami di sini sedang
memeriksa dua penadahnya. Komplotan ini mengaku telah beraksi di 17 lokasi
berbeda,"" jelas Kapolresta Blitar, AKBP Argowiyono, Kamis (10/3/2022).

Argo memaparkan, satu unit motor PCX tanpa kelengkapan surat dijual seharga Rp
12,5 juta. Komplotan ini sudah berhasil menjual beberapa unit motor PCX ke
berbagai daerah di Jateng dan Jatim.

Dari rumah tersangka, polisi mengamankan puluhan plat nomor kendaraan dan
empat unit motor PCX.

""Kami juga menginformasikan, jika ada yang kehilangan motor PCX dengan modus
penipuan seperti yang dilakukan tersangka. Silahkan datang ke Mapolresta
Blitar dengan membawa bukti dokumennya. Nanti kita cocokkan dengan nomor
rangka dan mesin, karena plat nomor sudah mereka ganti semua,"" tandasnya.

Para tersangka akan dijerat dengan pasal 480 KUHP jo pasal 372 KUHP atau 378
KUHP. Dengan pidana penjara paling lama empat tahun.

Polresta Blitar telah mengembalikan dua unit motor PCX kepada para pemilik.
Yang satu, pemilik showroom motor second dari Kediri. Satunya lagi, pemilik
shoowroom motor second dari Rembang, Jateng.

  
  
  
[Gambas:Video 20detik]  

 ",www.detik.com
"Nasabah Bank di Madiun Dirampok, Uang Rp 280 Juta Raib","Selasa, 19 Apr 2022 11:29 WIB","\-

Aksi perampokan terjadi di Madiun. Perampokan dialami seorang tengkulak gabah,
Slamet Prianto (45) warga Desa Bajulan, Kecamatan Saradan, Madiun Senin
(19/4/2022) sekitar pukul 12.00 WIB.

""Betul telah terjadi pencurian dengan kekerasan di wilayah saya siang kemarin
korban tengkulak gabah. Tapi saat ini kami masih melakukan pendalaman,"" ujar
Kapolsek Saradan AKP Afin Choirudin saat dikonfirmasi wartawan Selasa
(19/4/2022).

Perampokan tersebut, kata Afin, terjadi saat korban baru pulang dari Bank BCA
Caruban. Saat membawa uang Rp 280 juta, dirinya tidak menyadari diikuti 4
orang yang menaiki dua sepeda motor.

""Kejadiannya saat itu korban baru kembali dari bank BCA usai mengambil uang Rp
280 juta. Korban yang naik sepeda motor sampai gudang tidak menyadari diikuti
oleh dua pengendara motor ada 4 orang. Sesampai di gudang pelaku langsung
merebut tas dan sempat saling dorong,"" kata Afin.

Afin mengatakan, pelaku yang berhasil kabur sempat melukai tangan korban
dengan senjata tajam, saat merampas tas berisi uang ratusan juta. Korban yang
melawan kena bacokan senjata tajam pelaku.

""Pelaku mengalami luka bacok di tangan dan dilarikan ke RSUD Solo,"" terangnya.

  
  
  
[Gambas:Video 20detik]  

 ",www.detik.com
"Pencuri Mobil di Salatiga Dibekuk, Barang Bukti Sempat Diganti Nopolnya","Jumat, 31 Des 2021 18:22 WIB","\-

Polres Salatiga, Jawa Tengah, membekuk komplotan pencuri mobil. Para pelaku
sempat mengganti pelat nomor mobil curiannya.

Kapolres Salatiga AKBP Indra Mardiana mengatakan peristiwa pencurian mobil
pikap Mitsubishi L300 nopol H 1931 TB itu terjadi pada 9 November 2021 lalu di
wilayah Mangunsari, Sidomukti. Korban kemudian melapor ke polisi dan akhirnya
pelaku berhasil dibekuk.

""Kita mendapatkan titik terang terhadap pelaku atau tersangka yang melakukan
pencurian, yaitu tiga orang, antara lain R yang berdomisili di Kabupaten
Grobogan, AD domisili Kabupaten Magelang dan K domisili Kabupaten Magelang,""
ungkap Indra, Jumat (31/12/2021).

Berdasarkan hasil pemeriksaan, modus yang digunakan oleh pelaku yaitu dengan
cara membobol kunci kendaraan tersebut. Indra menambahkan setelah pelaku
berhasil mencuri, kendaraan tersebut langsung dibawa ke luar wilayah Salatiga.

""Setelah kendaraan dicuri langsung dibawa ke luar wilayah Kota Salatiga dan
mengganti pelat nomornya (nopol) menjadi B 9437 SAG,"" imbuhnya.

Bekerja sama dengan Polres Temanggung, dua dari ketiga pelaku akhirnya
berhasil ditangkap, sementara satu pelaku berinisial K masih masuk ke dalam
daftar pencarian orang (DPO).

""Sementara kita masih melakukan pengejaran terhadap satu pelaku yang belum
tertangkap,"" kata Indra.

Selanjutnya, Polres Salatiga langsung menyerahkan kendaraan yang menjadi
barang bukti tersebut kepada pemiliknya hari ini. Rian selaku pemilik
kendaraan mengapresiasi tindakan cepat yang dilakukan oleh Polres Salatiga.
Kendaraan miliknya itu setiap harinya digunakan untuk keperluan bisnis.

""Terima kasih banyak kepada Bapak Kapolres dan jajarannya sudah sangat
membantu. Buat kita waktunya tidak terlalu lama, kurang lebih proses 40 hari
mobil sudah kembali,"" terang Rian di kesempatan yang sama.

 ",www.detik.com
Biadab! Pacar dan Teman Perkosa Wanita di Majalengka,"Selasa, 26 Apr 2022 20:42 WIB","\-

Nasib nahas dialami perempuan berinisial NN (25). Ia menjadi korban
pemerkosaan di sebuah indekos kawasan Jatiwangi, Kabupaten Majalengka.

Peristiwa pemerkosaan terhadap NN itu terjadi pada 7 April 2022 sekitar pukul
17.00 WIB. NN diperkosa oleh dua pria sekaligus. Pelaku pemerkosaan itu
berinisial AR dan N.

""Salah satu dari pelaku tersebut merupakan pacar NN. Pacar korban berinisial
AR,"" kata Kapolres Majalengka, AKBP Edwin Affandi kepada , Selasa (26/4/2022).

  

Pemerkosaan ini berawal dari salah satu pelaku membawa minuman keras ke dalam
kamar kos tersebut. Merasa takut, NN mencoba kabur namun diadang pacarnya.

""Saat itu teman AR dengan atas nama N membawa miras, kemudian NN merasa takut
dan ingin kembali (pulang), namun dihalang-halangi dan dijegal oleh AR,"" papar
dia.

Meski dihalangi sang pacar, korban tetap memaksa ingin pulang dari indekos
tersebut. Sial, kedua pria itu menganiaya korban karena tidak ingin NN
meninggalkan tempat itu.

""Kemudian AR dan N melakukan penganiayaan terhadap NN sampai pingsan,"" ujar
dia.

Setelah kembali siuman, korban sempat berusaha kembali melarikan diri. Namun
pelaku langsung memperkosa NN dengan cara _threesome_ atau berhubungan badan
tiga orang sekaligus.

""Pada saat siuman akan melarikan diri, lalu dicegah lagi, hingga dilakukan
pemerkosaan secara bersama-sama terhadap saudari NN,"" jelas dia.

Atas perbuatannya itu kedua pelaku dijerat pasal 285 KUHPidana dengan ancaman
hukuman 12 tahun penjara.

  
  
  
[Gambas:Video 20detik]  

 ",www.detik.com
Polisi Sebut Viral Perampokan Cegat Mobil di Jakbar Hanya Kesalahpahaman,"Rabu, 04 Mei  2022 16:02 WIB","\-

Polisi telah melakukan penyelidikan terkait aksi dugaan perampokan dengan
modus cegat mobil di Kembangan, Jakarta Barat. Peristiwa perampokan itu
rupanya tidak terjadi.

""Belum ada, tidak ada (peristiwa perampokan) dan unsur-unsur ke ranah
perampokan nggak ada,"" kata Kanit Reskrim Polsek Kembangan AKP Reno Apri
Wijayanto saat dihubungi, Rabu (4/5/2022).

Peristiwa itu terjadi pada Senin (2/5) di Kembangan, Jakarta Barat. Reno
mengatakan kasus itu berawal saat pemotor inisial M (45) mengejar pengendara
mobil.

Dia menyebut pemotor M mengejar pengendara mobil setelah tidak terima difoto-
foto dari dalam mobil oleh pengendara mobil tersebut.

""Informasi dari keterangan terlapor bahwa si pelapor ini ada kegiatan main
_handphone_ yang menurut keterangan terlapor melakukan kegiatan foto-foto ke
terlapor sehingga dikejar oleh terlapor,"" terang Reno.

""Iya, jadi nggak terima ada kegiatan foto-foto, makanya dikejar itu,""
tambahnya.

Saat pengendara motor M berhasil menghentikan laju kendaraan mobil pelapor,
terlontar kalimat 'buka kaca'. Kalimat itu yang viral di media sosial dan
dinarasikan aksi percobaan perampokan oleh pemotor.

Menurut Reno, setelah kalimat 'buka kaca' itu, tidak ada lagi interaksi
pemotor dengan pengendara mobil. Tindakan kekerasan pun tidak terjadi di
lokasi.

Dia menambahkan, narasi percobaan perampokan itu hanya kesalahpahaman kedua
pihak tersebut.

""Tidak ada (perampokan). Jadi bahasa percobaan perampokan itu hanya
kesalahpahaman yang diedarkan pelapor,"" tutur Reno.

### Viral di Media Sosial

Kasus ini sempat viral di media sosial. Di video viral itu, pemotor
dinarasikan melakukan aksi percobaan perampokan dengan memotong laju mobil di
jalanan.

Peristiwa itu terjadi di dekat Puri Indah Mall, Kembangan, Jakarta Barat.
Awalnya terlihat pengendara motor mengenakan jaket dan topi warna hitam melaju
di samping sebuah mobil.

Pemotor itu secara tiba-tiba lalu memotong laju kendaraan mobil di sampingnya
itu. Pria berambut panjang tersebut lalu turun menghampiri mobil yang telah
dicegatnya.

Pemotor itu pun sempat diamankan polisi ke Polsek Kembangan. Polisi melakukan
pemeriksaan terkait informasi aksi percobaan perampokan tersebut.

[Gambas:Video 20detik]

  
  

 ",www.detik.com
"Rumah Pegawai Bergaji Rp 60 Juta Perampok Bank Digeledah, Ini Hasilnya","Sabtu, 09 Apr 2022 10:27 WIB","\-

Polisi telah menggeledah rumah BS (43), pelaku perampokan Bank BJB Cabang
Fatmawati, Cilandak, Jakarta Selatan. Penggeledahan itu untuk memastikan
setiap keterangan yang diberikan oleh pelaku saat diperiksa penyidik.

""Penggeledahan itu kan kita hasil pemeriksaan dengan tersangka, itu kan dari
keterangan dia, kita buktikan, kita lengkapi dengan lakukan penggeledahan.
Penggeledahan itu untuk memastikan apakah ada hal-hal yang harus diamankan
atau tidak terkait dengan tindak pidana yang dilakukan,"" kata Kasat Reskrim
Polres Metro Jakarta Selatan AKBP Ridwan Soplanit saat dihubungi, Sabtu
(9/4/2022).

Penggeledahan di rumah BS dilakukan pada Jumat (8/4) siang. Rumah BS yang
digeledah diketahui berada di daerah Tangerang Selatan.

Menurut Ridwan, sejauh ini belum ditemukan adanya hal-hal yang disembunyikan
BS di rumahnya. Barang-barang dari BS di rumah tersebut belum ada yang disita.

""Di sana tujuan kita geledah itu untuk memastikan apakah ada hal-hal lain yang
selama ini dia sembunyikan. Tapi temuan kemarin belum ada ke arah sana. Barang
yang disita belum ada,"" ujar Ridwan.

Sejauh ini polisi menyebut BS sebagai pelaku tunggal dari kasus perampokan
bank tersebut. Namun, polisi masih menyelidiki dugaan ada sosok lain yang
terlibat dalam kasus itu.

""(Pelaku) masih tunggal. Kita belum tahu kan yang kayak _gini_ menarik, nih.
Bisa saja ada orang-orang lain,"" tutur Ridwan.

### Polisi Geledah Rumah BS

Polisi masih menyelidiki kasus perampokan Bank BJB Cabang Fatmawati, Cilandak,
Jakarta Selatan. Kini polisi menggeledah rumah tersangka BS (43) di Cilandak,
Jaksel.

""Ini lagi digeledah ke rumahnya,"" kata Kapolres Metro Jakarta Selatan Kombes
Budhi Herdi Susianto saat dihubungi, Jumat (8/4).

Sebelumnya, BS ditangkap atas percobaan perampokan Bank BJB di Cilandak,
Jakarta Selatan. Pria yang mengaku bekerja di bank swasta ini mengaku nekat
merampok lantaran terlilit utang.

""Dia utang di mana-mana, dia utang semuanya Rp 5 miliar. Tapi utangnya beda-
beda orang. Dia ada pinjam ke 12 orang,"" kata Kasat Reskrim Polres Metro
Jakarta Selatan AKBP Ridwan Soplanit saat dihubungi, Kamis (7/4).

Ridwan mengatakan BS meminjam uang untuk kepentingan bisnis. Pelaku mengaku
memiliki rencana sebuah proyek bisnis.

""Kita belum tahu (detail bisninya), tapi yang pasti bisnisnya bermain proyek
apa segala macam,"" jelas Ridwan.

Polisi pun telah melakukan latar belakang dari pelaku. Ridwan memastikan
pelaku merupakan pegawai bank swasta dengan gaji Rp 60 juta tiap bulan.

Berdasarkan pengakuan pelaku, gaji bulanannya tidak bisa mencukupi kepentingan
modal bisnisnya sehingga dia harus meminjam uang.

""Ya sekarang kalau dia gaji segitu butuh miliaran (buat modal bisnis) nggak
salah, dong. Masa, kita mau _samain_ gaji dia sama kebutuhan utang,"" katanya.

Pelaku kini telah ditahan di Polres Metro Jakarta Selatan. Dia dijerat dengan
Pasal 365 _juncto_ Pasal 53 KUHP dan UU Darurat dengan ancaman hukuman hingga
10 tahun penjara.

[Gambas:Video 20detik]

  
  

 ",www.detik.com
Aksi Pasutri di Ciamis Lawan Maling hingga Dibacok,"Senin, 09 Mei  2022 20:10 WIB","\-

Pasangan suami istri (pasutri) Herman-Ai Nurjanah beserta anaknya kompak
berjibaku menangkap maling yang masuk rumahnya di Desa Sukasenang, Kecamatan
Sindangkasih, Ciamis, Senin (9/5/2022).

Akibat duel dengan maling, Herman dan Ai Nurjanah mengalami luka bacok di
telinga dan tangan. Bahkan, Herman harus mendapat perawatan di Puskesmas
Sindangkasih akibat luka bacok yang dideritanya cukup serius.

Awalnya, Agung, anak laki-laki Herman, yang pertama mengetahui ada seorang
pria masuk ke rumahnya. Agung bangun dari tidurnya karena mendengar ada suara
dari luar rumahnya.

  

Saat melihat ke arah jendela ternyata ada seseorang yang sedang mencongkel
jendela. Awalnya ia mengira itu adalah bapaknya, tapi ternyata bukan.

Saat pelaku masuk rumah kemudian ia memperhatikannya dari belakang. Saat
pelaku ke dapur dan ruangan lain, Agung pun langsung membangunkan orang tuanya
memberitahukan ada maling masuk rumah.

""Maling itu masuk lalu ke dapur dan ke ruangan lain sambil bawa golok kecil.
Saya langsung membangunkan bapak dan ibu di kamar,"" ujar Agung saat ditemui di
Puskesmas Sindangkasih, Senin (9/5/2022).

Agung bercerita ketika pelaku kembali ke ruang tengah, Herman yang sudah
bangun pun langsung memergokinya sampai terjadi perkelahian. Herman memegang
tangan maling yang membawa golok agar tidak menebas ke mana-mana. Sedangkan
isterinya berusaha merebut golok tersebut dari tangan pelaku.

Pelaku berontak dan melawan sampai Herman mendapat luka bacok di telinga dan
tangan. Sedangkan isterinya mendapat luka di tangan kiri. Kedua anaknya pun
turut membantu memukul pelaku, sampai-sampai anak perempuannya Hana hampir
dicekik dan hanya mengalami luka cakar di lehernya.

""Saya membantu berteriak maling-maling terus terusan dan memukul pelaku juga,""
ungkap Agung.

Ai Nurjanah pun mengaku membantu suaminya dengan mencoba merebut golok dari
tangan pelaku. Tapi pelaku yang terus berontak dan menyerang sampai tangan
kirinya terluka akibat sabetan golok. Meski demikian, golok berhasil direbut.

Herman yang terbaring lemas di Puskesmas Sindangkasih pun sempat bercerita, ia
berkelahi dengan maling hingga mendapat luka cukup serius. Pelaku pun sempat
akan kabur.

Tapi Herman langsung memegang kaki pelaku sampai akhirnya terjatuh. Takut
kabur, korban langsung mengunci tubuh pelaku dan menjepit leher pelaku dengan
kakinya.

""Setelah berhasil terkunci kemudian istri dan anak saya menindih pelaku. Warga
pun berdatangan. Sempat meminta tali tambang untuk mengikat pelaku, warga
sempat hanya bengong mungkin terkesima,"" ungkap Herman.

Setelah kejadian tersebut, korban Herman dilarikan ke Puskesmas Sindangkasih
untuk mendapat perawatan. Sedangkan pelaku dibawa ke RSUD Ciamis. Korban pun
kemudian melaporkan kejadian tersebut ke Polsek Cikoneng. Kasus tersebut
kemudian dilimpahkan ke Unit Jatanras Satreskrim Polres Ciamis.

Kasi Humas Polres Ciamis Iptu Magdalena membenarkan adanya kejadian tersebut.
Saat ini kasus tersebut ditangani oleh Unit Jatanras Satreskrim Polres Ciamis.

""Ada 3 korban yang mengalami luka-luka akibat kejadian ini. Seorang
diantaranya dirawat di Puskesmas. Korban laporan di Polsek Cikoneng dan
ditangani oleh Satreskrim Polres Ciamis,"" ujar Magdalena.

  
  
  
[Gambas:Video 20detik]  

 ",www.detik.com
"Suami Pembunuh Dini Nurdiani Bakal Diperiksa, Ini yang Digali Polisi","Senin, 16 Mei  2022 11:25 WIB","\-

Penyelidikan kasus pembunuhan yang dilakukan Neneng Umaya (24) kepada Dini
Nurdiani (26) masih bergulir. Suami dari Neneng, berinisial ID (27), segera
diperiksa penyidik.

""Kalau tidak hari ini atau besok,"" kata Kasat Reskrim Polres Metro Bekasi Kota
Kompol Ivan Adhitira saat dihubungi, Senin (16/5/2022). Dia menjawab apakah
suami dari Neneng telah dilakukan pemeriksaan.

Neneng Umaya diketahui ditangkap di rumahnya di daerah Cipayung, Jakarta
Timur, pada Jumat (13/5). Dia ditangkap atas tindakan pembunuhan yang
dilakukan kepada Dini Nurdiani di daerah Bekasi.

Polsek Cengkareng yang menerima laporan awal kasus ini kemudian melimpahkan
penyelidikan kasus ini dan tersangka Neneng Umaya ke Polres Metro Bekasi Kota.
Pelaku pun kini telah menjalani masa penahanan.

""Karena memang TKP-nya di Bekasi Kota jadi penanganan perkaranya ada di Polres
Metro Bekasi Kota. Saat ini Neneng Umaya sudah dilakukan penahanan,"" jelas
Ivan.

Ivan mengatakan pihaknya kini masih menggali keterangan sejumlah saksi dari
kasus tersebut. Hal itu untuk membuat terang benderang kasus pembunuhan yang
menimpa Dini Nurdiani.

Pemeriksaan terhadap suami Neneng Umaya inisial ID pun dilakukan agar penyidik
memiliki bukti terkait latar belakang yang mendasari kasus tersebut. Ivan
mengatakan pemeriksaan kepada ID untuk memperkuat dugaan motif cemburu yang
menjadi dasar Neneng Umaya dalam membunuh korban.

""Dia (ID) sebagai saksi. Kalaupun korban mengenal suami pelaku, hubungannya
sebagai apa. Itu harus kita jelaskan juga. Kenapa terjadi peristiwa ini,
kenapa terjadi pembunuhan ini. Apakah pembunuhan ini disengaja atau ternyata
spontanitas itu kan harus kita dalami,"" katanya.

### ID Ngaku Tidak Tahu Dini Nurdiani Dibunuh Isitrinya

Pembunuhan kepada Dini Nurdiani (26) masih terus diselidiki oleh pihak
kepolisian. Hasil penyelidikan sejauh ini diketahui pembunuhan berencana itu
tidak melibatkan orang lain selain pelaku perempuan bernama Neneng Umaya (24).

Tindakan nekat dari pelaku diketahui didorong rasa cemburu atas perselingkuhan
yang dilakukan Dini dan suami pelaku berinisial ID (27). Namun polisi
memastikan ID tidak mengetahui saat istrinya merencanakan hingga membunuh Dini
Nurdiani.

""Suaminya sendiri tidak mengetahui sampai kemarin pada saat kita jemput di
rumahnya. Kita kerjasama dengan Reskrim Polres Bekasi Kota kita amankan dan
kita langsung olah TKP,"" kata Kapolsek Cengkareng Kompol Ardhie Demastyo
kepada wartawan, Senin (16/5).

Ardhie mengatakan saat olah TKP itu pun pelaku menjelaskan secara gamblang
runutan dalam melakukan pembunuhan kepada Dini. Pelaku Neneng, kata Ardhie,
bahkan telah menyiapkan baju ganti untuk dikenakannya selepas membunuh Dini.

""Dia menunjukkan lokasi saat dia menghabisi korban dan setelah dihabisi dia
juga sudah menyiapkan baju untuk diganti. Jadi tersangka ini sudah menyiapkan
baju karena dia berlumur darah. Jadi dia pakai baju yang disiapkan dari
rumah,"" terang Ardhie.

Sementara ID, selaku suami dari Neneng, tidak mengetahui tiap rencana yang
telah disusun istrinya dalam aksi pembunuhan kepada Dini. Polisi menyebut dari
serangkaian pemeriksaan yang dilakukan kepada Neneng, pelaku tersebut secara
konsisten mengaku melakukan aksinya itu seorang diri.

""Saya sudah berusaha untuk menanyakan kembali apakah ada orang yang membantu?
Memang dia menjawab dengan santai apa adanya. Dia menunjukkan semua cara
proses pembunuhan mulai dari menjemput sampai proses melakukan eksekusi. Dia
menjelaskan tanpa berubah-ubah,"" terang Ardhie.

Neneng Umaya kini telah ditetapkan tersangka dan ditahan di Polres Metro
Bekasi Kota. Dia dijerat dengan Pasal 340 KUHP dengan ancaman penjara seumur
hidup.

[Gambas:Video 20detik]

 ",www.detik.com
"Dua Begal di Sumsel Ditembak Polisi: 1 Tewas, 1 Lumpuh","Rabu, 06 Apr 2022 22:54 WIB","\-

Dua pelaku begal di Sumatera Selatan (Sumsel) ditembak polisi. Seorang pelaku,
Yogi (27) tewas ditembak, sementara rekannya Dirman (30) lumpuh ditembak di
bagian kaki.

Dirreskrimum Polda Sumsel, Kombes Anwar Reksowidjojo mengungkapkan, keduanya
terpaksa ditembak petugas karena berusaha melawan saat hendak ditangkap. Dia
menyebutkan, penembakan itu sebagai tindakan tegas terukur.

""Tindakan tegas terukur dilakukan lantaran tersangka melakukan perlawanan saat
akan ditangkap,"" kata Anwar kepada wartawan, Rabu (6/4/2022).

  

Dia menyebutkan, dari catatan kepolisian tersangka Yogi telah lima kali
melakukan aksi begal sadis di wilayah di Palembang dan daerah lain di Sumsel.

Saat hendak ditangkap, Yogi sempat melawan, bahkan bergulat dengan polisi.
Pelaku yang ditembak mati itu, juga merupakan resedivis dalam kasus yang sama
dan pernah dua kali ditahan di Polsek Kertapati, Palembang.

Selain Yogi, Subdit III Jatanras juga menangkap rekan Yogi, Dirman Hadi
Kesuma. Dirman terpaksa dilumpuhkan dengan timah panas di bagian kaki juga
karena melawan saat hendak ditangkap.

Aksi keduanya yang sempat menjadi sorotan ketika mereka membegal seorang
pengendara sepeda motor di Jalan Alamsyah Ratu Prawiranegara, Ilir Barat I,
Palembang pada 4 April 2020, pukul 23.00 WIB, lalu.

""Saat itu, korban yang sedang mengendarai sepeda motornya dipepet oleh dua
tersangka ini yang berboncengan. Setelah dipepet salah satu tersangka langsung
menghentikan sepeda motor korban lalu merampas kunci motor korban hingga
korban terjatuh,"" terangnya.

""Selanjutnya, satu tersangka turun dari motor sambil mengacungkan senjata
tajam. Korban ketakutan lalu pergi meninggalkan motornya di TKP yang lalu
dibawa kabur dua tersangka,"" sambungnya.

Selain menggasak motor korban, keduanya juga mengambil ponsel, uang dan surat-
surat penting yang tersimpan di dalam dompet.

  
  
  
[Gambas:Video 20detik]  

 ",www.detik.com
Bahagianya Para Korban Begal Saat Motornya Dikembalikan Polisi,"Kamis, 15 Nov 2018 13:17 WIB","\- Raut bahagia tak bisa disembunyikan lima orang korban begal dan pencurian
motor di Kota Pasuruan. Mereka tak pernah menyangka jika motor-motor milik
mereka bisa kembali setelah dibegal atau dicuri.  
  
Pemandangan itu terlihat saat kelima orang ini diundang ke Mapolres Pasuran
Kota untuk serah terima motor, Kamis (15/11/2018).  
  
""Saya sangat berterima kasih pada Pak Kapolres Pasuruan Kota dan jajarannya
yang mengembalikan sepeda motor anak saya. Terima kasih banyak,"" kata Munib,
warga Desa Watulumbung, Kecamatan Lumbang, Kabupaten Pasuruan, usai serah
terima motor.  
  

  
Munib menceritakan anaknya menjadi korban pembegalan saat berkendara dengan
Honda Vario Nopol W-3538-JQ di depan Pasar Grati, Desa Grati Tunon, Kecamatan
Grati pada hari Senin, 12 November 2018 silam.  
  
""Saat itu subuh, anak saya dihadang dua orang. Anak saya langsung diancam
dengan celurit. Lalu motornya dibawa kabur. Alhamdulillah ditemukan polisi,""
papar Munib.  
  

![](https://akcdn.detik.net.id/community/media/visual/2018/11/15/2c2b6143-aa0f-4d66-9189-cacdc7b702f7_169.jpeg?w=620)Foto:
Muhajir Arifin  
  
---  
  
Sugiarto, korban lain yang juga datang mengambil motornya mengaku tak
menyangka motornya akan kembali setelah beberapa minggu menjadi korban
pembegalan. ""Terima kasih pak polisi sudah menemukan motor saya,"" tuturnya.  
  
Kapolres Pasuruan Kota AKBP Agus Sudaryatno mengatakan motor-motor yang
diserahkan kembali kepada korban telah lolos tahapan administrasi.  
  
""Sudah kita cek ke Samsat surat-suratnya, kita panggil korban dan cocok.
Kemudian hari ini kita serahkan,"" ujar Agus.  
  
  
Lima motor yang dikembalikan kepada para korban antara lain Honda Vario 125
nopol W-3538-JQ, Yamaha Vixion 150cc nopol N-4754-XJ, Honda Beat nopol
N-5585-SU, Honda Beat nopol N-3090-TBA, Honda Supra nopol N-2984-PR, dan Honda
Vario nopol N-5531-TBD.  
  
""Motor-motor korban ini kami temukan di sebuah hutan Dusun Sumbersuko, Desa
plososari, Kecamatan Grati. Tertutup daun kering. Selain 5 motor anggota juga
menemukan dua rangka motor di lokasi yang sama. Kami pelakunya satu
komplotan,"" timpal Kasat Reskrim AKP Slamet Santoso.  
  
Slamet menambahkan para pelaku masih dalam pengejaran.

 ",www.detik.com
Geger! 6 Ekor Kambing Milik Warga di Depok Dijagal di Kandang!,"Rabu, 13 Apr 2022 16:03 WIB","\-

Enam ekor kambing milik warga di Kelurahan Rangkapanjaya Baru, Pancoran Mas,
Depok, hilang misterius. Kambing-kambing milik Syaprudin (42) itu dicuri dan
dijagal di kandang.

Syaprudin mengatakan kejadian berlangsung pada Rabu (13/4/2022). Ia mulai
mengetahui kambing-kambingnya hilang saat ingin memberi pakan sekitar pukul
06.00 WIB.

""Awal tahu pas begitu mau kasih pakan pagi-pagi, itu kambing sudah terpotong
semua. Yang tersisa cuma satu dalam keadaan mati,"" papar Syaprudin saat
ditemui di lokasi, Rabu (13/4).

Ia melihat darah berceceran di dalam kandang. Syaprudin menduga penyembelihan
dilakukan beberapa jam sebelumnya. Satu kambing yang tersisa tak diambil
lantaran ukurannya yang besar.

""Kambing yang paling besar sudah dipotong, cuma _gak kebawa_. Di situ masih
utuh kambingnya, tapi sudah disembelih,"" kata dia.

Syaprudin menduga aksi tersebut bukan hanya dilakukan satu orang. Ada
kemungkinan kambing di kandang dipancing dengan pakan supaya kepalanya keluar.

""Kalau dari pintu kebetulan sudah _rapet_ dikunci gembok (bagian belakang).
(Dari depan) dikasih makan dulu, kaya dipancing supaya dia keluar baru
disembelih. Orangnya nggak masuk cukup tangannya saja,"" ujarnya.

Aksi pencurian itu tak ada yang mengetahui lantaran kandang kambing berada di
kebun, jauh dari permukiman warga. Kebetulan sekitar pukul 04.00 WIB,
Syaprudin keluar rumah untuk mengantar buah.

""Nggak ada orang (di sekitar), jauhnya lumayan ada 100 meter. Itu memang kebun
titipan orang semua. Kita manfaatkan air seni kambing untuk pupuknya,"" kata
dia.

""Kebetulan saya memang usaha dagang buahnya. Saya lagi kirim dagangan makanan
nggak _kedengeran._ Memang lagi pergi,"" lanjut Syaprudin.

Diduga pelaku membawa kambing dengan cara diseret melewati kebun bagian bawah.
Dikatakan, ujung kebun bisa menembus ke Jalan Raya Pasir Putih.

""Bekas seretan dia ada. Kayaknya dia seret sampai jalan raya. Dari kebun ada
terusannya ke Jalan Raya Pasir Putih. Tapi lumayan agak jauh _gak dipagerin._
Kalau _gak_ hafal bisa nyasar,"" tutupnya.

Sebelumnya, kejadian serupa menimpa Wulan (36), warga Pancoran Mas, Depok,
pada 11 Januari 2022. Delapan ekor kambing milik Wulan dijagal dan disisakan
jeroan saja.

 ",www.detik.com
Polisi Tangkap 3 Begal Bersenjata yang Viral Todong Buruh Pabrik di Bekasi!,"Senin, 13 Jun 2022 17:37 WIB","\-

Subdit Resmob Ditreskrimum Polda Metro Jaya berhasil menangkap tiga begal yang
menodong karyawan pabrik di Bekasi. Satu orang lagi masih DPO.

Kabid Humas Polda Metro Jaya mengatakan ketiga pelaku adalah MRR (21), RD, dan
(20), serta DAM (15). Sementara itu, yang masih DPO berinisial RB (21).

Zulpan mengatakan peristiwa itu terjadi pada Rabu (8/6/2022) sekitar pukul
04.15 WIB di Medan Satria, Kota Bekasi. Di hari yang sama, tiga pelaku
berhasil diamankan di kawasan Citeureup, Kabupaten Bogor.

""Tersangka pertama MRR ini ditangkap pada hari Sabtu 11 Juni 2022 tempatnya di
Citeureup Kabupaten Bogor, kemudian yang kedua tersangka RD ini juga pada hari
Sabtu tanggal 11 Juni 2022 ditangkap di Citeureup juga Kabupaten Bogor.
Kemudian yang ketiga yang dibawah umur DAM ini ditangkap di Citeureup juga
Kabupaten Bogor,"" kata Zulpan kepada wartawan, Senin (13/6/2022).

Zulpan menuturkan ketiganya memiliki peran masing-masing saat melakukan
aksinya. Mulai dari pengawas hingga eksekutor.

""Adapun ketiga tersangka ini inisialnya, satu MRR laki-laki 21 tahun, perannya
joki dan pengawas kendaraan di sekitar TKP. Kemudian yang kedua RD laki-laki
20 tahun, ini perannya sebagai eksekutor,"" kata Zulpan di Polda Metro Jaya,
Senin (13/6/2022).

""Kemudian satu lagi yang di bawah umur usianya masih 15 Tahun inisial nya DAM.
Kemudian ada satu orang DPO dari komplotan mereka ini, inisial nya RB 21
tahun. Ini juga eksekutor, saat ini masih dalam pengejaran,"" imbuhnya.

Ketiga tersangka ditangkap tim Subdit Resmob Ditreskrimum Polda Metro Jaya di
bawah pimpinan AKBP Handik Zusen, Kompol Widi Irawan, Iptu Rosbana, dan Ipda
Aditya Sakti Yudobhakti. Dari hasil pemeriksaan, para pelaku mengaku sudah 3
kali beroperasi.

""Mereka mengakui sudah tiga kali beraksi. Namun dari ketiga ini yang berhasil
adalah yang terakhir ini. Yang pertama dan kedua tidak berhasil. Karena apa?
Karena pada saat mau beraksi tiba-tiba ada orang datang rame, dia tidak
berani,"" ujarnya.

Saat mengamankan para pelaku, polisi juga turut mengamankan batang bukti.
Mulai dari ponsel korban hingga senjata tajam celurit yang digunakan saat
beraksi.

""Di antaranya ada 2 buah celurit yang cukup mematikan dan menakutkan bagi
korban tentunya. Kemudian pakaian yang digunakan oleh para pelaku, kemudian
juga kita amankan ada HP disini. HP milik korban yang dirampas oleh para
pelaku di TKP. Kemudian ada juga uang tunai 20 ribu milik korban juga yang
berhasil kita amankan. Kemudian juga ada _sweater_ dan celana jins yang
digunakan dalam kejahatan,"" jelasnya.

Lebih lanjut, Zulpan mengatakan, saat ini ketiga pelaku sudah ditetapkan
sebagai tersangka dan diamankan di Polda Metro Jaya. Atas kejahatannya, mereka
disangkakan Pasal 365 KUHP dengan ancaman pidana 12 tahun penjara.

 ",www.detik.com
"Pembunuhan Dini Nurdiani Dilatari Cinta Segitiga, Pelaku Cemburu","Sabtu, 14 Mei  2022 16:50 WIB","\-

Polisi mengungkap motif cinta segitiga di balik pembunuhan Dini Nurdiani (26),
wanita yang ditemukan tewas setelah dilaporkan menghilang pada 26 April 2022.
Tersangka, perempuan inisial NU (24), merasa cemburu dan menuding korban
sebagai pengganggu rumah tangga dengan suaminya.

Kapolsek Cengkareng Kompol Ardhie Dimasetyo mengatakan Dini Nurdiani dan suami
tersangka NU memiliki hubungan asmara terlarang. Hal ini menimbulkan
kecemburuan tersangka NU.

""Motifnya sendiri ternyata kecemburuan. Tersangka ini adalah istri pacar
korban,"" kata Ardhie saat jumpa pers di Mapolsek Cengkareng, Jakarta Barat,
Sabtu (14/5/2022).

![Polsek Cengkareng merilis pembunuhan Dini Nurdiani, wanita yang sempat
dilaporkan
hilang.](https://akcdn.detik.net.id/community/media/visual/2022/05/14/polsek-
cengkareng-merilis-pembunuhan-dini-nurdiani-wanita-yang-sempat-dilaporkan-
hilang-1_169.jpeg?w=620)_Polsek Cengkareng merilis pembunuhan Dini Nurdiani,
wanita yang sempat dilaporkan hilang. (Nahda Rizki Utami/detikcom)_  
  
---  
  
Ardhie mengungkapkan NU dan suaminya sudah memiliki tiga anak. NU merasa rumah
tangganya terganggu lantaran suaminya berselingkuh dengan korban.

""Jadi tersangka ini sudah berumah tangga, namun suaminya ada hubungan dengan
korban,"" katanya.

Ardhie mengatakan Dini sudah menjalani hubungan dengan suami tersangka selama
4 bulan. Di sisi lain, kata Ardhie, Dini Nurdiani juga mengetahui kekasihnya
tersebut sudah mempunyai istri, yakni NU.

""Menurut informasi yang kita dapat, hubungannya baru 4 bulan, hubungan antara
korban dan suami tersangka,"" jelas Ardhie.

""Korban tahu. Dia mengetahui bahwa suami tersangka ini sudah berumah tangga
dan mempunyai 3 anak,"" tambahnya.

 _Baca di halaman selanjutnya: Dini sempat dilaporkan hilang._

 __

[Gambas:Video 20detik]

Selanjutnya __

Halaman

1  2

 ",www.detik.com
"Pria di Toraja Terekam CCTV Satroni Kos Putri Saat Pemilik Mandi, Gasak 2 HP","Rabu, 18 Mei  2022 12:52 WIB","\-

Pria berinisial AB (23) di Kabupaten Tana Toraja, Sulawesi Selatan (Sulsel)
ditangkap polisi usai terekam CCTV mencuri dua unit handphone (HP) di kos
putri. Pelaku menyatroni kos putri saat pemiliknya sedang mandi.

""Iya (pelaku mencuri handphone di) kos putri,"" ujar Kasat Reskrim Polres Tana
Toraja AKP Sayid Ahmad kepada , Rabu (18/5/2022).

AB menyatroni kos putri pada Selasa (17/5). Korban yang sedang mandi tidak
mengunci kamar kosnya sehingga pelaku memanfaatkannya untuk menggasak
handphone.

  

""Jadi pelaku memasuki kamar kos saat pemilik kamar sedang mandi dan pintu
kamar tidak dalam keadaan terkunci,"" kata Ahmad.

Namun pelaku tidak menyadari aksinya tersebut terekam CCTV di kos putri. Atas
petunjuk itu, polisi dapat mengidentifikasi dan menangkap pelaku AB.

""Kami sudah amankan pelaku dan barang bukti dua unit handphone yang dicuri
dari kamar kos tersebut,"" ungkap AKP Ahmad.

Atas perbuatannya, AB terancam dikenakan pasal 363 KUHP tentang pencurian
dengan pemberatan dengan ancaman pidana paling lama 7 tahun.

""Kita kenakan Pasal 363 KUHP tentang pencurian dengan pemberatan. Ini menjadi
pembelajaran juga kepada masyarakat agar tetap safety di manapun dan
kapanpun,"" imbau Ahmad.

  
  
  
[Gambas:Video 20detik]  

 ",www.detik.com
"Anggota PPSU Diserang Begal di Kelapa Gading, Begini Kondisi Lokasi","Kamis, 24 Feb 2022 11:50 WIB","\-

Petugas Penanganan Prasarana dan Sarana Umum (PPSU), Aris Pajriansyah (37),
diserang komplotan begal hingga terluka di Kelapa Gading, Jakarta Utara
(Jakut). Dia sempat meminta tolong hingga berhasil diselamatkan dari upaya
pembegalan.

Upaya pembegalan itu terjadi di Jl Acordion RT 05 RW 07, Kelurahan Pegangsaan
Dua, Kelapa Gading, Jakut. Pantauan , Kamis (24/2/2022), kondisi di lokasi
tampak normal.

Di sana terlihat petugas keamanan yang berjaga. Selain itu, beberapa kendaraan
lalu lalang masuk ke Jalan Gambang.

Di sekitar TKP pembegalan tersebut, ada pintu gerbang atau portal.

![Seorang petugas PPSU diserang komplotan begal hingga terluka di Kelapa
Gading, Jakut. Begini kondisi di lokasi. \(Wildan
N/detikcom\)](https://akcdn.detik.net.id/community/media/visual/2022/02/24/seorang-
petugas-ppsu-diserang-komplotan-begal-hingga-terluka-di-kelapa-gading-jakut-
begini-kondisi-di-lokasi-wildan-ndetikcom-4_169.jpeg?w=620)Korban sempat
dikejar para pelaku begal hingga akhirnya meminta bantuan warga yang menjaga
portal Jalan Gambang. (Wildan N/detikcom)  
  
---  
  
Menurut pengakuan salah seorang petugas keamanan di lokasi, korban sempat
dikejar hingga akhirnya meminta bantuan di TKP.

""Saya kurang tahu, yang tahu teman saya, dia yang jaga waktu kejadian. Dia
(korban) katanya sempat dikejar, nggak tahu dari mana, sampai sini dia minta
bantuan,"" ujarnya saat ditemui, Kamis (24/2).

Peristiwa penyerangan oleh komplotan begal itu terjadi pada Selasa (22/2),
sekitar pukul 04.30 WIB. Saat itu korban sempat dibantu warga yang menjaga
portal di lokasi.

![Seorang petugas PPSU diserang komplotan begal hingga terluka di Kelapa
Gading, Jakut. Begini kondisi di lokasi. \(Wildan
N/detikcom\)](https://akcdn.detik.net.id/community/media/visual/2022/02/24/seorang-
petugas-ppsu-diserang-komplotan-begal-hingga-terluka-di-kelapa-gading-jakut-
begini-kondisi-di-lokasi-wildan-ndetikcom-6_169.jpeg?w=620)Penyerangan oleh
komplotan begal itu terjadi di Jalan Acordion pada Selasa (22/2), sekitar
pukul 04.30 WIB. (Wildan N/detikcom)  
  
---  
  
###

### Terjadinya Upaya Pembegalan

Diberitakan sebelumnya, Kapolsek Kelapa Gading Kompol Rio M Tobing mengatakan
ada empat pelaku yang hendak merampas motor korban. Namun upaya para pelaku
gagal.

 _Simak selengkapnya di halaman selanjutnya._

Selanjutnya __

Halaman

1  2

 ",www.detik.com
"262 Pelaku Curas, Curat, dan Curanmor di Jatim Ditangkap Setahun Terakhir","Rabu, 10 Nov 2021 18:11 WIB","\- Sebanyak 262 tersangka kasus 3C (curat, curas dan curanmor) ditangkap.
Penangkapan para tersangka ini merupakan hasil operasi Polda Jatim dan polres
jajarannya selama periode 2020-2021.

""262 tersangka telah diamankan dari masing-masing kasus berbeda. Curat
sebanyak 127 tersangka, curas 51 tersangka dan curanmor 84 tersangka,"" terang
Wakapolda Jatim Brigjen Slamet Hadi Supraptoyo saat jumpa pers di Gedung
Mahameru, Rabu (10/11/2021).

Meski tidak setinggi kasus curat, namun pihaknya menyoroti kasus curas. Sebab,
dalam aksinya, para bandit ini kerap membuat korbannya terluka atau sengaja
dilukai.

""Kasus curas, biasanya para tersangka menjambret tas milik korban yang sedang
mengendarai sepeda motor dengan menodongkan senjata tajam. Tersangka pun tak
segan segan melukai korbannya jika melakukan perlawanan,"" jelas Hadi.

""Sedangkan dalam kasus curat. Juga mempunyai modus sendiri dalam melakukan
aksinya. Biasanya, tersangka merusak pintu atau jendela rumah atau gudang
milik korban,"" imbuhnya.

Dalam kesempatan ini, Polda Jatim juga menyerahkan 3 unit kendaraan roda empat
dan 1 unit sepeda motor kepada pemiliknya korban kasus curanmor. Salah satu
korban, Hasanuddin mengaku sangat bersyukur dan menyampaikan terimakasih
kepada polisi karena kendaraanya bisa kembali.

""Saya ucapkan terima kasih kepada Pak Kapolda dan anggota Jatanras yang telah
menangkap pelaku yang mencuri mobil saya,"" tutur Hasanuddin.

Ia kemudian menceritakan bahwa mobilnya hilang sejak sebulan yang lalu. Dari
keterangan polisi, mobilnya itu diketahui ditemukan di exit tol Japanan.

""Saat itu mobil saya parkir di depan rumah pukul 17.00 WIB, namun pada pukul
03.00 WIB, dini hari sudah tidak ada. Menurut keterangannya tadi mobil saya
ini ditemukan di tol Japanan,"" kata warga Pandaan, Pasuruan itu.

 ",www.detik.com
"Perkosa Santri hingga Hamil, Pimpinan Ponpes di Kukar Ditangkap!","Senin, 28 Mar 2022 05:17 WIB","\-

Seorang pimpinan pondok pesantren (ponpes) inisial AA (48) di Kutai
Kartanegara (Kukar), Kalimantan Timur (Kaltim) ditangkap polisi. AA diduga
memperkosa santrinya berusia 15 tahun hingga hamil.

""Modusnya tersangka imingi korban jadi pemimpin ponpes (pondok pesantren) di
salah satu ponpes miliknya. Kemudian diberikan uang sehari-hari senilai Rp 500
sampai Rp 700 ribu,"" ujar Kasat Reskrim Polres Kukar AKP Dedik Santoso dalam
keterangan persnya, seperti dikutip dari detikSulsel, Senin (28/3/2022).

Dedik menyebut aksi bejat itu dilakukan AA sejak sejak 15 Januari 2021 dan
terakhir pada 13 Desember 2021. Polisi menyebut korban kini dalam keadaan
hamil.

""TKP (tempat kejadian perkara) di salah satu kamar ponpes yang berada di
Kelurahan Mahulu, Kecamatan Tenggarong, Korban melapor pada 19 Januari 2022
dan ditindaklanjuti hingga kini. Korban memang keadaan hamil 4 minggu,""
jelasnya.

AA ditangkap saat berada di Kabupaten Bojonegoro pada 24 Maret, setelah
sebelumnya ditetapkan sebagai DPO. AA sempat tidak mengindahkan panggilan
polisi sebanyak 2 kali.

Polisi telah menahan AA kini di Polres Tenggarong bersama barang bukti pakaian
korban. AA disangkakan pasal 76D Jo 81 ayat 2 dan 3 UU perlindungan anak, No
35/2014 dengan ancaman maksimal 15 tahun penjara.

Simak berita selengkapnya di sini.

[Gambas:Video 20detik]

  
  

 ",www.detik.com
2 Pelaku Curanmor di Kahuripan Nirvana Sidoarjo Dibekuk dan Ditembak,"Jumat, 25 Mar 2022 16:25 WIB","\-

Dua pelaku curanmor di Sidoarjo ditangkap. Mereka ditangkap di Asemrowo,
Surabaya. Salah satu dari pelaku terpaksa ditembak kakinya.

Kedua pelaku yakni Rafi Akbar (19) dan M Usman (28). Mereka merupakan
spesialis curanmor di Surabaya dan Sidoarjo.

Aksi terakhir mereka diketahui dilakukan di Perumahan Kahuripan Nirvana, Desa
Sumput pada 14-23 Februari 2022. Adapun motor yang dicuri Honda Scoopy dan
Yamaha N-Max.

Kapolresta Sidoarjo Kombes Kusumo Wahyu Bintoro mengatakan dalam aksinya,
mereka bersama 3 pelaku lainnya yang kini telah diamankan Polrestabes
Surabaya. Kusumo menyebut modus yang dipakai para pelaku yakni menggunakan
kunci T.

""Pelaku menggunakan kunci T dalam melancarkan aksinya. Secara kebetulan, ada
kendaraan yang tidak dikunci setir, jadi tersangka tinggal mendorong motor
tersebut dan langsung membawanya kabur,"" kata Kusumo, Jumat (25/3/2022).

""Ada juga motor yang dicuri tersangka ini, saat diambil di dalam bagasinya ada
STNK motor,"" imbuhnya.

Motor-motor hasil curian itu, lanjut Kusumo, dijual kepada seorang penadah.
Saat ini penadah tersebut berstatus daftar pencarian orang (DPO).

Atas aksinya ini, kedua pelaku dijerat Pasal 363 KUHP terkait Pencurian dengan
Pemberatan (Curat). Adapun ancaman hukumannya yakni 7 tahun pidana penjara.

""Untuk mempertanggungjawabkan perbuatannya polisi memberikan tindakan tegas
dan terukur. Kini tersangka harus menjalani masa hukuman penjara selama 7
tahun, sesuai Pasal 363 KUHP,"" tandas Kusumo.

  
  
  
[Gambas:Video 20detik]  

 ",www.detik.com
Petugas PPSU di Jakpus Terancam Dipecat Usai Tipu-tipu Jadi Korban Begal,"Jumat, 29 Apr 2022 11:33 WIB","\-

Ray Prama Abdullah (28) seorang petugas Penanganan Prasarana dan Sarana Umum
(PPSU) di Kelurahan Mangga Dua Selatan membuat laporan palsu dirinya menjadi
korban begal. Akibat perbuatannya, Ray terancam dipecat dari pekerjaannya.

""Iya (akan dipecat) nantinya apabila dari hasil laporan berita acaranya
terbukti bersalah,"" kata Lurah Mangga Dua Selatan, Agata Bayu Putra saat
dihubungi, Jumat (29/4/2022).

Agata mengatakan akan menindak tegas jika Ray terbukti bersalah. Dia menyebut
pihaknya akan memanggil Ray untuk dimintai keterangan.

""Kami akan berkoordinasi dengan jajaran kelurahan dan akan melakukan panggilan
terhadap yang bersangkutan untuk dimintai keterangan terkait berita viral yang
beredar,"" katanya.

""Dan kami akan menindak tegas sesuai dengan sanksi yang mengacu kepada Pergub
125 tahun 2019,"" sambungnya.

Sebelumnya diberitakan, Ray mengaku telah menjadi korban begal di depan RS
Husada, Sawah Besar, Jakarta Pusat. Uang tunjangan hari raya (THR) sebesar Rp
4,4 juta yang baru diambilnya dari ATM raib dibawa para pelaku.

Peristiwa itu terjadi pada Rabu (27/4/2022) sekitar pukul 05.00 WIB. Kejadian
berawal ketika korban baru saja mengambil uang THR di ATM.

""Dari keterangan yang bersangkutan sih informasinya dibegal, jadi Subuh-subuh
kan baru cair THR. Yang bersangkutan ini ambil ke ATM,"" kata Lurah Mangga Dua
Selatan, Agata Bayu Putra, saat dihubungi Rabu (27/4).

Menurutnya, korban tidak sadar telah diikuti oleh pelaku. Ketika korban sampai
di zona penyapuan, korban langsung disergap oleh 10 orang.

Kemudian, pihak kepolisian pun segera melakukan penyelidikan dengan mendatangi
TKP dan mengumpulkan bukti-bukti. Namun setelah diselidiki, ternyata laporan
tersebut palsu.

""Setelah kami lakukan pemeriksaan mendalam, olah TKP dan bukti-bukti yang ada,
yang bersangkutan ternyata berbohong bahwa korban begal itu tidak ada,"" kata
Kapolsek Sawah Besar Kompol Maulana Mukarom saat dimintai konfirmasi, Kamis
(28/4).

[Gambas:Video 20detik]

 ",www.detik.com
Cekcok Batas Kebun Bikin 2 Kelompok Warga Kolut Bentrok Parang-1 Tewas,"Kamis, 02 Jun 2022 07:30 WIB","\-

Cekcok patok pembatas kebun di Kolaka Utara (Kolut), Sulawesi Tenggara
(Sultra) membuat dua kelompok warga bentrok menggunakan parang. Insiden nahas
tersebut menyebabkan seorang warga tewas dibacok.

Kepolisian setempat mengungkapkan dua kelompok warga yang bertikai awalnya
mengikuti kegiatan pengukuran batas kebun di Desa Mataleuno, Kecamatan Pakue
Utarare, Selasa (31/5) siang. Batas kebun tersebut memang menjadi sengketa
antara pria inisial J dan M, yang merupakan perwakilan masing-masing kelompok.

""Awalnya ada kegiatan pengukuran lahan kebun desa di Kecamatan Pakue Utara,""
kata Kasat Reskrim Polres Kolaka Utara AKP Husni Abda saat dihubungi , Rabu
(1/6/2022).

  

Husni mengatakan pengukuran lahan dilakukan untuk kepentingan jual beli tanah
di desa setempat. Namun saat proses pengukuran lahan kedua kelompok warga
justru terlibat pertengkaran, karena berselisih soal batas patok.

""Mau ada proses jual beli karena ada yang mau beli (lahan) makanya diukur
kembali. Dalam kegiatan tersebut terdapat selisih paham diantara beberapa
orang terkait patok batas,"" ujarnya.

Rupanya pertikaian itu tidak bisa diselesaikan secara damai sehingga dua
kelompok warga saling bacok menggunakan parang. Polisi yang menerima laporan
langsung menuju lokasi untuk meredam bentrokan.

## 1 Korban Tewas Kena Bacok di Dada

Polisi mengungkap insiden tersebut membuat pria berinisial A (60) tewas kena
bacok. Korban terluka pada bagian dadanya.

""Iya di bagian dada (korban terkena bacok),"" ungkap Husni.

Selain korban jiwa, bentrokan ini juga menyebabkan lima orang warga terluka.
Mereka kini dirawat di rumah sakit dan Puskesmas setempat.

""Akibat dari insiden itu 1 orang dari kelompok M berinisial A meninggal dunia,
sedangkan 5 lainnya luka-luka,"" ujarnya.

Polisi masih terus menyelidiki peristiwa bentrokan maut tersebut. Korban luka
yang kini menjalani perawatan juga akan dimintai keterangan sebagai saksi,
namun menunggu sampai kondisi mereka membaik.

""Para pelaku yang terlibat pertikaian masih dalam perawatan medis. Jadi belum
bisa diambil keterangannya,"" ungkapnya.

  
  
  
[Gambas:Video 20detik]  

 ",www.detik.com
Pencuri Motor Chef Aiko Rusak Gembok Pagar Pakai Cairan Kimia,"Rabu, 17 Nov 2021 11:13 WIB","\-

Dua pencuri menggondol motor trail CRF Rally 250 cc dari rumah _chef_ Aiko di
Kembangan, Jakarta Barat. Pelaku disebut-sebut merusak gembok pagar rumah
_chef_ Aiko dengan cairan kimia.

Saugi, suami _chef_ Aiko, menceritakan pencurian motor itu terjadi pada Senin
(15/11/2021) sekitar pukul 04.30 WIB, saat seisi rumahnya sedang tidur. Motor
itu milik Saugi.

Saugi, yang baru bangun tidur, kaget motornya sudah tidak ada di teras
rumahnya. Padahal gerbang rumahnya dalam kondisi terkunci.

""Iya, bangun tidur jam 06.30 WIB saya ke depan, kondisi motor _udah_ nggak
ada. Kondisi gerbang _udah_ kebuka,"" ujar Saugi kepada wartawan, Kamis
(17/11/2021).

Dari rekaman CCTV, pelaku terlihat berjumlah dua orang mengenakan topi.
Menurut Saugi, pelaku membobol pagar gerbang rumahnya dengan cairan kimia.

""Itu gemboknya dirusak, tapi dia pakai cairan. Jadi sekali gedor langsung
lepas,"" imbuhnya.

Setelah berhasil membobol pagar rumahnya, pelaku kemudian membidik motor trail
yang terparkir di teras rumah. Dalam hitungan detik, pelaku berhasil membobol
kunci setang motornya dan membawanya keluar.

Ketika dimintai konfirmasi terpisah, Kapolsek Kembangan Kompol Khoiri
mengatakan pihaknya telah mengetahui adanya peristiwa itu. Pihaknya kini akan
melakukan pengecekan terkait kejadian tersebut.

""Kami cek,"" singkat Khoiri saat dihubungi, Rabu (17/11).

Kanit Reskrim Polsek Kembangan AKP Ferdo Alfianto menambahkan, saat ini
pihaknya pun akan melakukan penyelidikan. Pengecekan ke lokasi rumah _chef_
Aiko akan dilakukan petugas.

""Kami akan lidik (penyelidikan) semuanya,"" ujar Ferdo.

 ",www.detik.com
Gercep! Pencuri Mobil di Karawang Ditangkap Usai 6 Jam Beraksi,"Rabu, 13 Apr 2022 22:03 WIB","\-

Hanya dalam hitungan jam usai mencuri mobil bak terbuka di Karawang, pelaku
bernasib sial karena langsung ditangkap. Bahkan, berkat gercep alias gerak
cepat polisi, pelaku ditangkap dalam kurun enam jam saja.

Kapolres Karawang AKBP Aldi Subartono mengatakan, belum sehari korban
mengadukan pencurian kendaraannya ke 'Lapor Pak Kapolres', jajarannya berhasil
menangkap komplotan pelaku pencurian.

""Mereka para pelaku berkomplot melakukan pencurian, pelaku diantaranya inisial
D alias Batak (39), inisial S (58), kemudian D Alias Dul (40) dan ODS (34),""
kata Aldi saat ekspos di Mapolres Karawang, Rabu (13/4/2022).

  

Diakuinya, para pelaku ditangkap enam jam setelah beroperasi dan bersembunyi
di Cianjur. ""Jadi kami tangkap setelah enam jam mereka melakukan pencurian,
dan mereka bersembunyi di Cianjur,"" jelasnya,

Di Karawang sendiri, para pelaku sudah belasan kali beroperasi di Karawang.
Bahkan, total kasus pencuriannya mencapai dua digit.

""Para pelaku sudah beroperasi 16 kali di wilayah hukum Karawang,"" ungkapnya.

Aldi menjelaskan, modus operasi komplotan ini dilakukan pada pukul 01.00-05.00
WIB. Caranya dengan memecahkan kaca dan menggunakan kunci palsu.

""Para pelaku juga terbilang sadis. Jika dalam aksinya terendus warga, kelompok
pelaku tersebut tidak segan-segan akan mengeluarkan senjata api (senpi),""
terangnya.

Sementara itu, barang bukti yang diamakan sebuah unit kendaraan bak terbuka
hasil curian dan sepucuk senjata api jenis softgun, serta beberapa telepon
genggam milik pelaku. Para pelaku dijerat pasal 363 KUHP diancam dengan pidana
penjara paling lama 7 tahun.

""Pelakunya dikenain pasal pencurian dengan Pemberatan sebagaimana dimaksud
dalam pasal 363 KUHP,"" pungkasnya.

 ",www.detik.com
Iqbal Pakai Uang Solar Satpol PP Rp 20 Juta Untuk Opersional Bunuh Najamuddin,"Kamis, 19 Mei  2022 18:31 WIB","\-

Kasatpol PP Makassar nonaktif Iqbal Asnan terungkap menggunakan uang
operasional solar Rp 20 juta dalam kasus pembunuhan pegawai Dishub Makassar
Najamuddin Sewang. Uang Rp 20 juta tersebut diserahkan kepada polisi Sulaiman
alias SA yang juga terlibat pembunuhan.

Pantauan , Kamis (19/5/2022), tersangka Iqbal bertemu empat mata dengan
Sulaiman di ruangannya di Balai Kota Makassar sebagaimana adegan rekonstruksi.
Iqbal meminta Sulaiman membunuh korban karena istrinya kerap diganggu.

Sulaiman kemudian menolak namun diminta mencari orang yang berani membunuh
korban. Selanjutnya Sulaiman keluar dari ruangan Iqbal dan tersangka Asri
masuk ke ruangan Iqbal.

  

Iqbal kemudian menyerahkan Rp 20 juta kepada Asri. Kemudian seorang jaksa
wanita menghampiri Asri dan bertanya Rp 20 juta itu untuk apa.

""Operasional ibu,"" jawab Asri kepada jaksa.

Jaksa tersebut kembali mencecar Asri yakni uang operasional apa yang dimaksud
oleh tersangka Asri. Tersangka pun menjawab uang operasional solar.

""Operasional solar,"" kata Asri.

Namun uang Rp 20 juta itu ternyata diberikan tersangka Asri kepada tersangka
Sulaiman di depan rumah Iqbal Asnan di Jalan Kumala, Makassar. Hal ini
dilakukan Asri atas perintah Iqbal Asnan.

Kasat Reskrim Polrestabes Makassar AKBP Reonald Truly Sohomuntal Simanjuntak
turut mengkonfirmasi uang Rp 20 juta itu memang diberikan Asri kepada Sulaiman
berdasarkan perintah dari Iqbal Asnan.

""Rp 20 juta untuk sementara yang di TKP pertama itu untuk operasional,"" kata
Rheonald.

  
  
  
[Gambas:Video 20detik]  

 ",www.detik.com
"AKBP Mustari Tetap Bantah Perkosa Remaja di Gowa, Berharap Vonis Bebas","Rabu, 08 Jun 2022 10:20 WIB","\-

AKBP Mustari, terdakwa kasus pemerkosaan remaja putri di Kabupaten Gowa,
berharap hakim menjatuhkan vonis bebas terhadap dirinya. Perwira menengah
(pamen) Polda Sulawesi Selatan (Sulsel) itu tetap pada pernyataannya, yang
membantah tudingan pihak korban.

Dilansir dari , Rabu (8/6/2022), penasihat hukum AKBP Mustari, Erwin Mahmud,
menyampaikan kliennya tak pernah memperkosa terduga korban. Bila benar terjadi
pemerkosaan, lanjut Erwin, korban pasti berteriak.

""Tidak ada satu pun bukti atau saksi yang lihat persetubuhan itu. Logikanya,
kalau anak ini diperkosa, itu kan dalam lingkup tetangga, sudah pasti ada
bahasa pasti entah dia teriak atau apa. Itu kan otomatis,"" jelasnya.

Erwin pun mengungkapkan kliennya kecewa lantaran eksepsinya ditolak majelis
hakim dalam sidang putusan sela, Senin (6/6). Erwin menyebut penolakan eksepsi
itu membuat AKBP Mustari makin tertekan secara psikologis.

""Iya kecewa sekali dari hasil putusan sela. Tertekan karena perbuatan yang
tidak dilakukan itu dibuat sedemikian rupa seakan-akan itu adalah benar,""
ungkapnya.

Sebelumnya diberitakan, Pengadilan Negeri (PN) Sungguminasa, Gowa, Sulawesi
Selatan (Sulsel), menggelar sidang perdana kasus AKBP MUstari, perwira Polda
Sulsel, atas dugaan kasus pemerkosaan. AKBP Mustari didakwa jaksa penuntut
umum (JPU) memperkosa gadis ABG berkali-kali.

Simak selengkapnya di sini.

[Gambas:Video 20detik]

  
  
  

 ",www.detik.com
"Terinspirasi Film, Pegawai Bank di Jaksel Nekat Merampok Gegara Terlilit Utang","Rabu, 06 Apr 2022 13:17 WIB","\-

Polisi mengungkap motif BS (43), pelaku perampokan bersenjata api di Bank BJB
Cilandak, Jakarta Selatan. Pelaku yang juga pegawai bank swasta itu nekat
merampok karena terlilit utang.

""Pelaku ini memang melakukan tindak pidana tersebut motifnya karena ekonomi,
karena terlilit utang,"" kata Kapolres Metro Jakarta Selatan Kombes Budhi Herdi
dalam jumpa pers, Rabu (6/4/2022).

Tersangka BS nekat merampok lantaran sudah dikejar-kejar penagih utang. BS
kemudian mengambil jalan pintas dengan melakukan perampokan bersenjata
_airsoft gun_.

""Di mana di hari Jumat (8/4) nanti itu sudah jatuh tempo utangnya dan yang
bersangkutan harus membayar utangnya dan terus dikejar oleh yang meminjamkan
utangnya. Sehingga dia timbul pikiran nekat untuk melakukan kejahatan,""
ujarnya.

Budhi tidak menjelaskan berapa banyak utang tersangka. Budhi mengungkapkan
tersangka nekat merampok lantaran sudah terdesak dengan utangnya itu.

Di sisi lain, tersangka selama ini bekerja dari rumah (WFH). Budhi mengatakan
tersangka melakukan perampokan lantaran terinspirasi dari film-film.

""Mungkin selama ini pandemi, banyak WFH, kemudian banyak menonton TV, dia
mempraktikkan ini. Padahal ini salah dan ini tidak dibenarkan,"" kata dia.

Budhi menuturkan saat ini tersangka sudah diamankan di Polres Metro Jakarta
Selatan beserta barang buktinya. Atas kasus tersebut, tersangka dijerat Pasal
365 _juncto_ Pasal 53 KUHP dan UU Darurat dengan ancaman hukuman hingga 10
tahun penjara.

[Gambas:Video 20detik]

  
  

 ",www.detik.com
Video Mesum Tersebar Bikin ABG di Taput Diperkosa 10 Pria,"Selasa, 07 Jun 2022 06:34 WIB","\-

Seorang remaja putri di Tapanuli Utara (Taput), Sumatera Utara (Sumut), CS
(16), diperkosa oleh 10 orang pria. CS diperkosa hingga 10 pria setelah video
mesumnya beredar.

Kasus ini berawal saat CS berhubungan badan dengan MRH atas dasar suka sama
suka. CS dan MRH merekam aksi mereka itu dan videonya tersimpan di handphone
milik MRH.

""Saat mereka melakukan cabul tersebut, mereka merekam lewat HP sehingga ada
video tersimpan di HP milik MRH,"" kata Kasubbag Humas Polres Taput Aiptu
Walpon Baringbing kepada detikSumut, Senin (6/6/2022).

  

Aksi merekam saat hubungan badan itu ternyata berbuntut panjang. CS harus
berurusan dengan 9 orang pria lainnya yang mendapatkan rekaman video itu.

Ke-9 pria itu meminta agar CS mau berhubungan badan dengan mereka. Jika tidak,
video mesum CS akan disebar oleh para pria itu.

""Takut dengan ancaman tersebut, korban pun mau disetubuhi,"" ucap Walpon.

Ke-9 pria itu adalah DH (19), AP (20) , BAS (20), RD (17) , LM (15) , EG (16),
ASS (17) , JS (16) , JAH (17). Mereka memperkosa CS secara bergantian.

Kasus ini pun terungkap. Ibu dari CS yang tidak terima melaporkan 10 pria itu
ke polisi. Polisi yang bergerak setelah mendapatkan laporan langsung menangkap
para pelaku.

""Atas perbuatan para tersangka kepada mereka dipersangkakan melanggar pasal
76E Yo Pasal 82 ayat( 1) (2) (3) dan (4) UU RI tahun 2016 tentang Peraturan
Pemerintah Pengganti Undang-Undang No 1 Tahun 2016 tentang Perubahan Kedua
atas Undang-Undang No 23 Tahun 2002 Tentang Perlindungan Anak dengan ancaman
hukuman minimal 5 tahun dan maksimal 15 tahun penjara,"" jelas Walpon.

  
  
  
[Gambas:Video 20detik]  

 ",www.detik.com
"Setahun Kabur dari Tahanan, Buron Polres Gunungkidul Tertangkap di Sumsel","Selasa, 24 Mei  2022 11:05 WIB","\-

Tim Buser Polres Gunungkidul akhirnya berhasil meringkus Jamaludin alias Aji
(26) buronan yang sudah dikejar selama lebih dari setahun. Aji kabur dari
ruang tahanan Polsek Gedangsari, Gunungkidul, pada Maret tahun lalu.

""Iya benar (tahanan kabur sudah tertangkap), yang bersangkutan tertangkap hari
Jumat (20/5/2022) di Musi Banyuasin, Sumatera Selatan,"" kata Kapolsek
Gedangsari, AKP Pudjijono kepada , Senin (23/5/2022).

Pudjijono melanjutkan, penangkapan terhadap Aji bermula saat Tim Buser Polres
Gunungkidul mendapatkan informasi terkait keberadaan DPO di Sukarami, Sekayu,
Musi Banyuasin, Sumsel.

Berdasarkan informasi yang diterima polisi, Aji bekerja di sebuah perusahaan
kelapa sawit. Namun setelah polisi tiba di lokasi, ternyata buron itu sudah
keluar dari pekerjaannya. Tim buser lantas mencari informasi lebih lanjut
mengenai tempat tinggalnya.

Kemudian, lanjut Pudjijono, pada hari Jumat polisi memperoleh informasi
tentang keberadaan kontrakan Aji bersama istrinya. Setelah melakukan
pengamatan, akhirnya Aji berhasil diringkus.

Selanjutnya, pria yang sudah setahun kabur dari tahanan itu kembali dibawa ke
Gunungkidul untuk menjalani pemeriksaan.

Dalam kasus tersebut, Aji menjadi tersangka dalam kasus pencurian handphone.
Dia saat itu ditahan di Polsek Gedangsari.

Awalnya, Aji meminta makanan dan minuman kepada penjaga tahanan. Dia berdalih
memerlukan makanan untuk berbuka puasa. Saat mengambil makanan, petugas itu
diduga lupa mengunci pintu tahanan.

Aji kemudian memanfaatkannya untuk kabur dan akhirnya berstatus buron selama
setahun.

  
  
  
[Gambas:Video 20detik]  

 ",www.detik.com
"Pria di Kendal Ini Tega Bunuh Ibu Kandung, Terungkap Setelah 5 Bulan","Rabu, 18 Mei  2022 22:12 WIB","\-

Tim Reskrim Polres Kendal menangkap seorang pria bernama Sunarto alias Tumian,
Rabu (18/5/2022). Pria itu diduga tega membunuh ibu kandungnya sendiri.

Pembunuhan itu sendiri terjadi pada Desember 2021 lalu. Polisi membutuhkan
waktu hingga 5 bulan untuk menemukan orang yang diduga membunuh Suratmi, warga
desa Korowelang Anyar kecamatan Cepiring, kabupaten Kendal.

""Kasus penganiayaan dengan pemberatan yang mengakibatkan korban Suratmi
meninggal dunia terjadi pada tanggal 19 Desember 2021. Dan kasus ini berhasil
kami ungkap beserta tersangkanya telah kami tangkap,"" kata Kasatreskrim Polres
Kendal, AKP Daniel A Tambunan saat ditemui di ruangannya, Rabu(18/5).

Berdasarkan data yang diperoleh , Suratmi tewas di dalam rumahnya. Mayatnya
ditemukan oleh Sunarto yang pura-pura datang berkunjung. Dia lantas berteriak
memanggil tetangganya hingga kasus pembunuhan itu ditangani polisi.

Polisi membutuhkan waktu beberapa bulan untuk mengungkap kasus itu. Selain
alibi yang digunakan oleh pelaku dengan berpura-pura menemukan mayat ibunya,
penyelidikan juga terkendala saksi dan barang bukti.

""Memang butuh waktu yang lama dan panjang selama 5 bulan untuk mengungkap
kasus pembunuhan ini. Saat itu kesulitan kami karena minimnya saksi dan alat
bukti yang ada di lokasi kejadian,"" terangnya.

Dalam pengungkapan kasus tersebut, polisi juga memeriksa 26 saksi, termasuk
Sunarto sebagai anak yang seolah-olah menjadi orang pertama yang menemukan
mayat korban. Namun, berdasar hasil penyelidikan, polisi lantas mencurigainya
dan menemukan bukti yang kuat untuk menjadikannya sebagai tersangka.

""Kami tidak kehilangan akal dan tidak putus asa, kami periksa 26 saksi
termasuk tersangka Sunarto yang dimintai keterangan sebagai saksi. Dari
pemeriksaan tersebut, hasilnya mengarah ke tersangka Sunarto,"" jelasnya.

""Dari keterangan saksi dan barang bukti yang dikumpulkan, Sunarto alias Tumian
adalah pelaku tunggal pembunuhan Suratmi yang merupakan ibu kandungnya
sendiri,"" kata Daniel menambahkan.

Polisi lantas menangkap tersangka tanpa perlawanan di rumahnya yang berada
satu desa dengan korban. Penyidik saat ini masih memeriksa tersangka untuk
mengetahui motif serta modus pembunuhan itu.

  
  
  
[Gambas:Video 20detik]  

 ",www.detik.com
"Berbekal Senpi Rakitan, Pelaku Curanmor Beraksi di Sukabumi","Rabu, 15 Des 2021 20:46 WIB","\-

Jejak kriminal Robi dihentikan polisi. Pelaku pencurian kendaraan bermotor
(curanmor) itu sudah beraksi di enam lokasi. Berbekal senjata api rakitan,
pelaku menakut-nakuti setiap korbannya.

Pria asal Palembang itu ditangkap polisi usai menjalankan aksinya di Kecamatan
Cicurug, Kabupaten Sukabumi, Rabu (8/12). Korban melapor setelah motor
miliknya hilang digondol pelaku.

""Pelaku ini memang sudah masuk TO (target operasi) kami. Ketika kami melakukan
penggeledahan, didapatkan senjata api rakitan lengkap dengan enam butir peluru
kaliber sembilan milimeter,"" ujar Kapolres Sukabumi AKBP Dedy Darmawansyah,
Rabu (15/12/2021).

Polisi kemudian melakukan penyelidikan lebih lanjut. Ada 6 TKP yang salah
satunya berada di wilayah hukum Polres Sukabumi Kota.

""Hasil pengakuan tersangka itu, dia sudah melakukan aksinya di enam TKP. Lima
di antaranya curanmor dan satu pecah kaca mengambil laptop di daerah Cicurug,""
ujar Dedy.

Polisi masih mendalami penyelidikan soal kepemilikan senjata rakitan jenis
revolver berikut enam butir peluru yang keseluruhannya aktif. ""Tersangka kami
kenakan Undang Undang Darurat dengan ancaman pidana kurungan 20 tahun penjara.
Sedangkan untuk lima TKP masih kita kembangkan lagi, satu TKP kita limpahkan
ke Polres Sukabumi Kota karena TKP-nya di wilayah kota,"" tutur Dedy.

Kasat Reskrim Polres Sukabumi AKP Rizka Fadhila menjelaskan tersangka Robi ini
merupakan TO. ""Kita sedang dalami, apakah pelaku ini yang dulu sempat viral
melakukan aksi (begal) di daerah Cikidang lantaran menggunakan senjata api,
sesuai dengan kriteria sama warna silver. Pengakuan pelaku senpi itu belum
sempat digunakan dan kita akan terus didalami. Ada juga beberapa yang masih
DPO,"" ujar Rizka.

 ",www.detik.com
Sandiwara-Tingkah Konyol Guru SD di Mojokerto Saat Terbongkar Kebohongannya,"Kamis, 24 Feb 2022 09:33 WIB","\-

Sri Wahyuliati Ningsih (42) bertingkah konyol saat sandiwara perampokan Rp 150
juta dibongkar polisi. Guru salah satu SDN di Kecamatan Ngoro, Mojokerto, ini
berpura-pura pingsan hingga menyembunyikan KTP di saku celana.

Dia sempat mengelak membuat laporan palsu. Ia kembali mengarang cerita tas
miliknya berisi uang Rp 500.000 dan kartu ATM dirampas orang saat pulang dari
mengajar.

Sri menyampaikan cerita karangannya itu kepada polisi saat menjalani perawatan
di RS Dharma Husada, Ngoro, Mojokerto pada Senin (21/2). Dia berpura-pura
sakit setelah sandiwara perampokan yang ia buat mulai dibongkar polisi. Karena
dokter yang merawatnya menyatakan kondisinya saat itu normal.

""Dia (Sri) pura-pura sakit. Dokter menyatakan kondisinya normal semua,"" ungkap
Kasat Reskrim Polres Mojokerto AKP Tiksnarto Andaru Rahutomo.

Andaru pun menerjunkan anggotanya untuk menjaga Sri di rumah sakit. Saat
itulah Sri kembali bertingkah konyol. Tanpa sadar sedang diawasi polisi, ibu
dua anak itu mengeluarkan uang dan KTP dari saku celananya. Padahal saat
melaporkan perampokan yang menimpanya, ia mengaku tidak membawa kartu
identitas.

""Sambil tiduran di bed rumah sakit, dia merogoh saku celananya. Tanpa dia
sadari, anggota melihat dia menghitung uang dan mengeluarkan KTP. Padahal saat
kami tanya di Polsek Ngoro, dia mengaku tidak bawa identitas,"" jelasnya.

Setelah sadar, Sri kembali diinterogasi polisi di rumah sakit. Alih-alih
mengaku tidak kehilangan uang Rp 150 juta, dia kembali bertingkah konyol
dengan mengaku tidak pernah kehilangan uang Rp 150 juta. Namun, tas miliknya
dirampas orang dalam perjalanan pulang dari mengajar di hari yang sama.

""Cuma tas berisi dompet, tidak ada (uang Rp 150 juta), cuma uang Rp 500.000
lebih sama kartu ATM, sama SIM sama kartu-kartu yang lain. Hilang dirampas
orang,"" kata Sri kepada polisi dengan wajah sayu.

Sri nekat membuat sandiwara perampokan tersebut untuk menutupi perbuatannya
yang menghabiskan uang pemberian orang tuanya Rp 150 juta. Orang tuanya
meminta Sri mendepositokan uang tersebut. Salah satunya untuk persediaan biaya
pendidikan dua anak Sri.

""Cuma tas berisi dompet, tidak ada (uang Rp 150 juta), cuma uang Rp 500.000
lebih sama kartu ATM, sama SIM sama kartu-kartu yang lain. Hilang dirampas
orang,"" kata Sri kepada polisi dengan wajah sayu.

Sri melapor ke Polsek Ngoro, Mojokerto pada Senin (21/2) sekitar pukul 13.00
WIB. Ia mengaku dirampok 4 orang di Jalan Raya Desa Tanjangrono, Ngoro,
Mojokerto, tepatnya di Jembatan Tanjangrono pada hari yang sama sekitar pukul
11.45 WIB.

Menurut pengakuannya, pelaku mengendarai sepeda motor Honda Vario dan Yamaha
RX King warna hitam. Sementara guru salah satu SDN di Kecamatan Ngoro tersebut
seorang diri mengendarai sepeda motor Honda BeAT nopol W 4351 NCE.

Komplotan perampok kabur setelah merampas tas miliknya yang berisi uang Rp 150
juta. PNS asal Desa Jiken, Kecamatan Tulangan, Sidoarjo itu mengaku baru
mencairkan uang tersebut dari Bank Jatim Cabang Pembantu Mojosari, Mojokerto
sekitar pukul 10.00-11.15 WIB.

Namun, Sri akhirnya meralat keterangannya tersebut saat diinterogasi polisi.
Ibu dua anak ini mengaku tidak mempunyai deposito di Bank Jatim karena uang di
rekeningnya hanya sekitar Rp 3 juta.

Dia mengaku uang Rp 150 juta pemberian orang tuanya tidak pernah hilang.
Karena Rp 100 juta ia depositokan di Bank Jatim. Sedangkan sisinya ia simpan
di sebuah koperasi.

""Tidak ada (deposito di Bank Jatim Rp 100 juta),"" ujar Sri sambil bersandar ke
pundak suaminya.

  
  
  
[Gambas:Video 20detik]  

 ",www.detik.com
Cerita Satu Keluarga di Ciamis Kompak Tangkap Maling,"Senin, 09 Mei  2022 15:31 WIB","\-

Pasangan suami istri (pasutri) Herman dan Ai Nurjanah di Desa Sukasenang,
Kecamatan Sindangkasih, Kabupaten Ciamis, mengalami luka bacok usai berduel
dengan pencuri yang merangsek masuk ke rumahnya, Senin (9/5/2022) dini hari.

Saat orang tuanya melawan maling, Agung yang merupakan anaknya turut membantu
memukul pelaku. Satu keluarga ini bahu membahu melumpuhkan hingga menangkap
maling tersebut.

Agung, anak pertama Herman, bercerita ia terbangun saat mendengar suara.
Kemudian melihat jendela ternyata ada orang yang sedang mencongkel. Awalnya ia
mengira bapaknya, namun setelah dilihat ternyata orang lain diduga maling yang
kemudian masuk ke rumahnya.

  

""Maling itu masuk kemudian jalan ke dapur dan ke ruangan lain sambil bawa
golok kecil. Lalu saya membangunkan bapak dan ibu di kamar,"" ungkapnya saat
ditemui di Puskesmas Sindangkasih, Senin (9/5/2022).

Tak lama kemudian maling itu kembali ke ruangan tengah dan duel dengan
bapaknya. Agung pun mengaku membantu dengan memukul maling tersebut.

""Saya berteriak maling-maling dan sempat juga memukulnya,"" ungkap Agung.

Ai Nurjanah, ibunya pun turut membantu melumpuhkan maling dengan mencoba
memegang dan merampas golok dari pelaku. Namun saat itu pelaku berontak dan
tangannya kena sabet golok.

""Saat sedang merebut, tangan saya luka karena sabetan golok,"" tuturnya.

Sementara itu, Herman yang ditemui di Puskesmas Sindangkasih mengatakan
setelah berkelahi, pelaku sempat akan kabur saat sedang ditangkap. Beruntung
Herman sigap menjatuhkan pelaku dengan memegang kakinya, lalu mengunci tubuh
dan menjepit leher pelaku.

Saat berkelahi, Herman mendapat luka di telinga dan di tangan. Hana yang
merupakan anak perempuannya pun sempat membantu dengan memukul pelaku. Tapi
Hana sempat mendapat luka cakar di leher oleh pelaku.

Setelah berhasil ditangkap, warga kemudian berdatangan. Herman pun sempat
meminta warga mencari tali tambang. Namun menurut Herman, warga terlihat hanya
bengong seperti terkesima. Kini kasus tersebut ditangani Unit Jatanras
Satreskrim Polres Ciamis.

""Kami sudah mendapat laporan. Ada 3 korban mengalami luka-luka, seorang di
antaranya dirawat di Puskesmas. Laporan di Polsek Cikoneng dan ditangani oleh
Satreskrim Polres Ciamis,"" ujar Kasi Humas Polres Ciamis Iptu Magdalen.

  
  
  
[Gambas:Video 20detik]  

 ",www.detik.com
"ABG Baubau Diperkosa-Dipaksa LGBT Trauma, Pengacara Kesal PPA Tak Dampingi","Jumat, 29 Apr 2022 02:01 WIB","\-

Remaja putri inisial Y (16) di Kota Baubau, Sulawesi Tenggara (Sultra) yang
menjadi korban pemerkosaan dan dipaksa berhubungan sesama jenis alias LGBT
mengalami trauma berat. Kuasa hukum korban lantas kesal karena Dinas
Pemberdayaan Perempuan dan Perlindungan Anak (PPA) Kota Baubau tak memberikan
pendampingan psikologi lanjutan.

""Kami sangat sesalkan, pascalaporan ke Polres, psikolog belum melakukan
pendampingan (dari DP3A Baubau) kepada korban, padahal korban sangat trauma,""
kata Kuasa Hukum Y, Safrin Salam kepada , Kamis (28/4/2022).

Safrin mengungkapkan, korban sangat terpukul usai kejadian tersebut. Keluarga
juga mengungkapkan korban sering menyendiri di kamar setelah kasus tersebut
mencuat ke publik.

  

""Pas pelaporan (di Polres Baubau) pendampingan satu kali (dari PPA Baubau),
setelah itu tidak ada lagi. Padahal dari pihak keluarga sampaikan kondisi
psikis korban cukup down,"" ujarnya.

Dia menyesalkan tindakan Dinas PPA Kota Baubau yang belum lagi melakukan upaya
pendampingan kepada korban hingga saat ini.

""Pernah kami menghadap katanya harus buat laporan dulu. Kami juga bingung
laporan seperti apa, padahal kita sudah buat laporan (ke polisi),"" ungkapnya.

""Mereka juga minta korban melapor langsung. Korban ini tidak bisa ke mana-
mana, masa iya dipaksa pergi melapor,"" tegasnya.

Safrin mengungkapkan korban dan keluarganya sangat terpukul jika DP3A menunda-
nunda pendampingan dengan alasan administrasi. Dia menegaskan korban
membutuhkan pendampingan secara serius.

Dikonfirmasi terpisah, Kepala UPTD Dinas PPA Kota Baubau, Mardiana Aksa
mengungkapkan sampai saat ini pihak keluarga korban belum membuat laporan
pendampingan. Dia menegaskan laporan pendampingan perlu dilakukan untuk
menjadi acuan DP3A melakukan penindakan.

""Korban atau keluarga korban tidak pernah ke kantor untuk mengisi data agar
kami bisa mendampingi, karena itu salah satu persyaratan untuk jadi laporan
kami,"" ungkapnya.

Mardiana juga memastikan pihaknya sudah melakukan tugas sebagaimana mestinya.
""Yang jelas anggota saya sudah melakukan tugasnya,"" papar dia.

Mardiana menduga ada kesalapahaman antara keluarga dan pihaknya dalam
penanganan kasus tersebut. Namun dia berjanji akan mendatangi rumah korban
untuk melakukan penanganan lebih lanjut.

""Besok kami akan ke rumah korban untuk menjelaskan mis-nya di mana,"" ujar dia.

  
  
  
[Gambas:Video 20detik]  

 ",www.detik.com
Aksi Sadis Begal Sasar Ibu Hamil di Bekasi Kini Diburu Polisi,"Kamis, 10 Mar 2022 05:01 WIB","\-

Aksi pembegalan di jalanan Ibu Kota dan sekitarnya kian meresahkan. Para
pelaku tak memandang siapa korbannya.

Seperti contoh kejadian begal di Perumahan Dukuh Zamrud, Kecamatan Mustika
Jaya, Kota Bekasi, pada Selasa (8/3) sekitar pukul 05.00 WIB. Korban seorang
ibu hamil berinisial S (31) dipepet dan didorong hingga jatuh dari motor.

## Viral di Media Sosial

Peristiwa tersebut terekam CCTV dan viral di media sosial. Korban saat itu
sedang berangkat kerja tiba-tiba dipepet oleh para pelaku yang berboncengan 3
motor.

Para pelaku lalu turun dari atas motor. Salah satunya mendorong korban dari
atas motor hingga terjatuh.

##  
Sedang Hamil 4 Bulan

Rekan korban, Asep mengatakan korban sedang hamil 4 bulan. Saat dibegal,
korban sedang berangkat kerja di sebuah rumah sakit.

""Korban yang sedang hamil 4 bulan mau berangkat dinas atau kerja ke rumah
sakit daerah Kota Bekasi, yang bersangkutan berangkat pukul 04.45 WIB, setelah
subuh,"" tutur Asep ketika dihubungi pada Rabu (9/3).

Menurut Asep, para pelaku membawa senjata tajam (sajam). Namun pelaku hanya
menggunakan sajam untuk menakut-nakuti korban.

""Hanya menakuti tapi begal menendang motor korban, korban terjatuh, dan begal
berhasil membawa motor korban,"" tuturnya.

  

[Gambas:Video 20detik]

Selanjutnya __

Halaman

1  2  3

 ",www.detik.com
Tangis Mantan Istri Pria yang Ditembak Mati di Sumenep: Dia Bukan Begal,"Kamis, 17 Mar 2022 15:59 WIB","\-

Ratusan orang menggelar demo di depan Polres Sumenep. Mereka memprotes
penembakan mati Herman terduga pelaku begal. Massa kemudian ditemui Kapolres
Sumenep AKBP Rahman wijaya.

Di antara massa tersebut turut serta mantan istri Herman bernama Yunita Nur
Anisa dan anaknya. Tangis mereka pecah saat bertemu dengan Rahman.

Di depan Rahman, Anisa membantah almarhum mantan suaminya adalah begal.
Sebaliknya, Anisa menyebut almarhum Herman merupakan orang baik dan pekerja
keras.

""Dia orangnya baik tidak seperti yang dituduhkan, pekerja keras tidak pernah
minta-minta sama orang, yang dituduhkan polisi itu tidak benar, dia bukan
begal,"" ujar Anisa, Kamis (17/3/2022).

Demo ratusan massa itu digelar pada pukul 11.00 WIB dengan berjalan kaki.
Mereka menuntut lima oknum polisi penembak Herman agar ditangkap.

Herman ditembak mati setelah diduga mencoba akan membegal seorang perempuan di
Jalan Adirasa, Kalor, Sumenep, Madura pada Minggu (13/3) sore. Herman tidak
mengindahkan tembakan peringatan polisi.

Dia bahkan maju mendekati polisi sambil menenteng celurit. Polisi pun
memberikan tembakan terukur yang membuat Herman jatuh tersungkur dan tewas
dalam perjalanan ke rumah sakit.

Usai peristiwa itu, lima anggota Resmob Polres Sumenep kemudian dipanggil Bid
Propam Polda Jatim pada Selasa (15/3). Mereka dipanggil untuk menjalani
pemeriksaan dan klarifikasi.

  
  
  
[Gambas:Video 20detik]  

 ",www.detik.com
Pria Minahasa Perkosa Keponakan hingga Hamil Diciduk Polisi,"Selasa, 07 Jun 2022 01:53 WIB","\-

Seorang pria inisial FM (41) di Kabupaten Minahasa, Sulawesi Utara (Sulut)
ditangkap polisi atas kasus pemerkosaan terhadap keponakannya yang berusia 13
tahun hingga hamil. FM bahkan tega meminta korban untuk menggugurkan
kandungannya.

""Itu _torang_ (kami) sementara dalami (menggugurkan kandungan). Kan katanya
informasi dia _kase_ (beri) pil tuntas. Tapi korban tidak mau minum,"" kata
Kanit PPA Polres Minahasa Ipda Juliana Oraile kepada , Senin (6/6/2022).

Juliana mengungkapkan, pelaku FM sudah dua kali melakukan aksi bejatnya
tersebut. FM memperkosa korban di rumah neneknya di Kabupaten Minahasa.

  

FM mengakui telah memperkosa korban sejak Januari 2022. Korban yang hamil
akibat perlakuan tidak terpuji itu kemudian dicurigai oleh neneknya. Korban
lantas diinterogasi dan mengakui bahwa dirinya hamil.

""Omanya curiga, karena _so lain_ (sudah mencurigakan). Karena kelihatan
payudaranya yang semakin membesar, jadi memang kelihatanya orang hamil. Jadi
mungkin dari situ kecurigaan oma jadi oma interogasi, dan korban mengaku,""
tuturnya.

Tak terima dengan perlakuan itu, nenek korban lalu melapor ke polisi pada
Jumat (3/6). Berdasarkan laporan polisi Nomor B/306/VI/2022/Spkt Polres
Minahasa/Polda Sulut, FM lalu diamankan guna penyelidikan lebih lanjut.

""Tersangka sudah ditahan Sabtu (4/6/2022). Nanti penahanan awal 20 sampai 23
hari. Kalau penyelidikan belum kelar nanti _torang_ (kami) lanjutkan
perpanjang penahanan 40 hari ke depan sambil menyiapkan berkas ke tahap satu,""
katanya.

Sementara itu, lanjut Juliana, korban dijadwalkan melakukan visum pada Selasa
(7/6). Namun polisi sejauh ini sudah mengantongi keterangan korban yang sudah
mengandung selama empat bulan.

""Memang _torang_ (kami) belum lakukan visum karena laporan kan hari Jumat
(3/6), sementara dokter nanti besok. Tapi yang pasti pengakuan dia (korban),
dan keterangan ayahnya korban sudah hamil. Perkiraan sekitar empat bulan. Jadi
nanti _torang_ perkuat divisum,"" terangnya.

Juliana menegaskan, pihaknya bakal melakukan penyelidikan lebih dalam terkait
korban yang diminta menggugurkan kandungannya.

Pelaku sejauh ini disangkakan Pasal 81 UU RI No 17 Tahun 2016 tentang
Penetapan Peraturan Pemerintah UU No 1 Tahun 2016 dengan ancaman hukuman 15
tahun penjara.

""Nanti _torang_ (kami) dalami perbuatan tersangka yang menyuruh (menggugurkan
kandungan), nanti _torang_ (kami) lapis (perkuat) supaya lebih berat
hukumannya. Kalau kita hitung mungkin ada 10 butir. Tapi menurut korban dia
tidak mau minum,"" pungkasnya.

  
  
  
[Gambas:Video 20detik]  

 ",www.detik.com
"Jalinsum Mesuji Rawan Begal, Polisi Siap Kawal Pemudik hingga ke OKI","Minggu, 01 Mei  2022 02:42 WIB","\-

Jalan Lintas Timur (Jalinsum) Mesuji, Lampung, rawan aksi begal. Polres Mesuji
pun siap melakukan pengawalan kepada para pemudik hingga ke perbatasan Mesji-
Ogan Komering Ilir (OKI) Sumatera Selatan.

""Pengawalan ini untuk menjaga keamanan pemudik dari tindak kejahatan jalanan
atau begal,"" ujar Kapolres Mesuji AKBP Yuliharyudo dalam keterangan kepada ,
Sabtu (30/4/2022).

Yuliharyudo menambahkan, pihaknya siaga 24 jam di pos pengamanan dan pos
pelayanan. Polres Mesuji juga menyebar personel di sepanjang Jalinsum Mesuji
untuk memberikan rasa aman kepada masyarakat yang mudik lebaran.

""Kami telah siapkan personel dengan melibatkan unsur TNI dan Satpol PP untuk
melakukan pengawalan. Pengawalan ini berlaku bagi siapa saja yang hendak
mudik, ini dilakukan untuk memberikan rasa aman kepada masyarakat yang
melaksanakan mudik untuk bertemu keluarga di kampungnya,"" jelasnya.

Sejumlah personel juga disiapkan untuk melakukan patroli mobile di sepanjang
Jalinsum, Mesuji, Lampung.

""15 personeldari Satreskrim Tim Tekab 308 Polres Mesuji, sifatnya mobile di
sepanjang Jalinsum,"" imbuhnya.

#### Minim Penerangan Jalan Umum

Sementara itu, Yuliharyudo mengakui Jalan Lintas Timur rawan akan kejahatan
seperti begal. Di samping kondisi lalu lintas yang sepi, Jalinsum Mesuji juga
rawan karena minim penerangan jalan umum (PJU).

""Memang rata-rata minim penerangan jalan umum,"" imbuh Yuliharyudo.

  
 _Baca di halaman selanjutnya: pemudik menjadi sasaran begal di Jalinsum._

Selanjutnya __

Halaman

1  2

 ",www.detik.com
Viral Kawanan Berpistol Rampok Minimarket di Jaktim di Siang Bolong,"Sabtu, 11 Jun 2022 10:54 WIB","\-

Sebuah video memuat aksi perampokan di minimarket di daerah Otista,
Jatinegara, Jakarta Timur, viral di media sosial. Pelaku tampak menenteng
benda diduga pistol saat melakukan aksinya.

Peristiwa itu disebut terjadi pada Jumat (3/6) sekitar pukul 13.12 WIB. Pelaku
menggunakan kaus warna hijau terlihat begitu leluasa mengancam dua pegawai
minimarket.

Pelaku awalnya berkeliling di dalam minimarket. Tidak berselang lama, pelaku
sambil menenteng pistol menghampiri meja kasir lalu mengambil sejumlah barang
di lokasi.

Kasat Reskrim Polres Metro Jakarta Timur AKBP Ahsanul Muqaffi membenarkan
adanya peristiwa tersebut. Dia menyebut pihaknya kini tengah memburu pelaku.

""Sedang dilakukan penyelidikan. Mohon doanya agar pelaku segera tertangkap,""
kata Ahsanul saat dihubungi, Sabtu (11/6/2022).

Dihubungi terpisah, Kanit Reskrim Polsek Jatinegara Iptu Zulkasman mengatakan
tidak ada warga yang terluka dari aksi perampokan tersebut. Dua orang pegawai
minimarket yang berada di lokasi ketika kejadian itu terjadi pun tidak
mengalami luka.

Namun dia menyebut pelaku berhasil mengambil sejumlah uang dan barang-barang
di minimarket tersebut.

""Kerugian uang di bawah Rp 1 juta. Kalau barang, rokok saja yang diambil,""
tutur Zulkasman.

 ",www.detik.com
Ini TKP Penemuan Mayat Gadis ABG Korban Pembunuhan Sadis di Kebumen,"Kamis, 19 Mei  2022 19:12 WIB","\-

Warga Desa Kaliputih, Kecamatan Alian, Kabupaten Kebumen, digegerkan dengan
penemuan mayat gadis ABG tanpa identitas pada Sabtu (14/5) lalu. Pelaku
pembunuhan sudah ditangkap, sementara lokasi penemuan korban pembunuhan itu
saat ini masih dikelilingi garis polisi.

Korban tewas diketahui masih berusia 14 tahun. Korban ditemukan tewas di
sebuah ladang di Dusun Watu Gede, Desa Kaliputih, Kecamatan Alian. Saat
mendatangi tempat kejadian perkara (TKP) pada Kamis (19/5/2022) sore, garis
polisi masih nampak terpasang.

Lokasi yang dipasangi garis polisi berada di pinggir jalan setapak. Kanan
kirinya dipenuhi pepohonan, sementara kontur tanah miring.

Warga terlihat lalu-lalang naik turun melintasi jalan setapak yang tak jauh
dari lokasi kejadian. Ada yang menggunakan sepeda motor, ada pula yang
berjalan kaki.

![Lokasi penemuan mayat gadis ABG yang ternyata korban pembunuhan, di Desa
Kaliputih, Kecamatan Alian, Kebumen, Kamis
\(19/5/2022\).](https://akcdn.detik.net.id/community/media/visual/2022/05/19/lokasi-
penemuan-mayat-gadis-abg-yang-ternyata-korban-pembunuhan-di-desa-kaliputih-
kecamatan-alian-kebumen-kamis-1952022_169.jpeg?w=620)Lokasi penemuan mayat
gadis ABG yang ternyata korban pembunuhan, di Desa Kaliputih, Kecamatan Alian,
Kebumen, Kamis (19/5/2022). Foto: Rinto Heksantoro/detikJateng  
  
---  
  
Diberitakan sebelumnya, mayat gadis ABG di ladang, Desa Kaliputih, Kecamatan
Alian, Kabupaten Kebumen, tersebut merupakan korban pembunuhan. Fakta itu
berdasarkan hasil penyelidikan polisi. Pelaku juga sudah diamankan di Mapolres
Kebumen.

""Korban pembunuhan,"" kata Direktur Reserse Kriminal Umum Polda Jateng Kombes
Djuhandhani Rahardjo Puro kepada wartawan di Mapolda Jateng, Kamis (19/5).

  
  
  
[Gambas:Video 20detik]  

 ",www.detik.com
Awal Mula Terkuaknya Ayah Perkosa Anak Kandung hingga Tewas di Semarang,"Senin, 21 Mar 2022 15:35 WIB","\-

Aksi bejat ayah memerkosa anak kandung hingga tewas di Semarang, Jawa Tengah,
terbongkar. Kasus ini terungkap setelah mantan istri pelaku yang juga ibu
kandung korban melapor ke polisi.

""Yang melaporkan ibu kandung korban atau mantan istri tersangka. Mereka
tadinya suami istri (dengan) anak tiga. Anak (korban) ikut ibunya, tapi masih
sering nengok bapaknya di kos,"" ujar Wakil Kepala Polrestabes Semarang, AKBP
IGA Dwi Perbawa Nugraha, dalam jumpa pers di kantornya, Senin (21/3/2022).

Iga menjelaskan korban yang masih berusia 8 tahun itu datang ke kos ayahnya
atau pelaku berinisial WD (41) dalam kondisi demam. Pelaku memerkosa korban
yang sedang dalam kondisi tidak berdaya. Korban akhirnya mengalami kejang
selama sekitar satu hingga dua jam.

Kasatreskrim Polrestabes Semarang, AKBP Donny Sardo Lumbantoruan, menambahkan
korban akhirnya dilarikan ke rumah sakit, tapi nyawanya tidak tertolong. Dalam
surat keterangan dokter terungkap, kematian korban tidak wajar.

""Dengan tanda kekerasan di vagina dan dubur. Dari adanya itu kita buatkan
laporan polisi, sementara kondisi korban sudah dimakamkan. Dengan adanya
dugaan kematian tidak wajar lakukan pembongkaran dan autopsi hari itu juga.
Terbukti adanya kematian yang diakibatkan kekerasan seksual,"" jelas Donny.

Diberitakan sebelumnya, polisi membongkar makam seorang bocah berusia 8 tahun
di Kota Semarang, Jawa Tengah pada Sabtu (19/3). Makam tersebut berada di
Kecamatan Genuk.

Polrestabes Semarang saat itu mengungkap sedang menyelidiki laporan masyarakat
terkait kematian bocah tersebut.

Kasat Reskrim Polrestabes Semarang AKBP Dony Lombantoruan mengatakan pihaknya
juga telah berkoordinasi dengan keluarga korban untuk melakukan pembongkaran
makam. Belakangan terungkap bocah itu tewas gegara diperkosa ayah kandungnya
sendiri.

  
  
  
[Gambas:Video 20detik]  

 ",www.detik.com
Polisi Buru Pencuri Motor Trail Rp 90 Juta Milik Chef Aiko,"Rabu, 17 Nov 2021 18:32 WIB","\-

Motor CRF Rally 250 cc senilai Rp 90 juta milik suami _chef_ Aiko, Ahmad Saugi
Balfas, hilang dicuri di rumahnya di Kembangan, Jakarta Barat. Polisi bergerak
memburu pelaku pencurian.

""Siap (memburu pelaku) mohon doa,"" ujar Kapolsek Kembangan Kompol Khoiri
kepada , Rabu (17/11/2021).

Khoiri menyebut pihaknya akan berkoordinasi dengan kepolisian Polsek wilayah
lain untuk memburu pelaku. Hingga kini, kasus tersebut masih dalam
penyelidikan polisi.

""Kita usahakan kordinasi juga dengan polsek-polsek wilayah lain. Pelat tidak
kelihatan, kita masih cari petunjuk lain,"" tutur Khoiri.

Khoiri menyebut Saugi beserta _chef Aiko_ sudah dimintai keterangan oleh
polisi terkait kejadian tersebut.

""Baru korban saja (yang diperiksa),"" ungkal Khoiri.

### Dua Pelaku Terekam CCTV

Sebelumnya, rumah _chef_ Aiko di Kembangan, Jakarta Barat, disatroni maling.
Motor _trail_ CRF Rally 250 cc milik suaminya, Ahmad Saugi Balfas, raib dibawa
dua pelaku.

Pencurian terjadi pada Senin (15/11/2021), sekitar pukul 04.30 WIB. Aksi
pencurian oleh 2 pelaku yang berboncengan motor itu terekam kamera CCTV milik
tetangga Saugi dan Aiko.

""(CCTV) tetangga, kebenaran yang di sini rusak. Baru pasang lagi yang baru,""
kata Saugi kepada wartawan, Rabu (17/11).

 _Baca selengkapnya di halaman selanjutnya..._

Selanjutnya __

Halaman

1  2

 ",www.detik.com
"Sempat Buron, 2 Bandit Modus 'Mata Elang' Rampas Motor di Jakbar Diciduk","Sabtu, 04 Jun 2022 16:00 WIB","\-

Polisi menangkap dua terduga bandit bermodus sebagai _debt collector_ atau
'mata elang' di Kembangan, Jakarta Barat. Total, ada tiga dari empat orang
pelaku yang ditangkap.

""Dua orang _debt collector_ yang sempat buron berinisial SB (26) dan YR (22)
diamankan setelah terlibat aksi perampasan sepeda motor di kawasan Joglo,
Kembangan, Jakbar, beberapa waktu lalu. Sebelumnya, Polsek Kembangan
mengamankan satu pelaku lain berinisial OYS (31),"" kata Kasi Humas Polres
Metro Jakarta Barat Kompol Moch Taufik Iksan kepada wartawan, Sabtu
(4/6/2022).

Kapolsek Kembangan, Kompol Binsar H Sianturi, mengatakan SB dan YR ditangkap
di Tangerang. Dia menyebut keduanya telah beraksi selama satu tahun.

""Para pelaku sudah beraksi selama satu tahun dengan modus mengaku sebagai
petugas _debt collector,_ pelaku sudah merampas sepeda motor lebih dari lima
kali,"" katanya.

Binsar mengatakan pelaku menjual motor rampasan kepada penadah. Dia menyebut
pihaknya telah mengidentifikasi penadah itu.

""Rata-rata dari hasil penjualan tersebut pelaku menjual dengan harga Rp 3-4
juta, masing-masing pelaku mendapat pembagian sebesar Rp 300-400 ribu,""
katanya.

Binsar menegaskan pelaku bukan berasal dari leasing resmi. Menurutnya, pelaku
selalu mencari sasaran secara acak.

""Mereka hanya mengaku saja sebagai petugas debt collector. Umumnya mereka
beraksi secara acak mencari sasaran,"" kata Binsar.

Kanit Reskrim Polsek Kembangan AKP Reno Apri Dwijayanto menjelaskan petugas
_debt collector_ asli akan mendatangi rumah debitur dan tidak menghentikannya
di jalan. Menurutnya, mereka beraksi menggunakan aplikasi pengecekan nomor
polisi.

""Umumnya mereka para _debt collector_ beraksi dengan menggunakan dan memiliki
aplikasi untuk pengecekan nomor polisi baik itu yang ada di PlayStore maupun
diinstall langsung dan menanyakan hal tersebut kepada korbannya setelah mereka
mengetik nomor polisi dan kemudian memberhentikan kendaraan korbannya,""
katanya.

""Saran kami agar OJK dan Kominfo melakukan filtering dan dilakukan take down
terhadap aplikasi pengecekan nomor polisi yang tidak berizin dari Korlantas
Polri,"" sambungnya.

Sebelumnya, peristiwa tersebut terjadi pada Jumat (26/5). Pelaku OYS beraksi
bersama tiga rekannya berniat merampas motor milik IR (24).

Namun, saat akan membawa motor korban sempat terjadi duel antara pelaku dan
korban. Karena kalah, kemudian pelaku tersebut melarikan diri dan korban
sempat mengejar pelaku tersebut dengan ojek _online._

Hingga akhirnya pelaku tersebut menabrak orang lain di TKP. Pelaku kemudian
berhasil diamankan dengan bantuan warga sekitar.

""Setelah lari dikejar dengan motor ojol. Kemudian salah satu pelaku ini nabrak
ibu-ibu. Dia (korban) teriak maling, di massa (diamankan) oleh masyarakat,""
ujar Reno saat dihubungi, Rabu (1/6).

[Gambas:Video 20detik]

  
  

 ",www.detik.com
Ini Peran 9 Tersangka Begal 2 Prajurit TNI di Jaksel,"Selasa, 10 Mei  2022 15:57 WIB","\-

Sembilan begal dua prajurit TNI di Kebayoran Baru, Jakarta Selatan (Jaksel),
ditetapkan sebagai tersangka. Ini peran para tersangka.

""MRH (20) perannya eksekutor yang melakukan percobaan pencurian. Kemudian MRM
(19) peran mengelilingi korban untuk melakukan percobaan pencurian,"" kata
Kabid Humas Polda Metro Jaya Kombes Endra Zulpan kepada wartawan, Selasa
(10/5/2022).

Lalu, RM (24) perannya sebagai joki memboncengkan tersangka lain berinisial
TP. Kemudian NB (16) juga berperan mengelilingi korban untuk melakukan
percobaan pencurian.

""Kemudian, FR (17) peran joki yang memboncengkan tersangka MRM. Kemudian
keenam, TP (21) peran melempar dengan menggunakan satu buah batu _conblock_ ke
arah korban,"" terangnya.

Ketujuh, MAH (15) berperan turut serta meramaikan rombongan untuk melakukan
percobaan pencurian. Kemudian, AM (19) berperan mengelilingi korban untuk
melakukan percobaan pencurian.

""Kesembilan, RM (19) berperan sebagai joki yang memboncengkan Tersangka NB,""
jelasnya.

Kejadian itu berawal pada Sabtu (7/5), ketika tersangka berkumpul di wilayah
Bulungan. Pelaku saat kejadian mengkonsumsi minuman keras (miras).

""Jadi ada pengaruh miras di sini,"" ujarnya.

Setelah mengkonsumsi miras, pelaku berkeliling menggunakan sepeda motor.
Kemudian menghampiri korban depan SMPN 29 Jakarta Selatan.

""Kemudian melihat korban yang sedang menggunakan sepeda motor Yamaha Mio Soul
merah. Mereka menghampiri dengan modus meminta rokok, kemudian ada salah satu
pelaku lain yang melempar batu _conblock_ , namun tidak mengenai korban,""
beber Zulpan.

Saat itu korban melakukan perlawanan. Akibatnya, kesembilan pelaku melarikan
diri.

""Kemudian dalam upayanya melarikan diri ini dilakukan pengejaran oleh korban
yang merupakan anggota TNI tersebut. Kemudian berhasil menendang satu motor
dari empat motor yang lari tersebut dan terjatuh,"" imbuhnya.

Akibat perbuatannya, para pelaku disangkakan dengan Pasal 53 KUHP _juncto_
Pasal 365 KUHP dengan ancaman pidana paling lama 9 tahun penjara.

 ",www.detik.com
"Begal Bersenjata Bacok Sopir di Bekasi, Pelaku Tertangkap Usai Tabrakan","Rabu, 08 Jun 2022 14:04 WIB","\-

Polsek Setu menangkap tiga kawanan begal berinisial SH, A, dan MR di Setu,
Kabupaten Bekasi, Jawa Barat (Jabar). Dua pelaku yakni SH dan A masih di bawah
umur.

""Pelakunya ada empat orang, alhamdulillah tiga orang telah berhasil kita
amankan, kita tangkap. Kebetulan Saudara SH ini kategorinya masih bawah umur.
Atas nama A ini juga kategori bawah umur jadi yang dewasa ini adalah MR alias
Ardan,"" ujar Kapolsek Setu, AKP Sugeng Haryanto, dalam jumpa pers pada Rabu
(8/6/2022).

Sugeng menjelaskan aksi begal ini terjadi pada Rabu (25/5) pukul 02.30 WIB
dini hari. Keempat pelaku melakukan pembegalan kepada korban bernama Marjaya
yang sedang beristirahat di depan pom bensin.

""Marjaya ini merupakan supir mobil boks yang pada saat itu sedang istirahat di
depan pom bensin. Beberapa saat kemudian datang dua motor secara berboncengan
ada empat orang. Mereka turun kemudian memaksa korban untuk menyerahkan
barang-barangnya, mereka minta dompet dan handphone,"" tuturnya.

Korban lalu memberikan barang miliknya kepada para pelaku. Namun setelah
diserahkan, para pelaku melakukan pembacokan kepada korban.

""Tetapi para pelaku ini memang berniat melukai korban dengan kekerasan dengan
cara membacok supir tersebut. Korban kemudian membela diri dengan cara
menangkis yang mengakibatkan korban ini terluka tangannya, ada 7 jahitan,""
tuturnya.

Korban lalu melarikan diri dan dikejar oleh korban. Saat dikejar, pelaku
berinisial SH dan T mengalami tabrakan dan terjatuh. Pelaku SH diamankan
polisi karena mengalami patah di bagian kaki, sedangkan pelaku T kabur.

""Korban ini dalam kondisi terluka juga diketahui sempat mengejar pelaku ke
arah utara. Kemudian saat sampai di pertigaan ada salah satu sepeda motor
jatuh karena kesenggol. Sopir ini teriak minta bantuan kebetulan anggota
Polsek Setu ada yang sedang patroli di wilayah tersebut sehingga berhasil
mengamankan salah satu pelaku atas nama SH,"" ucapnya.

Polisi selanjutnya melakukan pengembangan kasus dan menangkap dua pelaku lain
berinisial A dan MR, sedangkan pelaku T masih dalam pencarian. Ketiga pelaku
dikenakan pasal 365 ayat 2 KUHP dengan ancaman hukuman selama-lamanya 12 tahun
penjara.

[Gambas:Video 20detik]

 ",www.detik.com
"Viral Aksi Ngeri Begal di Sentul Bogor, Serang Korban hingga Terkapar","Senin, 21 Mar 2022 15:55 WIB","\-

Sebuah video di media sosial (medsos) memperlihatkan aksi begal menyerang dua
pria yang sedang _nongkrong_. Para pelaku datang menyerang korban hingga
terkapar, lalu membawa kabur motor.

Peristiwa tersebut terjadi di dekat Tugu Panca Karsa, Sentul Babakan Madang,
Kabupaten Bogor, Senin (21/3/2022) dini hari. Para pelaku berjumlah 7 orang
terekam CCTV.

Dalam video yang tersebar, terlihat tujuh orang menggunakan tiga motor
menghampiri korban. Satu korban lainnya melarikan diri seketika.

Para pelaku kemudian membacok korban hingga terkapar. Pelaku lalu mengambil
motor dan melarikan diri.

Korban tersebut terlihat terkapar di pinggir jalan. Beberapa warga memberikan
pertolongan.

Polisi telah melakukan penyelidikan terhadap peristiwa itu. Polisi juga telah
melakukan olah tempat kejadian perkara (TKP).

""Masih diselidiki dulu, anggota ada yang _dateng_ ke TKP,"" kata Kapolsek
Babakan Madang Kompol Ricky Wowor saat dihubungi, Senin (21/3).

Ricky belum bisa memberikan penjelasan lebih lanjut terkait kejadian itu.
Namun ia memastikan akan menyelidikinya.

""Sementara masih kita selidiki dulu,"" kata Ricky.

 ",www.detik.com
Kronologi Terungkapnya Pria Perkosa-Bunuh Adik Ipar Lalu Buang Jasad di Semak,"Kamis, 26 Mei  2022 17:22 WIB","\-

Seorang pria di Kabupaten Demak yang berinisial SH (21) secara sadis
memperkosa dan membunuh adik iparnya lalu membuang jasadnya di semak. Berikut
ini kronologi terungkapnya kasus pemerkosaan dan pembunuhan itu.

Kapolres Demak AKBP Budi Adhy Buono menjelaskan ihwal terungkapnya kasus
tersebut saat jumpa pers di Mapolres Demak, Kamis (26/5/2022),.

## Rabu 25 Mei 2022

###

### Pukul 14.00 WIB

Budi menjelaskan, pihaknya menerima laporan penemuan mayat perempuan di semak
dekat rumah di wilayah Kecamatan Mranggen, Demak, sekitar pukul 14.00 WIB.

""TKP penemuan mayat itu hari Rabu 25 Mei 2022 sekitar pukul 14.00 WIB,"" kata
Budi.

### Pukul 21.00 WIB

Polisi kemudian melakukan penyelidikan dan akhirnya dapat mengungkap kasus
pembunuhan tersebut.

""Selanjutnya, hasil penyelidikan kita menemukan bukti dan saksi yang di
lapangan. Sehingga kita dapat mengungkap kasus pembunuhan sadis ini kurang
dari 24 jam. Terungkap pada pukul 21.00 WIB,"" jelas Budi.

Budi melanjutkan, pihaknya mengamankan sejumlah barang bukti, di antaranya
pakaian yang melekat pada korban, kalung dan anting, dan satu unit ponsel.
Selain itu, juga kayu yang digunakan memukul korban.

""Dan, ini alat yang digunakan untuk memukul korban berupa kayu. Setelah
melakukan aksinya, kayu ini dibakar oleh pelaku,"" ujar Budi.

Budi menambahkan, hasil pemeriksaan dokter sesuai dengan bukti dan kesaksian,
yaitu terdapat sejumlah luka memar di tubuh korban.

Diberitakan sebelumnya, seorang pria berinisial SH (21) secara sadis
memperkosa dan membunuh adik iparnya di Kabupaten Demak. Pelaku kini telah
ditangkap polisi.

""Polres Demak hari ini merilis kasus pembunuhan sadis oleh tersangka yang
merupakan kakak iparnya sendiri. Sebelum membunuh, tersangka ini melakukan
persetubuhan terhadap korban, dan posisi korban ini sudah tidak sadarkan
diri,"" kata Kapolres Demak AKBP Budi Adhy Buono saat jumpa pers di Mapolres
Demak, Kamis (26/5).

  
  
  
[Gambas:Video 20detik]  

 ",www.detik.com
"Tipu-tipu Karyawan di Sultra, Habiskan Rp 230 Juta untuk Judi-Ngaku Dirampok","Kamis, 21 Apr 2022 06:00 WIB","\-

Aksi tipu-tipu seorang karyawan di Konawe, Sulawesi Tenggara (Sultra) inisial
AW (30) mengaku dirampok uang Rp 230 juta terkuak. Rupanya uang itu habis
digunakan untuk bermain judi.

""Jadi pelaku ini berpura-pura di hadapan polisi bahwa dia mengalami
perampokan. Dari keterangan pelaku, dia gunakan uang itu buat kebutuhan
pribadi dan bermain judi online,"" ungkap Kabag Ops Polresta Kendari Kompol
Jupen Simajuntak, Rabu (20/4/2022).

AW melaporkan peristiwa perampokan palsu itu kepada polisi pada Kamis (14/4).
AW dayang ke Polsek Mandonga membuat keterangan mengalami perampokan di Jalan
dr Sutomo, Kelurahan Lalodati, Kecamatan Puuwatu, Kendari.

  

""Dia melapor hari itu juga ke Polsek Mandonga,"" ujarnya.

Pelaku mengaku awalnya hendak membayar biaya perbaikan mobil milik perusahaan.
Namun kendaraan perusahaan tersebut dipecahkan komplotan perampok dan pelaku
juga mengaku dilukai hingga tak sadarkan diri.

""Pelaku mengaku perampoknya berjumlah 4 orang terlebih dulu memecahkan kaca,
melukainya hingga tak sadarkan diri kemudian uang Rp 230 juta dibawa kabur
perampok,"" tutur Jupen.

Usut punya usut, pengakuan AW rupanya palsu. Polisi yang melakukan
penyelidikan mengungkap laporan AW hanya akal-akalan semata. Kaca mobil
sengaja dipecahkan dan melukai badan sendiri menggunakan kaca mobil.

""Dia pecahkan kaca mobil sendiri, lukai badan sendiri pakai kaca,"" kata Jupen.

## Malu Ketahuan Keluarga dan Perusahaan

Motif AW melakukan rekayasa perampokan itu lantaran malu terhadap keluarga.
Dia juga takut dimintai ganti rugi oleh perusahaannya.

""Jadi pelaku ini malu sama keluarganya kalau ketahuan uang sebanyak itu habis
dipakai judi dan takut disuruh ganti uang oleh perusahaan,"" kata Kapolsek
Mandonga Kompol Muhammad Salman kepada , Rabu (20/4).

AW lantas membuat cerita seolah-olah menjadi korban perampokan. Dia merekayasa
peristiwa tersebut untuk mengelabui orang lain terkait uang perusahaan yang
habis di tangannya.

""Kami dalami, sementara pengakuan pelaku uang perusahaan Rp 180 juta dan uang
keluarganya yang dia hutangi Rp 50 juta, masih kita gali keterangan, kami mau
mempertanyakan ke pihak perusahaan juga,"" ujarnya.

Polisi kemudian menyebut semua uang itu habis digunakan pelaku untuk bermain
judi. AW mentransfer uang perusahaan ke bandar judi..

""Semua murni dipakai bermain judi, tanggal 12 April itu dia kirim ke rekening
bandar judi sebesar Rp 80 juta,"" sebutnya.

Dari keterangan pelaku, uang dari pihak perusahaan tersebut harusnya digunakan
untuk membayar biaya perbaikan kendaraan. Pelaku tercatat karyawan dengan
jabatan kepala kendaraan di PT OSS.

""Nah uang itu sudah diminta orang bengkel segera dibayarkan. Itu saja pelaku
sudah menunda-nunda permintaan orang bengkel dengan dibuatkan alasan yang
tidak jelas,"" bebernya.

## Polisi Curiga Sejak Awal Laporan

Salman mengungkapkan pihaknya sejak awal sudah curiga dengan gelagat pelaku.
Namun atas dasar asas praduga tak bersalah, polisi terus menggali keterangan.

""Sejak awal kami curiga dari keterangan pelaku yang memberikan keterangan yang
tumpang tindih, ke kami bicara seperti ini, ke intel Polresta bicara seperti
itu jadi berbeda keterangannya,"" bebernya.

Pelaku kemudian mengakui telah merekayasa peristiwa perampokan yang dialaminya
setelah dipanggil polisi untuk menjadi saksi. Dia dipanggil pada Senin (18/4).

""Hari Senin kita panggil ke kantor untuk diperiksa, setelah polisi
mempertanyakan semua keterangan pelaku, pelaku lantas mengaku jika sudah
berbohong dirampok,"" pungkasnya.

  
  
  
[Gambas:Video 20detik]  

 ",www.detik.com
"Terinspirasi Film Psikopat, Koki di Semarang Hajar Teman Kencan Pakai Ulekan","Sabtu, 14 Mei  2022 05:53 WIB","\-

Seorang koki di Semarang, Jawa Tengah, bernama Boy Anantyasari (21) menghajar
teman kencannya pakai ulekan. Kepada polisi, ia mengaku terinspirasi dari film
psikopat.

Aksi perampokan sekaligus penganiayaan itu terjadi pada Rabu (11/5) lalu. Ia
sudah merencanakan perampokan bersenjatakan ulekan.

""Itu muntu biasanya memang buat kerja, buat ngulek sambal. Sengaja saya bawa,
memang berencana rampok. Butuh uang buat angsur motor sama kirim uang ke orang
tua,"" kata Boy di Mapolrestabes Semarang dilansir , Jumat (13/5/2022).

Boy merupakan juru masak warung makan ayam goreng di Semarang. Ia mencari
teman kencan di dekat Stasiun Poncol sekitar pukul 02.00 WIB. Lalu ia
memperoleh teman kencan bernama SP (39).

Saat berada di kamar hotel itu, Boy menganiaya korban dengan ulekan. Ia
memukul korban sebanyak 7 kali. Namun korban berhasil kabur dengan bersimbah
darah dan Boy diamankan petugas keamanan.

""Saya itu sering nonton film psikopat. Tapi saya bawa muntu itu karena saya
mikir tumpul, kalau palu korban bisa langsung mati,"" ujarnya.

Simak selengkapnya di sini

[Gambas:Video 20detik]

 ",www.detik.com
Perampok Bank di Jaksel Siapkan 'Bom' Asap hingga Pisau untuk Pelarian,"Rabu, 06 Apr 2022 14:31 WIB","\-

Polisi menangkap BS (43), pelaku perampokan bersenjata api di sebuah bank di
daerah Cilandak, Jakarta Selatan. Sebelum ditangkap, pria yang juga pegawai
bank swasta ini sudah menyiapkan pelarian dengan 'bom' asap hingga pisau
lipat.

""Kami juga menemukan pisau lipat. Kami juga menemukan petasan asap dan juga
ada juga tali _ties_. Jadi nanti kalau terjepit dia akan menggunakan ini,""
Kapolres Metro Jakarta Selatan Kombes Budhi Herdi, Rabu (6/4/2022).

Budhi mengatakan tersangka terinspirasi dari film aksi yang sering dia tonton.
Perlengkapan itu ia siapkan untuk melarikan dalam situasi terjepit.

""Semacam bom asap atau petasan asap dan alat itu untuk apa? Untuk melarikan
diri. Jadi nanti kalau terjepit, dia akan menggunakan ini dan ini sekali lagi
dipengaruhi oleh film yang dia tonton,"" kata dia.

###

### Survei Lokasi

Kombes Budhi mengatakan tersangka sempat melakukan survei di lokasi pada pagi
hari. Tersangka mengamati beberapa bank yang ia incar untuk dirampok.

""Di daerah tersebut memang ada beberapa bank selain bank pembangunan daerah
ini,"" katanya.

Tersangka memutuskan merampok di bank tersebut karena melihat situasi di
lokasi sedang sepi siang itu. Tersangka meyakini perampokan akan berjalan
mulus.

""Ada beberapa bank lain, Namun kemudian tersangka menentukan bank pembangunan
daerah ini karena melihat bank ini cukup sepi sehingga bisa tersangka ini
menganggap leluasa untuk melakukan aksinya,"" jelasnya.

 _Baca di halaman selanjutnya: aksi pelaku merampok digagalkan satpam bank._

[Gambas:Video 20detik]

Selanjutnya __

Halaman

1  2

 ",www.detik.com
5 Fakta Karyawan Freeport Terungkap Curi Emas Gegara Istri Flexing di TikTok,"Sabtu, 09 Apr 2022 09:00 WIB","\-

Pencurian konsentrat emas di area tambang milik PT Freeport Indonesia di
Kabupaten Mimika, Papua, terungkap setelah istri pelaku pamer _(flexing)_
harta kekayaan di media sosial. Sebanyak lima pelaku yang merupakan karyawan
ditangkap polisi dalam kasus ini.

Aksi kejahatan pelaku dilakukan tepatnya di area tambang Mile 74 milik PT
Freeport. Kasus ini ditangani kepolisian berdasarkan aduan dari perusahaan
tambang tersebut pada 19 Februari 2022.

""Untuk awal kita sudah tetapkan 5 tersangka,"" ucap Kasat Reskrim Polres Mimika
Iptu Bertu Harydika Eka Anwar saat dimintai konfirmasi, Kamis (7/4/2022).

  

Adapun kelima pelaku yang diamankan masing-masing berinisial RS, A, DW, PKP,
dan A. Mereka diketahui merupakan pekerja di area tambang tersebut.

Polisi masih mengembangkan kasus pencurian konsentrat emas di area tambang PT
Freeport ini. kemudian merangkum 5 fakta terkini atas aksi kejahatan para
pelaku sebagai berikut:

## 1\. Istri Pelaku Pamer Harta di Aplikasi Tiktok

Kasus pencurian konsentrat emas di area tambang PT Freeport Indonesia
terungkap akibat istri salah satu pelaku pamer harta kekayaan. Istri pelaku
memamerkan harta tersebut lewat akun TikTok miliknya.

""Awal mula ketahuan dari TikTok, dari salah pelaku ini istrinya mengunggah
melalui aplikasi TikTok bahwa memiliki rumah, kendaraan, dan harta benda di
salah satu di kota kelahirannya di Jawa,"" ungkap Bertu.

Salah satu mantan pekerja di area tambang yang juga kenalan suami pelaku,
kebetulan melihat postingan itu lantas curiga. Hingga kemudian kabar ini
mencuat di perusahaan dan harta kekayaan istri pelaku ditelusuri.

""Mantan pekerja yang melihat temannya ini (heran), 'kok bisa mendapatkan
kekayaan sebanyak ini. Kerja ini hitungan belum ada lima tahun'. Karena tidak
wajar,"" tuturnya.

## 2\. Pelaku Diketahui Karyawan Murni-Subkontraktor

Kasat Reskrim Polres Mimika Iptu Bertu Harydika Eka Anwar mengaku, dari kelima
pelaku yang ditangkap, hanya 2 di antaranya karyawan murni PT Freeport.
Selebihnya merupakan pekerja sub-kontraktor di area tambang Mile 74 milik PT
Freeport Indonesia.

""Dari pemeriksaan 5 orang, 3 orang adalah karyawan kontraktor, 2 karyawan
Freeport,"" sebut dia.

Hanya saja polisi belum memberikan penjelasan detil kapan dan di mana masing-
masing pelaku diamankan. Aparat beralasan kasus masih pengembangan.

## 3\. Aksi Kejahatan Dilakukan Sejak 2020

Kelima pelaku mencuri konsentrat emas di PT Freeport Indonesia sejak setahun
terakhir. Dari hasil pemeriksaan, polisi menyebut pencurian dilakukan mulai
tahun 2020.

""Mereka melakukan pencurian di tahun 2020 dan baru ketahuan di tahun 2022,""
beber Bertu saat diminta keterangannya.

Namun polisi masih mendalami bagaimana kemudian konsentrat emas itu dibawa
keluar ke area tambang sehingga bisa dijual dan mendatangkan keuntungan bagi
pelaku.

## 4\. Pelaku Sindikat Pencurian Berbagi Peran

Kasat Reskrim Polres Mimika Iptu Bertu Harydika Eka Anwar mengungkap pelaku
kasus pencurian konsentrat emas ini merupakan sindikat. Para pelaku berbagi
peran saat melakukan aksi kejahatannya.

""Mereka (kelima pelaku) akui ada peran masing-masing, ada yang menjaga, ada
yang melakukan pengambilan konsentrat, dan menyerahkan kepada orang lain itu,""
urai dia.

Atas hal itu polisi meyakini jika kasus pencurian dilakukan sindikat.
Komplotan pelaku lain diduga lebih dari lima orang.

""(Kasus pencurian) ini sindikat,"" tegas Bertu.

## 5\. Pelaku Lain Diduga Sudah di Luar Papua

Pencurian konsentrat emas di area tambang Mile 74 PT Freeport Indonesia
dilakukan secara berkelompok. Polisi masih menelusuri pelaku lain dalam kasus
ini.

""Kalau detilnya saya belum bisa (disampaikan),"" ujar Kasat Reskrim Polres
Mimika Iptu Bertu Harydika Eka Anwar.

Pelaku lain yang diduga dalang atas kasus pencurian ini. Polisi menyebut
pelaku tersebut ditengarai sudah kabur dari wilayah Papua.

""Ada pelaku lain yang belum diambil dan posisinya di luar Papua,"" jelasnya.

  
  
  
[Gambas:Video 20detik]  

 ",www.detik.com
Respon KPAD Soal ABG Diperkosa 10 orang di Taput,"Selasa, 07 Jun 2022 19:37 WIB","\-

Komisi Perlindungan Anak Daerah (KPAD) Tapanuli Utara (Taput), Sumatera Utara
(Sumut) merespon kasus seorang remaja yang diperkosa sepuluh orang secara
bergantian. KPAD Taput telah menemui 7 pelaku pemerkosaan yang juga masih
remaja.

""Untuk anak (yang menjadi) pelaku, mereka sedang proses penyelidikan. Saya
ketemu barusan sama anak-anak yang diperiksa itu,"" kata Ketua KPAD Taput
Fendiv Lumban Tobing kepada , Selasa (7/6/2022).

Fendiv mengatakan pihaknya saat ini sedang fokus menangani para remaja yang
menjadi pelaku. Menurutnya, meski jadi pelaku, hak-hak para remaja itu tetap
harus dipenuhi.

  

""Saya sedang fokus kepada anak pelaku karena perlu diperhatikan hak-hak selama
proses di kepolisian,"" ujarnya.

Pihak keluarga dari pelaku, kata Fendiv, menanyakan nasib pendidikan anak-
anaknya selama proses penahanan. Fendiv mengatakan pihaknya akan berkoordinasi
dengan pihak sekolah terkait hal itu.

""Saya ditanya tadi sama keluarga bagaimana sekolahnya. Saya minta sama mereka
segera (sampaikan). Contoh, ada pendidikan sekolahnya yang terganggu, kita
bantu ke sekolah. Kita tanya juga ada nggak anak yang saat ini sedang kurang
sehat atau punya penyakit bawaan? Nggak ada, sehat,"" sebutnya.

""Karena begini, KPAI/KPAD ketika ada ditemukan masalah sama anak, dia
merekomendasikan terhadap pihak terkait. Contoh, pendidikan tadi kita akan
koordinasikan dengan sekolah, atau dinas pendidikan. Kalau kesehatan, kita
koordinasi dengan rumah sakit dan dinas kesehatan,"" sambungnya.

Langkah-Langkah advokasi yang mereka lakukan tersebut, katanya, sudah diatur
dalam Undang-Undang Sistem Peradilan Pidana Anak (SPPA) No. 11 Tahun 2012 dan
memastikan itu berjalan sesuai dengan undang-undang tersebut.

""Kita harus pastikan itu berjalan sesuai dengan UU SPPA, UU no 11 tahun 2012,
jadi pengawasan kami berdasarkan undang-undang SPPA, bukan semua kita awasi,""
sebutnya.

Untuk anak yang jadi korban, dia menjelaskan pihaknya sudah mencoba komunikasi
dengan keluarganya dan belum bertemu langsung. Tapi pengakuan keluarga korban
tidak langsung, korban saat ini sudah aman bersama keluarga.

""Mereka juga masih enggan juga mungkin karena baru kejadian kan, bertemu
langsung dengan kami, kita harus pahami itu juga. Artinya kita sudah sampaikan
sama keluarga mereka, apapun yang dibutuhkan segera kabari kami atau ada
masalah,"" jelas Pendiv.

KPAD Taput, kata Pendiv, akan mendukung penuh proses penyidikan kepolisian
untuk mengungkap tuntas kasus tersebut.

""Kita mendukung penuh polisi untuk mengungkap tuntas, karena siapa tahu masih
ada tersangka lain,"" tutupnya.

Diberitakan sebelumnya, seorang remaja diperkosa oleh sepuluh orang pria di
Taput. Tujuh orang pelaku pemerkosaan itu juga masih di bawah umur.  
Kasubbag Humas Polres Taput Aiptu Walpon Baringbing mengatakan kasus ini
berawal dari korban yang berhubungan badan dengan seorang pria yang masih
berusia 16 tahun. Mereka berhubungan badan atas dasar suka sama suka.

""Saat mereka melakukan cabul tersebut, mereka merekam lewat HP sehingga ada
video tersimpan di HP,"" kata Walpon kepada , Senin (6/6/2022).

Seiring berjalannya waktu, video mesum itu sampai kapada sembilan pelaku
lainnya. Dengan bermodal mengancam akan menyebarkan video itu, sembilan orang
itu kemudian memperkosa korban secara bergantian.

  
  
  
[Gambas:Video 20detik]  

 ",www.detik.com
"Gagalkan 9 Begal, Prajurit TNI Sempat Kejar Pelaku hingga Dilempar Batako","Senin, 09 Mei  2022 21:17 WIB","\-

Dua prajurit TNI dari Batalion Arteleri Pertahanan Udara (Yonarhanud) 10/ABC
nyaris menjadi korban pembegalan di kawasan Jakarta Selatan. Kedua anggota TNI
itu juga sempat saling menendang dengan begal hingga dilempari batako.

Salah satu prajurit TNI korban begal tersebut, Prada Ardian Sapta Savela,
mengatakan pelaku sempat memintanya menyerahkan barang berharga. Ardian dan
rekannya awalnya dipepet pelaku begal saat pergi membeli kebutuhan logistik.

"" _Cuman ngomong_ , ' _gua begal, keluarin_ semua' posisi masih di atas motor
(begalnya),"" kata Prada Ardian saat ditemui di Yonarhanud 10/ABC, Senin
(9/5/2022).

Dia bersama rekannya, Prada Junior Noval, sempat dilempari batu besar oleh
pelaku begal. Namun lemparan batu tersebut meleset.

""Setelah itu, kendaraan mulai menggiring kami ke pinggir, kami berhenti agar
ada jarak dari kami sama mereka. Setelah itu nggak tahunya yang di depan sudah
menyiapkan batu, ukuran besar, di situ kita dilempar, sempat menghindar,""
ujarnya.

""Ukuran batunya _paving block_ , gede, karena tujuannya untuk melumpuhkan kami
ketika kami masih di atas motor, dikenakan (dilempar) mungkin biar kita
jatuh,"" tambahnya.

Dia mengatakan batu tersebut dikeluarkan pelaku begal dari dalam jaketnya.
Batu itu dilempar oleh pelaku yang menghadang jalan di depan Prada Ardian dan
Prada Junior.

""Dia _keluarin_ batako tersebut dari dalam jaketnya yang berboncengan tiga.
Sudah disiapkan di dalam jaket batako tersebut,"" ucapnya.

![Dua prajurit TNI, Prada Junior Noval dan Prada Ardian Sapta Savela, yang
jadi korban dan menangkap begal di Kawasan Jakarta
Selatan.](https://akcdn.detik.net.id/community/media/visual/2022/05/09/dua-
prajurit-tni-yang-jadi-korban-dan-menangkap-begal-di-kawasan-jakarta-
selatan_43.jpeg?w=480)Dua prajurit TNI, Prada Junior Noval dan Prada Ardian
Sapta Savela, yang jadi korban dan menangkap begal di kawasan Jakarta Selatan.
(Mulia Budi/detikcom)  
  
---  
  
Dia menyebutkan sembilan pelaku itu menaiki tiga motor. Tiap motor ada yang
berboncengan tiga orang, ada yang empat orang, dan ada yang dua orang.

""Kalau jumlah semua 9 (pelaku), yang 9 itu terdiri dari 3 motor. Ada yang
berbonceng 4 ada yang berbonceng 3. Kalau tidak salah, karena tidak terlalu
memfokuskan mereka karena yang kita fokuskan yang mepet tadi, itu yang Vario 4
(orang), yang Beat 3 (orang), yang mepet kami 2 (orang), yang melempar itu
dari Beat,"" paparnya.

Prada Ardian mengatakan, saat dia dan Prada Junior berusaha melakukan
pengejaran, para pelaku melarikan diri secara terpisah. Setiap motor pelaku
menuju arah jalan yang berbeda.  
  
""Mereka menuju arah Gandaria, tapi mereka mulai berpencar dari situ. Satu
motor menuju ke Taman Barito atau Taman Puring, satu motor lagi menuju ke
belok ke kiri di Mal Gandaria depan Mal Gandaria tapi jalan yang satu arah dia
belok ke kiri, setelah itu kami kejar yang satu motor lagi yang kita mungkin
CC-nya sepadan dengan motor kami,"" jelasnya.

Singkat cerita, Prada Ardian dan Prada Junior berhasil menangkap satu pelaku
bernama Muhammad Rizky.

Namun pelaku Rizky sempat menyangkal perbuatannya. Dia menyebut Rizky bahkan
sempat bersumpah memakai kata 'demi Allah' untuk meyakinkan pemotor yang
lewat.

""Ada kendaraan motor lewat, waktu itu satu motor, bertanya 'ada apa?' karena
di situ kan nggak ribut ya di tempatnya terus kita bilang, 'begal ini', 'gua
bukan begal,' sampai demi Allah,"" kata Ardian.

Setelah itu, Prada Ardian dan Prada Junior bersama pemotor yang melintas
membawa Rizky ke kantor polisi.

Selanjutnya __

Halaman

1  2

 ",www.detik.com
Murka Kapolda Metro ke Polisi Jaktim yang Tangani Korban Rampok,"Rabu, 15 Des 2021 05:59 WIB","\-

Kapolda Metro Jaya Irjen Fadil Imran murka karena sikap anggota Sentra
Pelayanan Kepolisian Terpadu (SPKT) Polsek Pulogadung, Aipda Rudi Panjaitan,
yang menolak laporan korban perampokan beberapa waktu lalu. Fadil pun meminta
Aipda Rudi untuk dikeluarkan dari wilayah Polda Metro Jaya.

""Saya minta ini yang Jakarta Timur segera Provos lakukan sidang disiplin
tuntut dia untuk mutasi tour of area, keluar dari Polda Metro Jaya"" ujar Fadil
dalam Rapat Gangguan Kamtibman Polda Metro Jaya, Senin (13/12).

Fadil menyayangkan sikap Aipda Rudi yang tak berempati kepada korban
perampokan. Kabid Propam pun diminta awasi Sentra Pelayanan Kepolisian Terpadu
(SPKT) yang merupakan loket pelayanan masyarakat.

""Masyarakat datang melapor bukannya dilayani tapi yang terjadi justru
menyakiti hati masyarakat"" kata Fadil

""Saya minta Pak Irwasda, Kabid Propam ini SPKT-SPKT ini tolong ditertibkan ini
para Kapolres ini juga"" tambah Fadil.

Fadil mengultimatum anggotanya agar kejadian serupa tidak terulang.

""Catat betul ini ya, ke depan jika ada anggota yang masih menodai kemurnian
profesi, saya minta Kabid Propam dan jajaran (untuk) tuntut dengan hukuman
mutasi tour of area,"" tutur Fadil.

 ",www.detik.com
"Pura-Pura Belanja, Maling Curi Tas Milik Pedagang Sosis di Seririt","Senin, 23 Mei  2022 15:15 WIB","\-

Sungguh malang nasib yang dialami oleh Sri Wardani, perempuan berusia 50 tahun
asal Banjar Dinas Sari, Kelurahan Seririt, Kecamatan Seririt, Kabupaten
Buleleng, Bali.

Niat hati ingin berjualan, dirinya malah menjadi korban pencurian di saat
menjaga toko sosisnya yang berada di Jalan Udayana, Kelurahan seririt,
Kecamatan seririt, Kabupaten Buleleng, pada Kamis (19/5/2022) sekitar pukul
11.30 Wita.

Alhasil ponsel beserta uang tunai sebesar Rp. 1 Juta yang ada di dalam tasnya
raib digondol oleh seorang pria yang belum diketahui identitasnya.

  

Kepala Seksi (Kasi) Humas Polres Buleleng AKP Gede Sumarjaya mengatakan bahwa
kejadian itu berawal disaat korban sedang menjaga tokonya.

Dimana saat itu datang pelaku yang berpura-pura ingin membeli sosis di toko
korban. Pelaku pun meminta korban untuk mencarikan sosis bakar merk salam.

Saat itu korban langsung mencarikan pesanan dari pelaku. Namun di saat korban
lengah, pelaku langsung mengambil tas milik korban yang ada di atas meja, lalu
kabur dengan mengendarai sepeda motorScoppy warna hitam DK 5095.

""Setelah diketahui pelaku itu mengambil barang korban, sempat dikejar oleh
korban. Korban juga melihat motor pelaku namun sayangnya korban lupa dengan
plat nomor belakang kendaraan milik pelaku,"" kata AKP Gede Sumarjaya, Senin
(23/5/2022).

Atas kejadian itu, Unit Reskrim Polsek Seririt kini sedang melakukan
penyelidikan dengan menggali informasi dari korban dan juga saksi-saksi yang
ada di TKP.

Sementara untuk kerugian yang diderita korban, diperkirakan mencapai Rp. 4,5
Juta. Karena di dalam tas korban yang raib dicuri oleh pelaku itu berisi
handphone merk Iphone 6 S plus, uang tunai sebesar Rp. 1 Juta, dan surat-surat
penting lainnya.

""Saat ini kasus ini ditangani oleh Unit Reskrim Polsek Seririt untuk didalami
dan diselidiki lebih lanjut,"" imbuhnya.

Kemudian ketika disinggung apakah pelaku pencurian ini sama dengan pelaku
jambret yang sedang marak saat ini terjadi di Buleleng, Kata AKP Sumarjaya hal
itu masih sedang diselidiki.

""Ini sedang didalami ini karena ini kan sudah diketahui plat nomornya, dan
kita akan bekerja sama dengan samsat untuk mengetahui identitas pelaku, kita
juga akan mencari bukti rekaman CCTV yang ada di TKP"" tukasnya.

  
  
  
[Gambas:Video 20detik]  

 ",www.detik.com
"Sepanjang Tahun 2021, Polda Jatim Rampungkan 24.721 Perkara","Jumat, 31 Des 2021 13:24 WIB","\- Sepanjang tahun 2021, Polda Jawa Timur dan Polres Jajaran telah
merampungkan 24.721 dari 26.144 perkara. Artinya, penyelesaian perkara
mencapai 94,55%.

Kapolda Jawa Timur Irjen Nico Afinta mengatakan jumlah penyelesaian perkara
ini mengalami kenaikan. Nico mengatakan di tahun 2020, pihaknya hanya
menyelesaikan 75,08% kasus.

""Jadi di tahun 2021 ini seluruh jajaran baik polres maupun Polda kita
mengalami kenaikan penyelesaian perkara. Saya mengapresiasi baik Kapolres
hingga Kapolsek dan kinerja reserse,"" kata Nico di Mapolda Jatim Jalan Ahmad
Yani Surabaya, Jumat (31/12/2021).

Nico mengatakan ini merupakan capaian luar biasa. Yang mana membawa Jatim
menjadi rangking dua se-Indonesia dalam perkara penyelesaian kasus.

""Sehingga Jatim sampai sekarang rangking dua seluruh Indonesia (dalam
penyelesaian kasus) data terakhir di awal Desember. Saya mengapresiasi kerja
reserse hingga kemampuan peningkatan,"" imbuh Nico.

Sementara itu, Nico merinci, Direktorat Kriminal Umum (Ditreskrimum) Polda
Jatim menerima 20.250 perkara. Lalu, sebanyak 18.781 perkara telah ditangani,
atau persentasenya mencapai 92,74%. Hal ini mengalami kenaikan dibanding tahun
2020 yaitu sebanyak 67,60%.

Rinciannya ada 3.058 kasus penipuan, 2.909 curanmor, 2.568 pencurian dengan
pemberatan, 1.996 penganiayaan, 1.671 pencurian biasa, dan 1.047 penggelapan.

Sementara untuk kasus di Direktorat Kriminal Khusus (Ditreskrimsus) Polda
Jatim pada tahun 2021 ada 147 laporan. Namun, Ditreskrimsus Polda Jatim mampu
menyelesaikan 193 kasus atau persentasenya 193%. Hal ini meningkat dari 2020
yang menyelesaikan 71,88%.

Selain menyelesaikan LP tahun 2021, Ditreskrimsus juga merampungkan tunggakan
kasus.

Pada tahun ini, kasus terbanyak yang ditangani yakni di ranah Tindak Pidana
Korupsi (Tipikor) dan Siber. Tingginya laporan pada Siber ini, karena semakin
aktifnya internet, membuat modus penipuan di internet lebih meningkat, seperti
skimming, judi online hingga pinjaman online ilegal.

""Kemudian di Krimsus ada beberapa hal yang menonjol, luar biasa krimsus,
kemudian juga kasus di Tipikor dan Siber. Jadi memang ada kenaikan dan ada
peningkatan penyelesaian perkara. Di siber banyak kasus hoaks yang
dilaporkan,"" ungkap Nico.

Sedangkan untuk kasus narkoba, Ditresnarkoba Polda Jatim menangani 5.747
perkara. Artinya 100% perkara telah dirampungkan.

 ",www.detik.com
Polisi Surabaya Selidiki Laporan Pemandu Lagu Diperkosa Oknum Satpol PP,"Selasa, 29 Mar 2022 13:42 WIB","\-

Polisi Surabaya tengah menyelidiki laporan seorang pemandu lagu yang mengaku
diperkosa oknum Satpol PP. Laporan itu dibuat pada Minggu (27/3).

Mawar (bukan nama sebenarnya), merupakan wanita pemandu karaoke di kawasan
Rungkut. Ia melapor ke Polrestabes Surabaya sebagai korban pemerkosaan, yang
dilakukan oknum Satpol PP. Laporan tersebut bernomor
LP/B/439/III/2022/SPKT/Polrestabes.SBY.

Soal laporan Mawar dibenarkan Kasat Reskrim Polrestabes Surabaya AKBP Mirzal
Maulana. Menurutnya, saat ini polisi tengah melakukan penyelidikan.

""Masih dalam penyelidikan unit PPA,"" kata Mirzal saat dikonfirmasi detikJatim,
Selasa (29/3/2022).

Sementara terkait laporan tersebut, Mawar sudah menjalani visum di RSUD dr
Soewandhie.

  
  
  
[Gambas:Video 20detik]  

 ",www.detik.com
Pria di Mamuju Tengah Bunuh Kakak Kandung Karena Kesal Sering Dimarahi Korban,"Senin, 16 Mei  2022 17:15 WIB","\-

Polisi mengungkap motif seorang adik di Kabupaten Mamuju Tengah, Sulawesi
Barat (Sulbar) tega membunuh kakak kandungnya. Pelaku kesal lantaran kerap
diganggu dan dimarahi korban.

""Jadi untuk motifnya, si adik atau tersangka merasa sering diganggu oleh
kakaknya (korban), entah itu dimarahi, dipukuli atau diganggu secara mental,""
kata Kapolres Mamuju Tengah AKBP Amry Yudhi dalam keterangannya, Senin
(16/5/2022).

Kekesalan tersangka memuncak ketika terlibat cekcok dengan korban gara-gara
charger handphone. Tanpa disadari korban, tersangka langsung menyerang
menggunakan sebilah badik.

  

""Sehingga memuncak pada saat kejadian malam hari itu (Jumat malam). Kakaknya
pulang-pulang datang ke rumah dan ribut masalah charger HP (handphone). Tanpa
disadari kakaknya, si adik ataupun tersangka melakukan penyerangan berupa
penikaman,"" kata Amry.

Peristiwa pembunuhan yang menggegerkan warga ini terjadi di Desa Tumbu,
Kecamatan Topoyo, Jumat (13/5) sekira pukul 22:30 Wita. Korban berinisial H
(23), tewas dihujani tusukan badik adiknya berinisial M (20).

""Korban sempat melarikan diri usai mendapat satu tikaman, namun karena
terjatuh di depan rumahnya, saat itulah pelaku kemudian menikam korban
berkali-kali hingga tewas,"" ungkap Kanit 3 Sat Reskrim Polres Mamuju Tengah
Ipda Aditya Hernowo, Sabtu (14/5).

Pelaku sempat melarikan diri namun tak butuh waktu lama bagi polisi
meringkusnya. M dibekuk saat berenang di pantai yang berjarak sekira 20
kilometer dari lokasi kejadian, Sabtu siang (14/5) sekira pukul 12:30 wita.

""Pelaku sempat mencoba untuk melarikan diri dengan berenang, karena kondisinya
saat itu berada di pinggir tanggul pantai, namun kami terus melakukan
pengejaran dan Alhamdulillah pelaku berhasil diamankan,"" terang Aditya.

Untuk mempertanggungjawabkan perbuatannya, M yang sudah ditetapkan sebagai
tersangka kini diamankan di Polres Mamuju Tengah. M dijerat polisi menggunakan
pasal 338 KUHP tentang pembunuhan, dengan ancaman hukuman 15 tahun penjara.

  
  
  
[Gambas:Video 20detik]  

 ",www.detik.com
"12 Komputer Milik UPTD BLK Bekasi Dicuri, Polisi Selidiki","Jumat, 06 Mei  2022 20:05 WIB","\-

Sejumlah 12 komputer unit pelatihan teknis dinas (UPTD) balai latihan kerja
(BLK) dicuri di Tambun Utara, Kabupaten Bekasi, Jawa Barat (Jabar). Polisi
menyelidiki pencurian ini.

""Jadi sudah ditangani, sudah diselidiki oleh anggota, biar supaya anggota
selidiki dulu, lagi lidik dulu,"" ujar Kasat Reskrim Polres Metro Bekasi, AKBP
Aris Timan, saat dihubungi, Jumat (6/5/2022).

Terpisah, Kepala UPTD BLK Kabupaten Bekasi Ahmad Ridwan mengatakan peristiwa
itu terjadi pada Sabtu (30/4) pukul 01.30 WIB dini hari. Pencuri yang
berjumlah dua orang tersebut menggondol 12 komputer dari ruangan komputer.

""Jumlah pelaku yang masuk ke ruangan yang ambil komputer ada dua orang, (yang
dicuri) 12 unit komputer di ruangan komputer untuk jurusan administrasi
perkantoran,"" ucap Ahmad.

Menurut Ahmad, para pelaku masuk ke ruangan setelah menjebol teralis. Lalu,
kedua pelaku menjebol pintu ruangan komputer.

""Awalnya mereka menjebol teralis, kemudian masuk ke ruang komputer dengan
menjebol pintu kemudian keluar menjebol lagi pintu yang ke arah keluar,""
tuturnya.

Ahmad mengatakan kejadian baru diketahui pada 3 Mei oleh petugas keamanan.
Pihaknya telah melakukan laporan pada 4 Mei.

""Kami lihat rekaman CCTV. Sekarang lagi proses, ketahuan tanggal 3 Mei sama
petugas keamanan, kami bikin laporan ke polisinya tanggal 4 Mei 2022,"" imbuh
Ahmad.

[Gambas:Video 20detik]

 ",www.detik.com
Viral CCTV Tiga Pria Berjaket Hoodie Bobol Konter HP di Cimahi,"Jumat, 11 Feb 2022 17:51 WIB","\-

Konter ponsel yang berada di Jalan Raya Amir Machmud, Kota Cimahi, menjadi
sasaran pembobolan sekelompok maling. Aksi pembobolan yang terjadi pada Kamis
(10/2/2022) dini hari itu viral di media sosial.

Rekaman CCTV yang viral di media sosial itu menunjukkan ada tiga orang pria
mengenakan hoodie atau jaket bertudung masuk ke dalam konter setelah membobol
rolling door kemudian menggasak ponsel di konter tersebut.

Ketiga pelaku memasukkan barang-barang yang merek curi ke dalam karung.
Sementara satu pelaku lainnya berjaga di depan toko manakala ada orang yang
memergoki aksi mereka.

Sandi Candra (37) pemilik konter tersebut mengatakan baru mengetahui tempat
usahanya dibobol maling setelah pemilik bangunan menghubunginya pada pagi
hari.

""Setelah saya datang, ternyata pintu (konter) sudah dijebol. Gemboknya juga
enggak ada. Di dalam sudah berantakan,"" ujar Sandi kepada wartawan, Jumat
(11/2/2022).

Tak tanggung-tanggung, kawanan maling itu menggondol sampai 17 unit ponsel,
sparepart ponsel, kartu memori, powerbank, hingga speaker. Total kerugian
akibat aksi maling tersebut diperkirakan lebih dari Rp 30 juta.

""Hitungan sementara ini baru sekitar Rp 30 juta tapi mungkin lebih. Sekarang
masih dihitung kerugian pastinya. Handphone yang dibawa juga ada yang punya
konsumen kebetulan sedang diservis,"" kata Sandi.

Apesnya Sandi tak kali ini saja mengalami kejadian pembobolan. Tiga tahun
lalu, konternya juga dibobol maling yang juga menggasak ponsel dan barang
berharga lainnya.

""Ini yang kedua, sekitar tiga tahun lalu juga sama dibobol maling, tapi dulu
lewat atas. Kalau sekarang kan lewat pintu depan masuknya,"" ucap Sandi.

Sandi sudah melaporkan kejadian pencurian ini kepada pihak kepolisian. Ia
berharap kasus tersebut segera terungkap dan pelakunya bisa turut diamankan.

""Sudah lapor polisi. Untuk HP punya konsumen yang lagi diservis nanti kita
ganti sesuai kondisinya,"" ujar Sandi.

Sementara itu Kasatreskrim Polres Cimahi AKP Rizka Fadhila mengatakan kasus
pembobolan dan pencurian tersebut sudah ditangani oleh Unit Reserse Kriminal
Polsek Cimahi.

""Untuk kasus tersebut saat ini sudah ditangani Polsek Cimahi,"" kata Rizka.

 ",www.detik.com
"Restorative Justice, Kejagung Setop Kasus Pencurian dan KDRT","Kamis, 19 Mei  2022 15:26 WIB","\-

Jaksa Agung St Burhanuddin melalui Jaksa Agung Muda Pidana Umum (Jampidum)
Fadil Zumhana menerapkan _restorative justice_ atau keadilan restoratif di
sejumlah perkara yang ditangani Kejaksaan Agung (Kejagung). Perkara tersebut
mulai pencurian hingga kekerasan dalam rumah tangga.

""Kamis, 19 Mei 2022, Jaksa Agung RI melalui Jaksa Agung Muda Tindak Pidana
Umum (Jampidum) Dr Fadil Zumhana menyetujui dua permohonan penghentian
penuntutan berdasarkan keadilan restoratif,"" kata Kepala Pusat Penerangan
Hukum (Kapuspenkum) Kejagung Ketut Sumedana dalam keterangan pers tertulisnya,
Kamis (19/5/2022).

Ekspose dilakukan secara virtual dan dihadiri Jaksa Agung Muda Tindak Pidana
Umum Fadil Zumhana, Direktur Tindak Pidana terhadap Orang dan Harta Benda
Agnes Triani, Koordinator pada Jaksa Agung Muda Bidang Tindak Pidana Umum, dan
kepala kejaksaan tinggi di berbagai daerah.

Adapun dua berkas perkara yang dihentikan penuntutannya berdasarkan keadilan
restoratif adalah sebagai berikut:

1\. Tersangka Arif Hendro Ariyanto bin Sudaryono dari Kejaksaan Negeri Blora
yang disangka melanggar Pasal 362 KUHP tentang pencurian

2\. Tersangka Raden Alfino Soetomo Alias Fino dari Kejaksaan Negeri Mamasa
yang disangka melanggar Pasal 44 ayat 1 subsider Pasal 44 ayat 4 Undang-Undang
RI Nomor 23 Tahun 2004 tentang Penghapusan Kekerasan Dalam Rumah Tangga.

Sementara itu, alasan penghentian penuntutan berdasarkan keadilan restoratif
ini diberikan di antaranya telah dilaksanakan proses perdamaian, yakni
tersangka telah meminta maaf dan korban sudah memberikan permohonan maaf.
Selain itu, tersangka belum pernah dihukum.

""Tersangka baru pertama kali melakukan perbuatan pidana, ancaman pidana denda
atau penjara tidak lebih dari 5 tahun, dan tersangka berjanji tidak akan lagi
mengulangi perbuatannya. Proses perdamaian dilakukan secara sukarela, dengan
musyawarah untuk mufakat, tanpa tekanan, paksaan, dan intimidasi,"" ujar Ketut.

Selain itu, tersangka dan korban setuju untuk tidak melanjutkan permasalahan
ke persidangan karena tidak akan membawa manfaat yang lebih besar.

Selanjutnya, Jampidum memerintahkan kepada Kepala Kejaksaan Negeri Jakarta
Selatan untuk menerbitkan Surat Ketetapan Penghentian Penuntutan (SKP2)
Berdasarkan Keadilan Restoratif, sesuai Berdasarkan Peraturan Jaksa Agung
Nomor 15 Tahun 2020 dan Surat Edaran JAM Pidum Nomor: 01/E/EJP/02/2022 tanggal
10 Februari 2022 tentang Pelaksanaan Penghentian Penuntutan Berdasarkan
Keadilan Restoratif sebagai perwujudan kepastian hukum.

 ",www.detik.com
Ada Luka Sayat di Leher Pria Bertato Korban Pembunuhan di Bekasi,"Rabu, 18 Mei  2022 10:49 WIB","\-

Polisi menduga pria inisial I alias K yang ditemukan tewas di sawah di
Cibitung, Kabupaten Bekasi, adalah korban pembunuhan. Terdapat luka sayat di
leher pria bertato itu.

""Mayat diduga korban pembunuhan dengan leher terluka diduga terkena sayatan
benda tajam,"" tutur Kapolres Metro Bekasi Kombes Gidion Arif dalam
keterangannya pada Rabu (18/5/2022).

Mayat I ditemukan pada Selasa (17/5) pukul 19.00 WIB. Polisi telah melakukan
olah tempat kejadian perkara (TKP) di lokasi kejadian dan menemukan adanya
luka terbuka di bagian leher pria bertato itu.

""Pada hari Selasa, tanggal 17 Mei 2022, sekira pukul 19.00 WIB, unit Reskrim
Polsek Cikarang Barat melaksanakan cek TKP penemuan mayat dalam keadaan luka
robek pada leher korban,"" ungkapnya.

Sebelumnya, warga Cibitung, Kabupaten Bekasi, Jawa Barat (Jabar), digegerkan
oleh penemuan mayat pria berinisial I alias K di sawah. Tangan kanan dan kiri
mayat diketahui bertato.

Kapolres Metro Bekasi Kombes Gidion Arif menuturkan penemuan mayat itu terjadi
pada Selasa, 17 Mei 2022, sekitar pukul 16.00 WIB. Mayat ditemukan oleh saksi
saat sedang mencari rumput.

""Ya awal penemuannya ada tukang arit lagi cari rumput, terus temukan itu,""
ucap Gidion ketika dihubungi pada Rabu (18/5).

[Gambas:Video 20detik]

 ",www.detik.com
"Bunuh Wanita di Indekos, Cleaning Service di Makassar Ditangkap","Senin, 30 Mei  2022 17:45 WIB","\-

Seorang cleaning service di Makassar, Sulawesi Selatan (Sulsel), Daeng Siama
(36) ditangkap polisi atas kasus pembunuhan terhadap wanita penghuni indekos
bernama Ayu (32). Pelaku kesal dimarahi korban karena terlalu lama saat
disuruh membeli es buah.

""Korban anggap pelaku terlalu lama disuruh beli es buah (membuat pelaku emosi-
membunuh korban),"" ujar Kapolres Pelabuhan Makassar AKBP Yudi Frianto saat
jumpa pers di kantornya, Senin (30/5/2022).

Pelaku merupakan seorang tukang becak yang menyambi sebagai cleaning service.
Menurut Yudi, pelaku awalnya datang ke indekos korban di Jalan Tarakan,
Makassar, pukul 20.00 Wita pada Rabu (11/5) dan diminta membeli es buah.

  

""Pelaku memang setiap hari bersihkan kamar kos korban. Pekerjaan pelaku tukang
becak sekaligus cleaning service bersih-bersih kamar di kos itu,"" tutur Yudi.

Saat pelaku menyerahkan es buah yang dibelinya, pelaku justru dimarahi dan
ditampar oleh korban karena dianggap terlalu lama. Rupanya Daeng Siama tidak
senang dengan perlakuan itu sehingga ia menganiaya korban.

Daeng Siama menganiaya korban menggunakan tangan kosong. Di antaranya dipukul,
ditendang, hingga membenturkan kepala korban ke dinding indekos hingga korban
tewas.

""Korban dibunuh dengan cara dipukul di bagian wajah, kepala dibenturkan ke
dinding serta ditendang di perut dan pinggang,"" jelas Yudi.

Pelaku sempat mengangkat jasad korban ke kasur. Dia juga sempat mengerjakan
tugasnya dengan membersihkan kamar indekos korban lalu pergi.

Selanjutnya seorang penghuni kamar kos lainnya bernama Basri melihat jenazah
korban. Dia kemudian melaporkan kasus ini ke polisi.

Polisi yang menyelidiki jasad korban menemukan tanda-tanda kekerasan. Penyidik
pun melakukan pendalaman dan pelaku mengarah ke Daeng Siama.

""Hasil autopsi banyak tanda kekerasan. Di situ mencurigai adanya di TKP itu
juga bersih dan berarti dugaan kita orang dalam yang mengeksekusi,"" jelasnya.

Tak butuh waktu lama, polisi menangkap Daeng Siama di sekitar lokasi kejadian.
Pelaku kini ditahan dan terancam hukuman 15 tahun penjara.

""Kami jerat pelaku Pasal 338 Junto Pasal 351 Ayat 3 KUHP. Ancaman hukuman 15
tahun. Disegerakan P21,"" tandas Yudi.

  
  
  
[Gambas:Video 20detik]  

 ",www.detik.com
"Fakta Baru Pria Sadis Bunuh Waria, Jantung-Mulut Korban Ditusuk Bertubi-tubi","Rabu, 18 Mei  2022 08:00 WIB","\-

Terkuak fakta baru dalam rekonstruksi kasus pembunuhan sadis waria berinisial
HM (49) di Minahasa Sulawesi Utara (Sulut). Jantung dan mulut korban ditusuk
bertubi-tubi oleh pelaku RK (31).

Rekonstruksi pembunuhan sadis waria HM digelar di salon kecantikan korban di
wilayah Kelurahan Wawalintouan, Tondano Barat pada Selasa (17/5). Rekonstruksi
tersebut diperankan oleh tersangka RK dan enam saksi.

RK memulai pembunuhan dengan memukul kepala korban pada saat tidur menggunakan
martil berkali-kali. Selanjutnya RK menusuk korban pakai pisau dapur
dilanjutkan dengan gunting sehingga korban tewas seketika.

  

Selanjutnya terkuak fakta baru bahwa RK tak berhenti meski korban tewas.
Rupanya dia kembali melanjutkan penganiayaan sadis terhadap jenazah korban.

RK tanpa ampun menikam mulut korban. Tikaman tersebut tembus ke lidah korban.

""Fakta baru korban juga ditusuk di mulut tembus lidah,"" kata Kanit Satu Pidum
Polres Minahasa Aipda Endro Purnomo kepada , Selasa (14/5/2022).

Selanjutnya yang paling sadis adalah pelaku RK mengiris perut korban berkali-
kali hingga menyebabkan luka yang sangat lebar. Tanpa diduga RK memasukkan
tangan kirinya ke dalam perut dan meraba area dada kiri untuk mencari jantung
korban.

Rupanya RK berupaya mencopot keluar jantung korban namun organ vital korban
tersebut tak bisa dikeluarkan. RK akhirnya memasukkan pisau melalui sobekan
pada perut korban dan menusuk jantung korban berkali-kali.

""Tarik bawa organ tubuh, ambil pisau isi di dalam perut, ditusuk 2 kali ke
arah jantung,"" ujarnya.

Rekonstruksi juga mengungkap bahwa RK bukan tanpa alasan menikam jantung
korban. RK ingin memastikan korban benar-benar mati karena korban sebelumnya
disebut pernah mengaku tak akan mati jika tak ditikam pada jantungnya.

""Pelaku pernah cekcok dan korban menyebut jika dia tak akan meninggal apabila
menikam korban bukan ke arah jantung,"" kata Endro.  
""Keterangan saksi kalau dibunuh harus sasarannya ke jantung, kalau tidak maka
korban tidak akan mati,"" sambung Endro.

## Motif Cinta Segitiga Sesama Jenis dan Dendam

Untuk diketahui, pembunuhan sadis ini dipicu kecemburuan dalam cinta segitiga
sesama jenis karena korban punya pria idaman lain.  
Seorang warga setempat, Nonon Mambo mengungkapkan HM alias Lisa dan RK mulai
menjalin kasih sesama jenis pada 2013 silam.

""Yah, iya (menjalin hubungan) sudah dari 2013. Dorang (mereka) tidak tinggal
sama-sama tapi si anak ini (pelaku) sering datang di sini dan mereka itu sudah
dari 2013, dari dia masih muda,"" kata Nonon Mambo kepada , Minggu (1/5).

RK awalnya hanyalah seorang pria yang tak punya penghasilan. Namun korban
selalu membiayai pelaku dengan memberikan sejumlah uang.

""Bukan (tidak bekerja di salon), dia sejak masih muda, Lisa (korban) yang
kasih makan dan minum di sini. Dulu kenal Lisa (pelaku) masih polos. Tidak
tahu berteman sama siapa jadi begitu,"" sebut dia.

Belakangan pelaku dan korban putus dan korba ternyata memiliki pria idaman
lain. Pelaku akhirnya cemburu.

""Iya cemburu dan dendam (karena cinta segitiga sesama jenis),"" kata Kapolres
Minahasa AKBP Tommy Bambang Souissa saat dikonfirmasi , Sabtu (30/4).

Polisi belum menjelaskan duduk perkara cinta segitiga sesama jenis tersebut.
Namun pelaku RK juga diduga dendam karena korban sudah tidak pernah lagi
memberikan uang kepadanya.

""Karena pelaku sudah jarang diberi uang oleh korban,"" ungkap Tommy.

  
  
  
[Gambas:Video 20detik]  

 ",www.detik.com
Sederet Fakta Bejat Ayah Perkosa Anak Kandung hingga Tewas Semarang,"Minggu, 27 Mar 2022 07:16 WIB","\-

Kematian bocah perempuan berusia 8 tahun di Kota Semarang menyimpan cerita
yang menyayat hati. Bocah tersebut tewas di tangan ayah kandungnya sendiri, WD
(41) yang juga tega memperkosanya.

Berita ini menjadi salah satu yang paling banyak menyita pembaca sepekan
terakhir. Kabar berawal dari pembongkaran makam korban pada Sabtu (19/3) dini
hari. Pembongkaran makam tersebut dilakukan oleh polisi setelah menerima
laporan dari ibu kandung korban.

Sang ibu melapor atas dasar surat keterangan dokter yang menyebut kematian
tidak wajar ada tanda-tanda kekerasan seksual pada korban.

""Dalam surat keterangan dokter ada kematian kurang wajar dengan tanda
kekerasan di vagina dan dubur. Dari adanya itu kita buatkan laporan polisi,
sementara kondisi korban sudah dimakamkan. Dengan adanya dugaan kematian tidak
wajar lakukan, pembongkaran dan autopsi hari itu juga. Terbukti adanya
kematian yang diakibatkan kekerasan seksual,"" ujar Kasatreskrim Polrestabes
Semarang AKBP Donny Sardo beberapa waktu lalu.

Polisi akhirnya mengungkap sejumlah fakta tragis di balik kematian korban.

Kedua orang tua korban sudah bercerai pada 2017, namun ketiga anak mereka
masih sering menengok ayahnya di indekos.

Peristiwa itu bermula saat korban bersama dua saudaranya datang ke indekos
ayahnya pada Jumat (18/3) lalu. Kemudian ibu mereka menjemput kedua anaknya,
dan meninggalkan korban yang kala itu sedang demam.

Aksi bejat itu pun dilakukan dengan paksa saat korban sedang terbaring sakit
sendirian sambil menonton televisi. Korban bahkan sudah berupaya menolak dan
menghalau ayah kandungnya itu dalam kondisi yang lemas karena sakit.
Akibatnya, korban mengalami kejang-kejang usai mendapat perlakuan kasar
pelaku.

Pelaku kemudian meminta tolong kepada tetangganya membawa ke klinik. Pihak
klinik merekomendasikan korban untuk ke rumah sakit lebih besar. Namun pelaku
lebih dahulu membawa korban ke rumah mantan istrinya untuk meminta izin ke
rumah sakit.

""Waktu itu ibunya tidak cek. Saat dibawa ke rumah sakit korban sudah meninggal
dunia,"" kata Donny.

Saat dihadirkan dalam jumpa pers di Mapolrestabes Semarang, WD berdalih aksi
bejatnya itu dilakukan karena kecanduan nonton video porno. Aksi bejatnya itu
pun sudah lebih dari sekali dilakukannya.

Atas perbuatannya, bapak bejat itu dijerat dengan Pasal 81 ayat 3 Jo Pasal 76
d UU No 35 Tahun 2014 tentang Perlindungan anak. Karena pelaku merupakan wali
korban, maka ancaman hukuman ditambah sepertiganya menjadi 20 tahun.

  
  
  
[Gambas:Video 20detik]  

 ",www.detik.com
Siasat Neneng Umaya Jebak Dini Nurdiani: Chat Ajak Ketemu Pakai HP Suami,"Senin, 16 Mei  2022 17:45 WIB","\-

Polisi telah mengungkap kasus pembunuhan yang dilakukan oleh Neneng Umaya (24)
kepada Dini Nurdiani (26). Pelaku rupanya pernah menggunakan _handphone_
suaminya berinisial ID (27) untuk berkomunikasi dengan korban.

Kapolsek Cengkareng Kompol Ardhie Demastyo mengatakan ID dan Dini Nurdiani
menjalani hubungan perselingkuhan. Tidak terima diselingkuhi, Neneng Umaya
lalu menjebak korban sebelum akhirnya membunuhnya.

""Saudara DN, korban ini dihubungi oleh tersangka yang berinisial NU. Terus dia
_minjam handphone_ dari suaminya dia WhatsApp korban,"" kata Ardhie kepada
wartawan, Senin (16/5/2022).

Korban dan Neneng Umaya lalu bertemu pada 26 April. Saat itu pelaku mengaku
sebagai keponakan dari ID.

Dini Nurdiani awalnya curiga. Namun pelaku Neneng saat itu meyakinkan dengan
mengatakan ID akan segera datang.

""Jadi pada saat sampai TKP seolah-olah mau ketemu suaminya. Awalnya curiga
kenapa saya (Dini) dibawa ke sini. Si ID nanti datang lagi di perjalanan
ditunggu saja,"" kata Ardhie.

Singkat cerita, Neneng Umaya berhasil membunuh Dini Nurdiani. Korban menderita
sejumlah luka tusuk di leher dan ulu hati.

Jasad Dini Nurdiani ditemukan di Bekasi pada Minggu (1/5). Dua pekan berselang
pelaku Neneng Umaya ditangkap di Cipayung, Jakarta Timur, pada Jumat (13/5).

Setelah Neneng Umaya ditangkap, tersangka lalu diserahkan ke Polres Metro
Bekasi Kota. Sebab, lokasi pembunuhan itu berada di wilayah Bekasi.

Kasat Reskrim Polres Metro Bekasi Kota Kompol Ivan Adhitira mengatakan Neneng
saat ini telah menjalani pemeriksaan. Dia pun telah ditahan.

""Saat ini Neneng Umaya telah ditahan di Polres Metro Bekasi Kota,"" ujar Ivan.

Ivan mengatakan saat ini pihaknya masih memeriksa intensif Neneng. Hasil
pemeriksaan sejauh ini ditemukan pengakuan pelaku yang dalam kondisi sadar
saat melakukan aksi pembunuhannya.

""Saat ini dia dengan sadar melakukan pembunuhan. Dia mengakui melakukan
pembunuhan, tapi apakah motifnya direncanakan atau tidaknya sedang kita
dalami,"" kata Ivan.

Menurut Ivan, pelaku Neneng sejauh ini bersikap kooperatif saat diperiksa.
Tiap jawaban yang diberikan pun dinilai konsisten.

Dari pemeriksaan sejauh ini, polisi menilai tidak ada indikasi pelaku memiliki
masalah gangguan kejiwaan.

""Intinya tidak ada masalah dari kejiwaan yang bersangkutan. Dia sadar, dia
tahu, dia melakukan apa, terus dia mengakui juga bahwa dia melakukan
pembunuhan terhadap saudari D ya,"" terang Ivan.

[Gambas:Video 20detik]

 ",www.detik.com
"Usai Bunuh Sekuriti Studio Foto, Perampok di Semarang Buang HP Korban","Rabu, 30 Mar 2022 18:36 WIB","\-

Polisi saat ini terus memeriksa RIS alias Cipling, pelaku perampokan studio
foto di Semarang yang telah berhasil ditangkap. Selain merampok, pelaku juga
membunuh sekuriti di studio itu.

Selain mencuri beberapa kamera dan lensa, Cipling juga mengaku merampas
telepon genggam atau HP milik korban. Hanya saja, HP rampasan itu justru
dibuang.

Direktur Reserse Kriminal Umum Polda Jateng, Kombes Dhuhandhani Rahardjo Puro
mengatakan pelaku berinisial RIS (24) itu sempat mengambil handphone korban,
Supriyono (37) setelah membunuh dan menggasak kamera di toko yang berada di
Jalan Diponegoro Semarang itu. Handphone dibuang di sungai Banjir Kanal Barat
Semarang.

""Langsung kita terjunkan anggota untuk mencari keberadaan handphone milik
korban pembunuhan di toko kamera Jalan Diponegoro pagi tadi. Kita temukan di
kedalaman 50 cm,"" kata Kombes Djuhandhani saat dihubungi wartawan, Rabu
(30/3/2022).

Ia juga menjelaskan berbagai barang bukti sudah diamankan termasuk kamera
hasil curian yang sudah sempat dijual pelaku dalam pelariannya.

""Kita sudah amankan semua barang bukti hasil kejahatan. Walaupun sempat dijual
oleh pelaku, namun kita berhasil mendapatkanya kembali,"" ujar Djuhandhani.

Diberitakan sebelumnya, seorang sekuriti, Supriyono (37) ditemukan tewas di
tempatnya bekerja, Jalan Diponegoro, Gajahmungkur, Kota Semarang, Selasa
(29/3) kemarin. Korban mengalami sejumlah luka tusuk. Sedangkan kerugian
selain nyawa ada sejumlah kamera.

  
  
  
[Gambas:Video 20detik]  

 ",www.detik.com
Israel Gagalkan Rencana Hamas Bunuh Anggota Parlemen Yahudi,"Selasa, 24 Mei  2022 16:47 WIB","\-

Dinas keamanan internal Israel, Shin Bet, mengklaim berhasil menggagalkan
rencana sel kelompok Hamas untuk menyerang sejumlah target Israel. Salah
satunya rencana pembunuhan seorang anggota parlemen Yahudi beraliran sayap
kanan jauh yang kontroversial.

Seperti dilansir _AFP_ , Selasa (24/5/2022), Shin Bet dalam pernyataannya
menyebut lima anggota Hamas dari Yerusalem Timur berencana membunuh seorang
anggota parlemen bernama Itamar Ben-Gvir, mengebom jaringan light rail di
Yerusalem dengan sebuah drone dan menculik sejumlah tentara Israel.

Satu dari lima anggota Hamas, yang ditangkap pada April lalu, disebut telah
'membentuk jaringan aktivis di Yerusalem yang bertujuan mengganggu perdamaian
di Yerusalem Timur dan Temple Mount selama bulan Ramadan'. Temple Mount
merupakan sebut warga Israel untuk kompleks Masjid Al-Aqsa.

Bentrokan antara polisi Israel dan warga Palestina di kompleks Masjid Al-Aqsa
pada April lalu menewaskan satu warga Palestina dan melukai nyaris 300 orang,
yang sebagian besar warga Palestina.

Disebutkan Shin Bet bahwa lima anggota Hamas itu juga terlibat dalam kerusuhan
di kompleks Masjid Al-Aqsa saat itu.

Shin Bet juga menyatakan bahwa pihaknya menyita sebuah drone yang dicurigai
akan digunakan dalam plot serangan bom. Beberapa tersangka yang ditangkap juga
menjalani latihan tembak.

Kementerian Kehakiman Israel telah menjeratkan dakwaan terhadap Rashid Rishq,
Mohammad Salaymeh dan Hamzah Abu-Nab. Dakwaan yang dijeratkan mencakup dakwaan
pembunuhan dan penculikan, berkonspirasi untuk mengebom, keanggotaan
organisasi teror, menyerang polisi dan mengganggu perdamaian.

Dua orang lainnya, Sofian Aljouni dan Mansour Safdi, akan didakwa segera.

Selanjutnya __

Halaman

1  2

 ",www.detik.com
Polisi Tolak Laporan Korban Perampokan di Jaktim Bakal Disidang Etik Lusa,"Senin, 13 Des 2021 12:19 WIB","\-

Tindakan Aipda Rudi Panjaitan yang menolak laporan warga korban perampokan di
Jakarta Timur tengah diusut pihak kepolisian. Aipda Rudi bakal segera
menjalani sidang etik atas tindakan pelanggaran yang dilakukannya.

""Tadi Pak Kapolres sudah sampaikan laporan kepada Pak Kapolda itu hari Rabu
sidang disiplinnya,"" kata Kabid Humas Polda Metro Jaya Kombes E Zulpan saat
dihubungi, Senin (13/12/2021).

Zulpan mengatakan saat ini Aipda Rudi masih menjalani pemeriksaan di Propam
Polres Metro Jakarta Timur. Aipda Rudi pun telah dicopot dari jabatannya di
Polsek Pulogadung.

""Sudah ditindak dia, sudah dimutasikan di Polres Metro Jakarta Timur.
Jabatannya kan Unit Serse Pulogadung kemudian dipindahkan ke Polres Jakarta
Timur, _nonjob_ , jadi Basium atau Bintara Seksi Umum itu dalam rangka
pembinaan,"" terang Zulpan.

Zulpan mengatakan tindakan dari Aipda Rudi itu bakal disikapi serius oleh
pihaknya. Evaluasi akan dilakukan untuk mencegah peristiwa serupa berulang.

""Kepada mereka yang membuat pelanggaran seperti Aipda Rudi Panjaitan ini
tentunya nanti akan diberikan sanksi tegas. Tindakan disiplin akan disiapkan.
Kami akan memperbaiki diri dalam rangka ke dalam untuk anggota agar lebih baik
lagi dalam melayani masyarakat,"" tutur Zulpan.

Untuk diketahui, video seorang perempuan jadi korban perampokan setelah
mengambil uang dari anjungan tunai mandiri (ATM) viral di media sosial. Video
tersebut disertakan narasi kronologi kejadian dan pengakuan korban yang
ditolak polisi ketika hendak membuat laporan.

Video itu diposting oleh korban di akun Instagramnya. Korban menjelaskan
perampokan terhadap dirinya terjadi di Jalan Sunan Sedayu, Jaktim, pada Selasa
(7/12) kemarin setelah korban mengambil uang dari ATM sekitar pukul 18.45 WIB.
Korban tersebut merupakan pengendara mobil.

Selain itu, dalam postingan tersebut, dicantumkan rekaman CCTV pada saat
kejadian pencurian berlangsung. Korban menduga pelaku merupakan komplotan.

Korban saat itu diikuti 2 sepeda motor, lalu salah satu pelaku mendekati
korban dan mengetuk kaca mobilnya sambil menyampaikan sesuatu hal. Saat itu,
korban turun melihat kondisi mobilnya di bagian belakang.

Lalu, saat berhenti, pelaku mengambil tas di jok belakang melalui pintu mobil
sebelah kiri. Setelah insiden perampokan tersebut, korban mengatakan sempat
melapor ke polsek di sekitar Rawamangun.

""Saat saya ditanya-tanya oleh polisi, dia justru menyarankan saya pulang untuk
menenangkan diri, dan percuma kalau mau dicari juga,"" tulisnya postingan
tersebut.

Korban justru merasa malah kena tegur polisi karena mengambil uang tunai dalam
jumlah banyak di ATM. Korban menyebut si polisi bicara dengan nada tinggi.

""Setelah itu, polisi tersebut justru _ngomelin_ saya ' _lagian_ Ibu _ngapain
sih_ punya ATM banyak-banyak, kalau begini jadi repot. Apalagi banyak potongan
biaya admin juga, dengan nada bicara tinggi,"" sambungnya.

 ",www.detik.com
"2 Komplotan Maling Motor Asal Tangerang dan Lebak Diringkus, 19 Motor Disita","Selasa, 26 Apr 2022 16:55 WIB","\-

Polsek Neglasari meringkus dua komplotan pelaku pencurian sepeda motor
(curanmor). Dari dua komplotan ini, total 14 orang tersangka ditangkap dan
barang bukti motor curian sebanyak 19 unit motor berbagai jenis disita.

Kapolsek Neglasari Kompol Putra Pratama menjelaskan, komplotan pertama yang
ditangkap berasal dari Kampung Hamberang, Lebak, Banten. Total ada sembilan
orang tersangka dan 17 unit motor yang disita dari kelompok ini.

""Kelompok pertama ini total sementara ada sembilan orang tersangka yang kami
tangkap, semuanya berasal dari Kampung Hamberang, Lebak, Banten. Mereka
memiliki peran masing-masing yang terorganisir dan saling mendukung. Kami
masih belum berhasil menangkap tiga pelaku lainnya yang memiliki peran penting
sebagai pemetik motor,"" ucap Putra dalam keterangannya, Selasa (26/4/2022).

Menurutnya, total seluruh TKP pencurian motor dari komplotan ini sebanyak 32
lokasi, terbanyak di wilayah hukum Polsek Neglasari sebanyak 13 TKP. Beberapa
lokasi lainnya antara lain di Polsek Batu Ceper, Polsek Tangerang, Polrestro
Tangerang Kota, Polres Lebak, dan di beberapa lokasi wilayah hukum Polres
Bogor.

""Banyaknya TKP curanmor di wilayah kami merupakan bentuk kegagalan kami Polsek
Neglasari dalam upaya pencegahan terjadinya kejahatan. Sebagai cambuk bagi
kami, jajaran Polsek Neglasari untuk meningkatkan upaya preemtif dan preventif
dalam rangka meniadakan segala bentuk gangguan keamanan, menjaga keselamatan
harta benda masyarakat kami Kecamatan Neglasari,"" tuturnya.

Putra menyebut sembilan orang tersangka komplotan asal Hamberang terdiri atas
Bahtiar Rifai alias Eos (kapten sekaligus pemetik), Aditira alias Panjul
(pemetik), Wahyudi alias Yudi (joki), Saepul Imanul Hakim alias Upang (joki),
Tesha Agung Setiya Budi alias Conge (joki), Egi Muhamad Yani alias Yani
(joki), Yaya Sunarya alias Yayah (penadah), Joni Mahendra alias Jhon
(penadah), dan Ana Saputra alias Pokek (penadah).

Sementara itu, dari komplotan ini juga ada yang masih DPO bernama Sapri alias
Amang domisili di Jasinga, Bogor. DPO ini berperan sebagai pemetik yang saat
beraksi menggunakan jaket ojol, Devi alias Depidep (pemetik), dan Misbah alias
Mis (pemetik).

Selain komplotan asal Hamberang, Polsek Neglasari menangkap pelaku curanmor
kelompok lokal asal Neglasari dan sekitarnya. Barang bukti yang disita berupa
dua unit sepeda motor, dengan total 5 orang tersangka.

 _Simak selengkapnya di halaman selanjutnya..._

[Gambas:Video 20detik]

Selanjutnya __

Halaman

1  2

 ",www.detik.com
"Kepergok saat Beraksi, Begal di Bandung Tewas Dikeroyok Massa","Selasa, 24 Mei  2022 01:34 WIB","\-

Seorang begal berinisial AH tewas diamuk massa. AH diamuk massa lantaran
kepergok hendak merampas tas milik korban yang merupakan ibu-anak.

Dilansir detikJabar, Selasa (24/5/2022) aksi tersebut terjadi di Jalan Pasir
Impun, Gempolsari, Kecamatan Bandung Kulon, Kota Bandung Sabtu (21/5) malam.
Awalnya pelaku melakukan aksi pembegalan terhadap seorang perempuan dan
anaknya yang sedang berboncengan sepedamotor.

""Ada seorang ibu-ibu membonceng anaknya dengan memakai tas selempang. Saat mau
memasuki komplek, diikuti sepeda motor yang dinaiki pelaku. Ibu itu awalnya
tidak curiga karena disangka warga komplek,"" ujar Pjs Kasubbag Humas
Polrestabes Bandung Kompol Rahayu Mustikaningsih di Mapolrestabes Bandung,
Senin (23/5).

Pelaku yang juga mengendarai sepeda motor itu memepetkan diri ke arah korban.
Tiba-tiba, pelaku menarik tas selempang yang dibawa korban.

""Sehingga korban dan anaknya jatuh. Korban mempertahankan tas. Saat
mempertahankan tas, pelaku mengeluarkan senjata tajam golok. Ibu itu takut dan
spontan meminta tolong,"" kata Rahayu.

Di waktu bersamaan, ada salah seorang warga yang melintas di dekat TKP. Warga
bernama Nandang itu membantu korban dan menahan sepeda motor pelaku agar tak
melarikan diri. Hingga akhirnya pelaku dikeroyok massa.

""Setelah itu, Pak Nandang disabet hingga mengenai siku sebelah kiri. Pelaku
saat itu berusaha melarikan diri,"" imbuhnya.

Baca berita selengkapnya di sini.

[Gambas:Video 20detik]

 ",www.detik.com
"2 Begal Sadis Bersenjata Bendo di Demak Dibekuk, Lainnya Buron","Senin, 28 Mar 2022 17:34 WIB","\-

Polres Demak menangkap dua begal bersenjata bendo atau parang berinisial AA
(22) dan SN (31) itu asal Kecamatan Mranggen, Demak. Saat ini, dua teman
mereka masih buron.

""Semuanya empat orang. Kita sudah mengamankan dua orang, yang dua lagi sedang
kita cari,"" kata Kapolres Demak AKBP Budi Adhy Buono di Mapolres Demak, Senin
(28/3/2022).

Budi mengatakan, komplotan begal yang terdiri dari empat orang itu beraksi
pada Minggu (20/2) dini hari, di Jalan Plamongan Indah, Desa Batursari,
Kecamatan Mranggen, Demak.

""Ada sepasang muda-mudi melewati jalan sepi tersebut pada pukul 00.30 WIB.
Selanjutnya, mereka berpapasan dengan empat orang, laki-laki,"" kata Budi.

Setelah berpapasan dengan kedua korban, menurut Budi, empat orang itu kemudian
memutar arah dan melakukan pengejaran.

""Mereka kemudian memepet dan menendang. Setelah kedua korban terjatuh,
tersangka AA langsung mengambil senjata tajam (bendo) dari balik bajunya.
Selanjutnya mengacung-ngacungkan dan meminta _handphone_ dari pada korban,""
terang Budi.

![Dua tersangka begal bersenjata tajam jenis bendo atau parang ditangkap
Polres.](https://akcdn.detik.net.id/community/media/visual/2022/03/28/dua-
begal-yang-ditangkap-polres-demak-2_43.jpeg?w=480)Dua tersangka begal
bersenjata tajam jenis bendo atau parang ditangkap Polres. Foto: Mochamad
Saifudin/detikJateng.  
  
---  
  
""Kemudian, tersangka SN mengambil kendaraan bermotor korban dan meninggalkan
korban di TKP,"" imbuh Budi.

Dia menambahkan, tersangka AA pernah berurusan dengan polisi karena kasus
pengeroyokan. ""AA ini pelaku pengeroyokan yang juga terjadi di Mranggen,""
ujarnya.

Selain menangkap dua tersangka, polisi juga menyita barang bukti sepeda motor,
dan satu senjata tajam jenis bendo sepanjang 42 cm. Sementara motor hasil
rampasan mereka telah dijual.

Saat dihadirkan dalam konferensi pers, tersangka AA mengaku membegal karena
butuh uang untuk beli minuman keras. AA juga mengaku telah merencanakan
aksinya.

""Sebelum kejadian itu minum- minum (minuman keras) dulu di rumah saya. Terus
teman saya ngajak muter-muter. Motornya dijual Rp 4,8 juta. Saya dapat bagian
Rp 1 juta. Uangnya juga buat minum-minum,"" kata AA.

Atas perbuatannya, kedua begal itu dijerat pasal 365 KUHP tentang tindak
pidana pencurian dengan kekerasan dengan ancaman pidana maksimal 12 tahun
penjara.

  
  
  
[Gambas:Video 20detik]  

 ",www.detik.com
Biadab! Bapak di Bogor Perkosa Anak Berkali-kali Saat Istri Tidur,"Rabu, 20 Apr 2022 19:15 WIB","\-

Polisi menangkap MR (38), pria asal Tenjolaya, Kabupaten Bogor, karena
memperkosa anak kandungnya berkali-kali sejak 2019. MR melakukan aksi bejat
itu di dalam rumah sendiri ketika istrinya sedang tidur.

""MR ini ayah kandung dari korban, yang mana mereka tinggal dalam satu rumah
dan punya kebiasaan tidur bersama dalam satu kamar (berikut istrinya) dengan
posisi korban di samping pelaku,"" kata Kasat Reskrim Polres Bogor AKP Siswo
Tarigan dalam keterangannya, Rabu (20/4/2022).

Ketika istrinya tidur, kata Siswo, pelaku MR melakukan aksi bejatnya. Anak
kandungnya itu diraba-raba hingga disetubuhi. Aksi bejadnya ini dilakukan MR
sejak 2019 atau sejak korban duduk di kelas 1 SMP hingga Maret 2022.

""Perkara ini terungkap setelah korban mengadu kepada pacarnya. Kemudian
pacarnya melapor ke pihak kepolisian. Kemudian kita mendapatkan fakta bahwa
ayah kandungnya itu melakukan pencabulan dan persetubuhan itu dilakukan sejak
2019, sejak korban masih di kelas 1 SMP sampai sekarang usia 15 tahun,"" kata
Siswo.

Untuk melancarkan aksinya, MR selalu melakukan ancaman dan kekerasan terhadap
korban jika menolak keinginan atau melaporkan kejadian itu kepada orang lain.

""Untuk kejadian persetubuhan, memang ada ancaman tidak akan diberi uang jajan,
terkadang juga mendapat kekerasan fisik, dengan cara dijenggut rambutnya,""
terang Siswo.

Karena perbuatannya, MR dijerat dengan Pasal 81 dan/atau Pasal 82 UU Nomor 35
Tahun 2014 tentang perubahan atas UU No 23 Tahun 2002 tentang Perlindungan
Anak.

""Ancaman hukumannya pidana penjara paling singkat 5 tahun dan paling lama 15
tahun dan denda paling banyak Rp 5 miliar,"" katanya.

[Gambas:Video 20detik]

 ",www.detik.com
"Viral Pencurian Pikap di Larangan Tangerang, Polisi Buru Pelaku","Minggu, 29 Mei  2022 13:04 WIB","\-

Aksi pencurian pikap di Larangan, Kota Tangerang, Banten, viral di media
sosial. Polisi sedang mengidentifikasi para pelaku pencurian pikap di Larangan
itu.

Aksi pencurian pikap tersebut terekam kamera CCTV yang terpasang di sekitar
tempat kejadian perkara (TKP). Rekaman CCTV itu kemudian diunggah ke media
sosial dan viral.

Pencurian pikap itu disebut terjadi pada 26 Mei 2022, sekitar pukul 05.20 WIB.
Saat itu, pikap tersebut sedang terparkir di tanah lapang milik warga
setempat.

Dalam rekaman yang viral, awalnya terlihat 4 orang yang berboncengan
menggunakan 2 motor mondar-mandir di sekitar TKP. Lalu, 2 di antara dari
mereka masuk ke area tanah lapang tempat pikap yang diincar terparkir.

Sementara 2 pelaku lain menunggu di motor. Tak lama kemudian, pikap tersebut
terlihat dalam rekaman CCTV tancap gas diikuti oleh 2 pelaku yang mengendarai
motor.

Pihak Polsek Ciledug mengkonfirmasi aksi pencurian pikap ini. Kapolsek Ciledug
Kompol Noor Meghantara memastikan jajarannya sedang melakukan penyelidikan.

""Ya betul, sudah monitor. Sedang kami lakukan penyelidikan. Hampir sama dengan
yang di Instagram,"" kata Noor saat dimintai konfirmasi, Minggu (29/5/2022).

Polisi juga sudah melakukan olah TKP. Sejumlah saksi juga sudah dimintai
keterangan.

""Cek TKP, periksa keterangan saksi-saksi dan lakukan identifikasi pelaku,""
ucap Noor.

Noor menyebut modus pencurian pikap ini dengan cara merusak kunci. Kerugian
akibat pencurian ini ditaksir mencapai puluhan juta rupiah.

""Merusak kunci. (Kerugian ditaksir) Rp 70 juta,"" katanya.

[Gambas:Video 20detik]

 ",www.detik.com
Ada Luka di Kepala Mayat dalam Karung Korban Pembunuhan di Tangerang,"Selasa, 31 Mei  2022 15:54 WIB","\-

Polisi mengungkapkan mayat dalam karung di Legok, Kabupaten Tangerang, adalah
korban pembunuhan. Polisi menyebutkan terdapat luka pada mayat berjenis
kelamin laki-laki tersebut.

""Secara kasatmata ada beberapa luka di bagian kepala, pastinya kita menunggu
hasil autopsi mayat,"" ujar Kasat Reskrim Polres Tangerang Selatan (Tangsel)
AKP Aldo Primananda Putra saat dihubungi, Selasa (31/5/2022).

Polisi mengungkapkan dugaan pembunuhan terkait temuan mayat dalam karung ini.
Saat ditemukan, kondisi tangan dan kakinya terikat dengan pemberat.

""Laki-laki. Ada dugaan mengarah ke sana (pembunuhan). Korban di dalam karung
dalam keadaan terikat dengan pemberat pada tangan dan kaki,"" tambahnya.

Menurutnya, saat ini identitas dari jenazah belum dapat diidentifikasi hanya
jenis kelaminnya saja yang diketahui. Sementara itu, saat ini, mayat laki-laki
tersebut sudah dievakuasi ke rumah sakit untuk diautopsi.

""Masih belum teridentifikasi (identitasnya). Sudah dievakuasi dan dibawa ke
rumah sakit untuk dilakukan autopsi,"" ungkapnya.

Sebelumnya, mayat dalam karung ini ditemukan di bekas galian pasir yang berada
di Desa Legok RT 10 RW 11 Kecamatan Legok, Kabupaten Tangerang. Kabid
Kedaruratan dan Logistik BPBD Kabupaten Tangerang Abdul Munir saat
dikonfirmasi membenarkan penemuan mayat dalam karung tersebut.

""Dalam karung itu masih di dalam karung kelihatan di gambarnya ya. Masih
kelihatan di gambarnya,"" ujar Abdul.

 ",www.detik.com
Pria di Kendari Begal Teman Sendiri Gegara Belum Bayar Utang Rp 200 Ribu,"Selasa, 10 Mei  2022 12:12 WIB","\-

Pria inisial MT (24) warga Kota Kendari, Sulawesi Tenggara (Sultra) tega
membegal temannya sendiri. Alasannya, MT kesal korban berinisial DS (21) tak
kunjung membayar utang uang sebesar Rp 200 ribu.

""Alasan MT melakukan perbuatan tersebut karena korban punya utang Rp 200 ribu
ke MT yang tak kunjung dibayar,"" kata Kapolresta Kendari Kombes Pol Muhammad
Eka Faturahman melalui keterangan resmi, Selasa (10/5/2022).

Eka mengungkapkan aksi begal tersebut terjadi di Jalan Pasaeno Kelurahan
Bende, Kecamatan Kadia, Kota Kendari pada Jumat (29/5). Awalnya, korban saat
itu tengah mengendarai sepeda motor miliknya kemudian dipepet pelaku dan
dihentikan.

  

""Tiba-tiba pelaku kemudian mencabut pisau lalu mengejar korban,"" ujarnya.

Korban yang diancam senjata tajam pun ketakutan lantas lari meninggalkan
motornya. Pelaku pun berhasil membawa motor tersebut.

Atas kejadian itu korban merasa keberatan dan melaporkan kasus pembegalan
tersebut ke polisi untuk di proses lebih lanjut. Tak menunggu waktu lama,
pelaku berhasil dibekuk.

""Buser 77 Polresta berhasil menangkap pelaku hari Sabtu (30/5) pukul 19.30
Wita,"" ujarnya.

Hasil interogasi sementara, pelaku beralasan melakukan aksi begal tersebut
karena korban belum melunasi utang senilai Rp 200 ribu yang dipinjamkan tempo
hari.

""Pelaku mengakui perbuatannya dan mengambil motor milik korban dengan
mengancam menggunakan pisau,"" ungkap Eka.

Atas perbuatannya, pelaku dijerat dengan Pasal 365 KUHP tentang tindak pidana
pencurian dengan kekerasan dengan ancaman maksimal 9 tahun penjara.

  
  
  
[Gambas:Video 20detik]  

 ",www.detik.com
Polisi Mediasi Pelaku Pencurian Bra dengan Suami Korban,"Jumat, 06 Mei  2022 12:00 WIB","\-

Terduga pelaku pencurian bra MU (23), warga Loang Sorok, Desa Darmasari,
Kecamatan Sikur, Kabupaten Lombok Timur, diamankan Kepolisian Sektor Sikur
pada Kamis (5/5/2022) kemarin. Polisi memutuskan memediasi MU dengan suami
korban.

Mediasi akan dilakukan Jumat (6/5/2022) ini di Polsek Sikur Lombok Timur.

""Ya kita akan mediasi dulu,"" kata Kasi Humas Polres Lotim Iptu Nikolas Osman
kepada tim detikBali, Jumat pagi.

  

Sementara, Kapolsek Sikur Iptu Dewa Astawa mengatakan terduga pelaku MU akan
menandatangani surat pernyataan untuk tidak mengulangi perbuatannya.

Dewa mengatakan, awalnya terduga pelaku Mu diancam Pasal 364 KUHP terkait
pencurian ringan yang hanya dapat didakwakan terhadap pencurian dengan harga
barang yang dicuri tidak lebih dari nilai Rp 250,00 (dua ratus lima puluh
ribu).

""Karena menyerahkan diri kami tidak tahan. Kami hanya peringati untuk tidak
melakukan perbuatannya lagi,"" ujar Dewa.

Dewa mengatakan, terduga pelaku MU dengan santai mencuri bra milik istri dari
Umar Fendi (29) di rumahnya di Dusun Presak Sire, Desa Montong Baan Selatan,
Kecamatan Sikur, Kamis (5/5/2022) kemarin.

Karena melihat jemuran bra, terduga pelaku seketika menghentikan motornya dan
berjalan memasuki pekarangan rumah korban dan mengambil dua buah bra milik
korban berwarna biru muda dan biru tua.

""Setelah mengambil bra milik korban. Terduga pelaku langsung mencium dan
menggosokkan ke bagian kelaminnya,"" kata Dewa.

Terduga pelaku MU pun tidak ditahan kepolisian. Hal itu dikarenakan terduga
pelaku memiliki istri dan anak.

""Dia kan memiliki anak dan istri. Kerjanya juga serabutan di desa. Jadi kita
hanya mediasi dan beri peringatan untuk tidak mengulangi perbuatannya,""
pungkas Dewa.

Diberitakan sebelumnya, MU (23), warga Loang Sorok, Desa Darmasari, Kabupaten
Lombok Timur, Nusa Tenggara Barat (NTB) nekat mencuri jemuran dua buah bra
milik seorang ibu rumah tangga. Aksi pencurian itu terjadi sekitar pukul 12.00
WITA Kamis (5/5/2022) kemarin. Setelah mengambil dua buah bra milik korban,
pelaku MU pun mencium dan menggosokkan pembungkus payudara itu ke bagian alat
vitalnya.

Aksi MU kepergok oleh suami korban pemilik bra tersebut, Umar Fendi (29).
Kelakuan pria itu membuat Umar Fendi (29) marah, karena bra istrinya diambil
pelaku dan berbuat seronok.

Kasi Humas Polres Lombok Timur Iptu Nikolas Osman mengatakan pelaku MU
langsung ditangkap oleh saksi Umar Fendi bersama warga lainnya.

""Saat itu juga pelaku diamankan anggota Polsek Sikur,"" katanya

  
  
  
[Gambas:Video 20detik]  

 ",www.detik.com
Guru SD di Bulukumba Dipolisikan Perkosa Bocah 10 Tahun di Rumah-Sekolah,"Senin, 02 Mei  2022 17:29 WIB","\-

Guru sekolah dasar (SD) berinisial MA di Kabupaten Bulukumba, Sulawesi Selatan
(Sulsel) dilaporkan ke polisi atas tuduhan pemerkosaan terhadap muridnya.
Korban merupakan bocah 10 tahun yang diduga diperkosa di sekolah dan rumah
pelaku.

""(Laporan tentang pidana) Pemerkosaan,"" ujar Kamaruddin, ayah korban saat
dimintai konfirmasi, Senin (2/5/2022).

Korban membuat laporan polisi di PPA Polres Bulukumba pada Jumat (29/4) pekan
lalu. Surat tanda terima laporan polisi oleh korban teregistrasi dengan nomor
STTLP/B/272/IV/2022/SPKT/Polres Bulukumba/Polda Sulawesi Selatan.  
  
Kamaruddin mengatakan, kasus dugaan pemerkosaan ini terungkap setelah korban
dibuli teman-teman mengajinya di masjid di wilayah Kecamatan Bulukumpa pada
Rabu (27/4). Korban dibuli rekannya sesama bocah.

  

""Dibuli sama teman-temannya, di situ terungkap ceritanya, _dicewek_ (korban
dipacari) sama itu guru sekolahnya,"" kata Kamaruddin.

Karena tak tahan dibuli, korban mengadu ke guru mengajinya bahwa ia telah
menjadi korban pemerkosaan oleh guru MA. Peristiwa dugaan pemerkosaan itu
akhirnya turut diketahui Kamaruddin.

""(Korban mengadu) pernah _napanggil_ guruku ke rumahnya, _napanggil_ ke kamar
(selanjutnya korban menceritakan peristiwa diperkosa MA),"" ujar Kamaruddin.

## Korban Diduga Diperkosa di Rumah dan Sekolah

Menurut Kamaruddin, pemerkosaan di rumah MA tersebut terjadi pada Februari
2022. Sementara pemerkosaan yang kedua terjadi di sekolah saat bulan puasa.

""Februari (pertama kali korban diperkosa di rumah). Yang kedua kalinya bulan
puasa hari Sabtu 23 April di kantor sekolah,"" kata Kamaruddin.

Setelah mendengar pengakuan korban, Kamaruddin langsung melaporkan MA ke
kepala dusun karena terlapor tinggal di desa yang sama dengan korban. Kemudian
pada Jumat (29/4), Kamaruddin juga langsung membuat laporan polisi ke Polres
Bulukumba.

""(Sudah) melapor Polres langsung ke Bulukumba,"" katanya.

  
  
  
[Gambas:Video 20detik]  

 ",www.detik.com
Aksi Culas Maling Satroni Konter HP di Klaten Terekam CCTV,"Rabu, 18 Mei  2022 12:23 WIB","\-

Pencuri ponsel dengan menyaru sebagai pembeli beraksi di Labacell Jalan
Klaten-Boyolali, Desa Gedaren, Kecamatan Jatinom, Klaten, Jawa Tengah. Pelaku
hanya seorang diri terekam CCTV di lokasi.

Kejadian tersebut viral setelah diunggah di group info Cegatan Klaten (ICK),
Selasa (17/5) malam. Disertakan foto pelaku dan rekaman CCTV lokasi saat
pelaku tak melepas helm serta masker.

 _""Infooo!!!! Telah terjadi pencurian sebuah hp oppo a16/4/64 TKP ""counter
labacell gedaren jatinom_  
 _Kejadian hari selasa tgl 17/05/2022 jam -+ 10:00 : jam 11:00. Dengan no imei
""866653053364252_  
 _Dan ciri ciri pelaku"" buat semua sedulur dulur klaten angar lebih waspada
dan hati2 khususe outlet counter hp... Terima kasih admin terima kasih buat
dulur2 klaten,""_ tulis akun Ari Anto seperti yang dilihat , Rabu (18/5/2022).

Pemilik konter, Apriyanto (38), mengatakan pelaku terekam CCTV. Bahkan pelaku
sempat melihat ke arah kamera CCTV sehingga tidak melepaskan helm.

""Dari rekaman CCTV, pelaku sempat melihat CCTV. Saya berharap konter lainnya
waspada,"" ucap Apri kepada wartawan.

Seorang penjaga konter, Anis Nur Hidayah (23), menambahkan kejadian itu
terjadi pada Selasa (17/5) siang.

""Kejadiannya Selasa kemarin sekitar pukul 11.00 WIB, pelakunya sendiri.
Motornya matik warna hitam tidak ada pelat nomornya,"" ungkapnya.

Anis mengungkap, setelah datang pelaku langsung menuju ke etalase bermaksud
membeli ponsel baru. Pelaku tidak copot helm dan masker.

""Pelaku tidak copot helm dan masker. Nanya-nanya mau beli ponsel baru, lalu
saya ambilkan dan saya tanya pemilik konter oke harganya,"" terang Anis.

Pelaku, sebut Anis, sempat berpura-pura mengeluarkan uang dan meminta
diambilkan perlengkapan lainnya. Saat ponsel mau dimasukkan etalase, pelaku
melarangnya.

""Katanya mau dibeli. Saya ambilkan _softcase_ , saya siapkan nota tapi begitu
saya balik, pelaku sudah pergi,"" papar Anis.

Akibat kejadian itu, imbuh Anis, konter kehilangan ponsel baru. Kerugian
ditaksir sekitar Rp 2,5 juta.

""Kerugian sekitar Rp 2,5 juta. Terekam CCTV konter tapi tidak terlihat
wajahnya,"" kata Anis.

Penjaga konter lainnya, Cici (22), mengatakan pelaku datang langsung memarkir
sepeda motor di depan konter. Begitu datang, motornya sudah langsung
dihadapkan ke jalan raya.

""Parkir motornya aneh karena langsung di balik menghadap ke jalan raya, tapi
saya tidak curiga sejak awal. Belakang tidak ada pelat nomornya, pelaku tidak
mencopot helm dan masker,"" ungkap Cici.

Dia melihat pelaku kabur ke arah selatan menuju Kota Klaten. Wajah pelaku tak
terlihat, ciri-ciri yang bisa dilihat yakni jaket, helm hitam dan celana jins
biru.

""Saat kejadian saya sedang melayani orang beli pulsa, jadi saya tidak lihat
banyak,"" imbuh Cici.

Terpisah, Kapolsek Jatinom AKP Nachrowi menyatakan sudah mendapatkan informasi
kejadian tersebut. Kasus itu sedang dalam penyelidikan Polsek.

""Untuk kejadian tersebut sampai saat ini masih kami lakukan lidik,"" ungkap
Nachrowi kepada .

  
  
  
[Gambas:Video 20detik]  

 ",www.detik.com
Kelompok Pencuri Bermasker Gasak Uang Belasan Juta di Sumedang,"Sabtu, 28 Mei  2022 03:00 WIB","\-

Toko Jojoba Pet Center di Jalan Raya Ir. Soekarno, Kecamatan Jatinangor,
Kabupaten Sumedang disatroni sekelompok orang bermasker yang menggasak uang
tunai hingga belasan juta rupiah. Sekelompok orang itu pun berhasil terekam
kamera CCTV di lokasi kejadian.

Pemilik toko, Aditia Rahmat (23) mengungkapkan aksi pencurian itu terjadi
sekitar pukul 10.17 WIB pada Kamis (26/5/2022). Saat itu, kondisi toko hanya
dijaga oleh dirinya seorang diri.

Berdasarkan rekaman kamera CCTV, sambung dia, sekelompok orang itu berjumlah
10 orang dewasa dengan mengendarai 5 unit sepeda motor secara berboncengan.
Enam diantaranya perempuan dan 4 lainnya laki-laki.

  

""Wajah mereka semuanya mengenakan masker,"" ujarnya saat ditemui di lokasi,
Jumat (27/5/2022).

Ia menjelaskan, kelompok ini menjalankan modusnya dengan cara mengalihkan
perhatian.

""Saat di dalam toko mereka semua awalnya tanya-tanya soal pakan hewan
peliharaan kucing dan hamster, lalu kemudian, ada satu orang yang datang
belakangan tiba-tiba dengan suara nada tinggi memaksa ingin dilayani lebih
dulu,"" paparnya.

Ia sendiri memperkirakan aksi pencuriannya terjadi tepat saat dirinya tengah
lengah melayani satu orang yang datang belakangan tersebut.

""Jadi saat saya melayani orang yang datang belakangan itu, beberapa orang
lainnya dari kelompok itu seperti kompak menghalangi arah pandang mata saya ke
tempat dimana meja kasir berada,"" katanya.

Ia baru tersadar ada yang sedikit ganjil saat sekelompok orang itu keluar
meninggalkan tokonya secara bersamaan dengan tidak ada seorang pun yang
membeli barangnya.

Ia pun kemudian langsung memeriksa barang-barang yang ada di tokonya. Namun
betapa kagetnya ia saat mengetahui uang senilai Rp 11 juta yang berada di
dalam laci meja kasir telah raib digondol kawanan orang itu.

""Pertama saya periksa barang jualan namun barang lengkap aman, kemudian saya
cek handphone juga aman yang disimpan di atas meja, pas lliat laci kasir kok
terbuka dan benar saja dompet warna merah bersama isinya sudah tidak ada di
sana,"" ujarnya.

Menurutnya, aksi yang dilakukan oleh kawanan orang itu telah terencana dan
terlatih. Pasalnya, mereka melancarkan aksinya begitu kompak dalam waktu yang
hanya beberapa menit saja.

Ia pun telah melaporkan kejadian tersebut kepada petugas Kepolisian Sektor
Jatinangor. Ia berharap para pelaku dapat segera tertangkap.

""Kemarin petugas polisi langsung olah TKP, semoga para pelaku bisa
tertangkap,"" pungkasnya.

 ",www.detik.com
Aksi Kapolresta Bandung Kembalikan Motor Hasil Curian ke Pemiliknya,"Sabtu, 05 Mar 2022 17:36 WIB","\-

Di bawah rintik hujan, Kapolresta Bandung Kombes Pol Kusworo menyerahkan motor
yang sempat dicuri kepada pemiliknya. Sepeda motor tersebut merupakan hasil
Operasi Jaran Lodaya tahun 2022 di wilayah Jawa Barat.

Kusworo mengatakan saat ini ada beberapa motor hasil curian diserahkan kepada
para pemiliknya. ""Hari ini kurang lebih ada 8 motor yang kita kembalikan
kepada korban. Kebetulan kita pada saat kemarin kita melaksanakan Operasi
Jaran lodaya 2022 ada 108 motor yang kami sita dari 94 tersangka,"" ujar
Kusworo di Soreang, Kabupaten Bandung, Sabtu (5/3/2022).

Kusworo menuturkan dari 108 motor tersebut beberapa TKP-nya ada di Polres
lain. Dengan itu, kata dia, beberapa motor tersebut dikembalikan ke Polres
lain.

  

""Dari 108 motor itu ada beberapa TKP-nya wilayah polres lain. Sehingga kami
kembalikan ke polres lain, dan masih ada puluhan motor yang sejak kemarin kami
laksanakan press realese kemudian diambil langsung oleh korban,"" katanya.

Pihaknya menjelaskan dari beberapa motor tersebut masih ada motor yang belum
diambil oleh korban. ""Beberapa di antaranya kami coba telepon ke korban, dan
hari ini ada 8 yang sekiranya ada di rumah, untuk kami lakukan layanan antar.
Jadi masyarakat korban curanmor itu yang melapor ke polisi, kami hubungi, yang
bersangkutan bisa nunggu di rumah, motornya kami antar ke rumah. Seperti
saudara kita hari ini, beliau adalah karyawan di perusahaan konveksi, kemudian
kami antar di mana beliau bekerja,"" katanya.

![Polisi menyerahkan motor yang sempat dicuri kepada para
pemiliknya.](https://akcdn.detik.net.id/community/media/visual/2022/03/05/polisi-
menyerahkan-motor-yang-sempat-dicuri-kepada-para-
pemiliknya-1_169.jpeg?w=620)Polisi menyerahkan motor yang sempat dicuri kepada
para pemiliknya. Foto: Istimewa  
  
---  
  
Kusworo menjelaskan alasan mengantar kendaraan tersebut secara langsung,
karena beberapa korban yang pada saat press release tidak dapat menghadiri.
Dengan itu, kata dia, pihak Polresta Bandung melakukan pengantaran ke rumah
korban.

""Jadi kemarin kami sudah melaksanakan press release, kemudian korban kami
undang untuk kami berikan pinjam pakai sampai dengan nanti waktunya dihadapkan
ke kejaksaan sebagai tahap dua dari P21, yaitu penyerahan tersangka dan barang
bukti,"" jelasnya.

""Nah ada beberapa warga yang saat itu tidak bisa mengambil. Mungkin karena
faktor harus kerja, atau lagi gak enak badan dan sebagainya. Sehingga kami
yang mengantar ke rumah korban dalam rangka peningkatan pelayanan kami kepada
masyarakat,"" tegasnya

Pihaknya mengungkapkan pengembalian motor tersebut dilakukan atas intruksi
Kapolda Jawa Barat dan Kapolri.

""Itu juga atas petunjuk dan bimbingan bapak Kapolda Jawa Barat, dan atas
petunjuk arahan dari bapak Kapolri. Sebagaimana kami selalu senantiasa
memberikan peningkatan pelayan kepada masyarakat untuk mendapatkan kepercayaan
dan simpati kepada masyarakat,"" jelasnya.

Dalam prosesnya, Polresta Bandung mengembalikan dua sepeda motor ke dua
lokasi, salah satunya adalah di Kp Bojongwaru, Desa kopo, Kecamatan
Kutawaringin Kabupaten Bandung, dengan jenis motor honda beat hitam.

Salah satu Korban asal Kp Bojongwaru, Desa kopo, Kecamatan Kutawaringin Yusuf
Khaidar mengatakan motornya hilang pada 7 Agustus tahun lalu. Bahkan kata dia,
hilangnya hanya dalam itungan detik.

""Awalnya tanggal 7 agustu ilangnya di depan sini, di parkirkan. Nah itu
(kejadiannya) siang-siang, ternyata pas dilihat di CCTV ada dua orang yang
nyuri. Ngambil, 13 detik langsung ngilang,"" katanya.

""Terus besoknya saya lapor ke polsek setempat, di Polsek Soreang.
Alhamdulillah ditanggapi dengan baik, direspons dengan baik, kita dikasih
motivasi, jangan terlalu dipikirkan, Insy Allah kita bantu kata Polsek
Soreang,"" jelasnya.

Pihaknya mengucapkan terimakasih kepada Polsek Soreang dan Polresta Bandung
atas kembalinya motor yang sempat hilang tahun lalu itu.

""Saya sangat-sangat berterima kasih, dianter ke rumah, terus saya bangga
dengan Polsek Soreang dan Polresta Bandung. Mudah-mudahan ke depannya Polresta
Bandung dapat menemukan motor orang-orang yang belum ditemukan,"" jelasnya.

Di lokasi berbeda, Polresta Bandung memberikan sepeda motor jenis honda beat
warna merah putih kepada korbannya di Jalan Cibiuk, Gang Mekar 1, Cangkuang
Wetan, Kecamatan Dayeuhkolot, Kabupaten Bandung.

""Bersyukur banget. Gak nyangka sih. Pertamanya yaudah ikhlas aja, karena kan
pertamanya kita gak tahu kan orang jahat di bawa ke mana motornya. Sudah
bingung, yaudah lah kita bikin laporan aja. Perkara nanti ketemu atau nggak,
rezeki atau ngga, ya gimana nanti aja,"" ujar Adlina Rahmi Setiadi.

  
  
  
[Gambas:Video 20detik]  

 ",www.detik.com
Detik-detik Keluarga Temukan Mamih Juju Tewas Bersimbah Darah,"Rabu, 18 Mei  2022 12:18 WIB","\-

Polisi masih terus berusaha mengungkap kasus pembunuhan Juju Juariyah (46)
alias Mamih Juju. Galih, keponakan korban menjadi sosok yang pertama kali
melihat korban tewas bersimbah darah di musala rukonya.

Sebagaimana diketahui janda beranak dua warga Kampung Godebag, Desa
Tanjungkerta, Kecamatan Pagerageung, Kabupaten Tasikmalaya ditemukan tewas di
musala Ruko miliknya, Selasa (17/5/2022).

Dalam peristiwa itu ada seorang saksi penting sekaligus orang yang pertama
kali menemukan korban terbaring bersimbah darah. Dia adalah Galih (19),
keponakan korban yang pada saat kejadian dia tidur di lantai 2 Ruko.

  

Galih mengatakan pada malam itu dia tidur sekitar pukul 01.00 WIB dini hari.
Tapi sampai dia tidur dirinya tak mendengar suara mencurigakan di lantai
dasar.

""Saya tidur sekitar jam 1 di kamar atas, tidak dengar apa-apa. Memang suara di
bawah samar, apalagi kalau tidur auto tidak kedengaran,"" kata Galih kepada
wartawan, Selasa (17/5/2022).

Selama ini Galih memang menemani Juju Juariyah di Ruko tersebut bersama Jemi
anak kedua Juju. Setelah tidur larut malam itu, Galih terjaga sekitar pukul
05.00 WIB. Dia sempat membangunkan korban.

""Saya kira kecapaian. Dari jam 5 dibangunin tuh, enggak bangun-bangun. Pas jam
6 saya bangunin lagi sambil membuka bantal, saya langsung lari,"" kata Galih.

Saat membuka bantal yang sebelumnya menutupi wajah Juju, Galih mendapati leher
tantenya itu berlumuran darah. ""Nggak kelihatan lukanya tapi darah banyak,""
kata Galih.

Galih juga memastikan bahwa pintu atau akses masuk Ruko tidak ada yang rusak.
""Enggak ada, engggak ada yang rusak,"" kata Galih.

Sementara itu di malam sebelum kejadian ada salah seorang saksi yang melihat
sebuah sepeda motor di sekitar ruko. Saksi tersebut teringat, karena motor
jenis Yamaha X-Ride itu nyelonong dan hampir bertabrakan.

Dia mengatakan motor matic itu tanpa dilengkapi pelat nomor. Ikhwal motor
tersebut, polisi menjadikannya sebagai bahan keterangan yang didalami.

Diberitakan sebelumnya, Juju Juariyah (46) alias Mamih Juju warga Kampung
Godebag Desa Tanjungkerta Kecamatan Pagerageung Kabupaten Tasikmalaya
ditemukan tewas di musala Ruko miliknya, Selasa (17/5/2022).

Polisi menduga korban tewas akibat dibunuh. Tapi polisi masih melakukan
penyelidikan ihwal siapa pelaku pembunuhan keji itu. Polisi dari Polres
Tasikmalaya Kota juga masih berusaha mengungkap motivasi pelaku atau latar
belakang peristiwa tragis tersebut. Apakah perampokan, dendam, prahara
keluarga atau lainnya.

 ",www.detik.com
Dor! Dua Bandit Serang Polisi di Pasuruan Ditembak,"Minggu, 10 Apr 2022 23:50 WIB","\-

Polisi melumpuhkan 2 dari 3 bandit pelaku begal yang sangat meresahkan warga.
Dua dari 3 bandit yang kerap beraksi di Jalur Agrowisata Nongkojajar,
Kecamatan Tutur, Kabupaten Pasuruan, itu ditembak karena berupaya menyerang
petugas.

Tiga bandit yang diamankan yakni Sp dan Sl. Keduanya adalah warga Kecamatan
Pasrepan. Sementara Ro salah satu bandit lainnya diketahui merupakan warga
Kecamatan Puspo.

""Dua orang ditembak, Sp sama Sl. Sementara Ro ditangkap di waktu berbeda tanpa
perlawanan,"" kata Kasat Reskrim Polres Pasuruan AKP Adhi Putranto Utomo,
Minggu (10/4/2022).

Penangkapan Sp dan Sl pada Jumat (8/4/2022) berlangsung dramatis. Keduanya
sempat melawan dengan mengeluarkan senjata tajam dan melempar bondet. Petugas
pun mengambil tindakan tegas dan terukur melumpuhkan keduanya dengan tembakan.

Petugas berhasil melumpuhkan kedua bandit itu dengan tembakan di kaki. Setelah
berhasil dilumpuhkan polisi segera menangkap dan membawa mereka ke RSUD Bangil
untuk menjalani perawatan medis.

Dari penangkapan Sp dan Sl, petugas melakukan pengembangan. Pelaku lain
berinisial Ro pun teridentifikasi. Segera pada Sabtu (8/4/2022) polisi
menyergap RO di rumahnya. Dia diamankan tanpa perlawanan.

""Selama ini mereka beraksi di kawasan Tutur. Mereka ini adalah pelaku begal
yang sangat meresahkan warga,"" kata AKP Adhi.

Setelah melakukan penangkapan ketiga bandit itu polisi masih melakukan
pengembangan. Termasuk mengorek keterangan dari para bandit, sudah berapa kali
mereka beraksi dan kemungkinan adanya pelaku lainnya.

  
  
  
[Gambas:Video 20detik]  

 ",www.detik.com
"Minuman Diberi Bius Teman Kencan, Wanita di Bekasi Diperkosa-Dirampok","Jumat, 08 Apr 2022 16:36 WIB","\-

Seorang pria berinisial AS (35) di Bekasi Barat, Kota Bekasi, Jawa Barat,
memperkosa sekaligus merampok teman kencannya, SS (37). Sebelum memperkosa,
pelaku memberi bius pada minuman korban.

""Kasus 36 KUHP ini dilakukan oleh satu tersangka yang alhamdulillah sudah kita
bisa menangkapnya, yaitu berinisial AS, umur 35 tahun, dia tidak bekerja,""
ujar Kapolsek Bekasi Kota, Kompol Salahuddin dalam jumpa pers pada Jumat
(8/4/2022).

Diketahui, korban dan pelaku berkenalan lewat aplikasi _chatting_ bernama
MiChat. Keduanya sepakat bertemu. Sesampai di lokasi, korban diajak makan di
suatu tempat.

Pelaku lalu memberikan obat bius ke dalam minuman korban. Korban yang sedang
dalam kondisi setengah sadar lalu diajak menuju hotel oleh pelaku.

""Makan malam, namun di minuman teh itu _dimasukin_ semacam obat yang
mengandung obat bius sehingga korban ini pusing dan dibawa ke suatu tempat
yang namanya hotel,"" tuturnya.

![Pria pemerkosa teman kencan di Bekasi \(Fakhri
Fadlurrohman/detikcom\)](https://akcdn.detik.net.id/community/media/visual/2022/04/08/pria-
pemerkosa-teman-kencan-di-bekasi-fakhri-
fadlurrohmandetikcom-1_169.jpeg?w=620)Pria pemerkosa teman kencan di Bekasi
(Fakhri Fadlurrohman/detikcom)  
  
---  
  
Di hotel, korban diperkosa pelaku. Setelahnya, AS berjanji akan menikahi SS.

""(Korban) digauli (pelaku),"" jelasnya.

SS pun keluar dari hotel pukul 04.00 WIB menuju Karawang. Saat itulah, AS
mengikuti korban dan melancarkan aksinya.

""Kemudian di Jalan Baru, tepatnya di Gang Bintara 8, korban ditendang, jatuh
dari motor,"" sambungnya.

Pelaku membawa satu unit _handphone_ , ATM, uang tunai, dan paspor milik
korban. Polisi pun menyelidiki kasus ini.

""Setelah melakukan perbuatannya, sesaat menelepon istrinya di Subang. Setelah
itu kembali ke Jakarta mengikuti pergerakan dia dan di Jakarta berhasil kita
tangkap,"" tuturnya.

Pelaku dijerat Pasal 365 ayat 1, 2 dan/atau 364 KUHP dengan ancaman hukuman 12
tahun penjara.

[Gambas:Video 20detik]

 ",www.detik.com
"Viral Diduga Suami Istri Bawa Anak Curi Motor di Jakbar, Polisi Selidiki","Rabu, 08 Jun 2022 14:26 WIB","\-

Beredar sebuah video di media sosial yang menunjukkan pencurian motor milik
warga di Jelambar, Jakarta Barat. Pelaku dinarasikan pasangan suami-istri
dengan membawa anaknya.

Pasangan suami-istri ini disebut melakukan pencurian di kawasan Jalembar,
Jakbar, pada Selasa (7/6) siang. Aksi pencurian tersebut terekam kamera CCTV.

Dalam video yang beredar, terlihat dua pelaku, seorang pria dan wanita,
menaiki kendaraan roda dua bersama satu orang anak kecil. Pria itu terlihat
memakai jaket, sedangkan yang wanita memakai baju merah dan helm.

Awalnya pelaku terlihat melintas di lokasi. Kemudian tidak lama pelaku
kembali. Mereka mengawasi keadaan sekitar terlebih dahulu.

Merasa aman, pelaku pun langsung membawa sepeda motor yang terparkir di depan
gerbang. Motor curian tersebut dibawa oleh pelaku laki-laki, sedangkan motor
pelaku dibawa oleh pelaku wanita.

Sedangkan dari narasi yang beredar, disebutkan pelaku merupakan suami-istri.
Kendaraan pelaku diduga bernomor polisi G-8825-ABC.

Sementara itu, Kapolsek Tanjung Duren Kompol Wibiono mengatakan pihaknya akan
menyelidiki kasus tersebut. Dia mengatakan polisi telah menerima laporan
korban.

""Sedang dilakukan penyelidikan, mencari identitas (pelaku),"" katanya saat
dihubungi, Rabu (8/6).

Dia menyebut belum dapat memastikan status hubungan kedua pelaku. Dia
mengatakan pelaku masih dalam pengejaran.

[Gambas:Video 20detik]

 ",www.detik.com
3 Fakta Terkini Perampokan Sadis Tewaskan Sekuriti Studio Foto Semarang,"Kamis, 31 Mar 2022 06:01 WIB","\-

Kasus perampokan yang menewaskan sekuriti studio foto di Kota Semarang,
Supriyono (37), mulai menemui titik terang. Polisi menangkap tersangka pria
berinisial RIS alias Cipling (24).

Berikut ini fakta-fakta terkini kasus perampokan maut tersebut.

## 1\. Tersangka ditangkap di Kebumen

Kabid Humas Polda Jateng Kombes M Iqbal Alqudusy mengatakan tersangka RIS
ditangkap dalam pelariannya di Kabupaten Kebumen.

""Polda Jateng berdasarkan bukti-bukti di TKP kemudian mengembangkan
penyelidikan dan berhasil menangkap tersangka di Kebumen,"" kata Iqbal dalam
rilis yang diterima , Rabu (30/3/2022).

""Pelaku ditangkap 6-7 jam setelah laporan diterima dan saat ini sudah
diamankan tim Ditreskrimum Polda Jateng,"" lanjutnya.

## 2\. Sejumlah barang bukti diamankan

Dari tangan pelaku, polisi mengamankan sejumlah barang bukti. Di antaranya
motor, kamera, dan lensa.

""Dari pelaku berhasil diamankan barang bukti berupa satu unit sepeda motor
Honda Supra X 125 warna hitam, tiga buah lensa kamera merek Sony warna hitam
dan satu buah kamera drone warna hitam,"" ujar Iqbal.

Saat ini pelaku masih diperiksa di Ditreskrimum Polda Jateng. Pihak kepolisian
masih mendalami kasus perampokan maut yang menewaskan sekuriti studio foto itu
tersebut.

""Untuk temuan fakta-fakta lain saat ini masih dalam tahap pemeriksaan petugas.
Untuk rilis atau press conference secara lengkap akan disampaikan kemudian,""
terangnya.

## 3\. HP korban dibuang tersangka

Direktur Reserse Kriminal Umum Polda Jateng Kombes Djuhandhani Rahardjo Puro
mengatakan tersangka RIS membunuh korban dan menggasak kamera di toko yang
berada di Jalan Diponegoro, Semarang. Tersangka kemudian mengambil handphone
(HP) korban dan dibuang di sungai Banjir Kanal Barat Semarang.

""Langsung kita terjunkan anggota untuk mencari keberadaan handphone milik
korban pembunuhan di toko kamera Jalan Diponegoro pagi tadi. Kita temukan di
kedalaman 50 cm,"" kata Djuhandhani saat dihubungi wartawan, Rabu (30/3/2022).

Ia juga menjelaskan berbagai barang bukti sudah diamankan termasuk kamera
hasil curian yang sudah dijual tersangka dalam pelariannya.

""Kita sudah amankan semua barang bukti hasil kejahatan. Walaupun sempat dijual
oleh pelaku, namun kita berhasil mendapatkannya kembali,"" ujar Djuhandhani.

Diberitakan sebelumnya, kejadian perampokan sadis itu terjadi di salah satu
studio foto-toko kamera di Jalan Diponegoro, Gajahmungkur, Kota Semarang,
Selasa (29/3). Selain sejumlah barang hilang, seorang sekuriti bernama
Supriyono (37) ditemukan tewas dengan luka tusukan di lokasi kejadian.

""Dari penyelidikan awal kita temui adanya tanda-tanda tusukan pada korban
kemudian kita temui juga ada barang bukti terkait pisau yang diduga digunakan
untuk menusuk,"" kata Kasat Reskrim Polrestabes Semarang AKBP Donny Lomban
Toruan di lokasi, Selasa (29/3).

  
  
  
[Gambas:Video 20detik]  

 ",www.detik.com
Pimpinan Ponpes di Kukar Perkosa Santri hingga Hamil Ditangkap Polisi,"Minggu, 27 Mar 2022 20:11 WIB","\-

Pimpinan pondok pesantren (ponpes) inisial AA (48) di Kutai Kartanegara
(Kukar), Kalimantan Timur (Kaltim) ditangkap polisi gegara memperkosa
santrinya berusia 15 tahun hingga hamil. AA mengiming-imingi santri dengan
uang dan jabatan tertinggi di pondok pesantren.

""Modusnya tersangka imingi korban jadi pemimpin ponpes (pondok pesantren) di
salah satu ponpes miliknya. Kemudian diberikan uang sehari-hari senilai Rp 500
sampai Rp 700 ribu,"" ujar Kasat Reskrim Polres Kukar AKP Dedik Santoso dalam
keterangan persnya, Minggu (27/3/2022).

Dedik menjelaskan peristiwa pelecehan terjadi berulang-ulang sejak 15 Januari
2021 dan terakhir pada 13 Desember 2021. AA mengaku sempat menikahi korban
pada 25 Januari 2021 namun tanpa sepengetahuan orang tua korban.

  

""TKP (tempat kejadian perkara) di salah satu kamar ponpes yang berada di
Kelurahan Mahulu, Kecamatan Tenggarong, Korban melapor pada 19 Januari 2022
dan ditindaklanjuti hingga kini. Korban memang keadaan hamil 4 minggu,""
jelasnya.

Pelaku AA ditangkap saat berada di Kabupaten Bojonegoro pada 24 Maret, setelah
sebelumnya ditetapkan sebagai DPO. AA sempat tidak mengindahkan panggilan
polisi sebanyak 2 kali.

""Kita kerja sama dengan Polres Bojonegoro, yang mana saat ditangkap berada di
wilayah Polres Bojonegoro. Kami koordinasi dan diamankan di salah satu rumah
warga,"" ungkapnya.

AA kini telah ditahan di Polres Tenggarong bersama barang bukti pakaian
korban. Atas perbuatannya AA disangkakan pasal 76D Jo 81 ayat 2 dan 3 UU
perlindungan anak, No 35/2014 dengan ancaman maksimal 15 tahun penjara.

  
  
  
[Gambas:Video 20detik]  

 ",www.detik.com
Sindikat Pencuri Spesialis Pikap Lintas Provinsi Diciduk di Bantul,"Selasa, 14 Jun 2022 13:15 WIB","\-

Polres Bantul meringkus sindikat pencurian spesialis mobil pikap lintas
provinsi. Salah satu tersangka terpaksa dilumpuhkan dengan timah panas.

Kapolres Bantul AKBP Ihsan menjelaskan pengungkapan kasus ini berawal saat
seorang korban warga Kalurahan Panggungharjo, Kapanewon Sewon, Bantul
memarkirkan mobil pikap di depan rumah, Rabu (1/6) malam. Selanjutnya pada
Kamis (2/6) korban mendapati mobil pikapnya raib.

Di saat bersamaan, unit Jatanras Satreskrim Polres Bantul tengah melakukan
penyelidikan terkait pencurian empat unit pikap di berbagai lokasi di Bantul.
Mendapat laporan tersebut, polisi mencurigai pelaku pencurian di Panggungharjo
sama dengan empat TKP lainnya yang masih dalam penyelidikan.

""Sesaat setelah aksi, kebetulan karena ada laporan pencurian empat TKP lalu
anggota dapat informasi dari masyarakat dan melakukan lidik hingga pengejaran
terhadap pelaku,"" kata Ihsan saat jumpa pers di Polres Bantul, Selasa
(14/6/2022).

""Setelah pengejaran akhirnya pelaku diamankan di SPBU Giwangan tanggal 2 Juni
pagi. Saat diamankan pelaku berjumlah dua orang dan sedang bawa pikap dengan
posisi mengangkut satu motor yang ternyata digunakan keduanya saat beraksi,""
lanjut Ihsan.

Saat penangkapan, salah satu pelaku inisial JM (41) sempat berupaya kabur.
Polisi pun terpaksa mengambil tindakan tegas dan terukur berupa hadiah timah
panas ke kaki sebelah kanan JM.

""Ada salah satu pelaku yang mau kabur saat ditangkap, karena itu kami lakukan
tindakan tegas dengan cara melumpuhkannya (menembak kaki JM),"" ucapnya.

![Polres Bantul jumpa pers kasus pencurian spesialis mobil pikap lintas
provinsi, Selasa
\(14/6/2022\).](https://akcdn.detik.net.id/community/media/visual/2022/06/14/polres-
bantul-jumpa-pers-kasus-pencurian-spesialis-mobil-pikap-lintas-provinsi-
selasa-1462022-2_169.jpeg?w=620)Polres Bantul jumpa pers kasus pencurian
spesialis mobil pikap lintas provinsi, Selasa (14/6/2022). Foto: Pradito Rida
Pertana/detikJateng  
  
---  
  
Selanjutnya, polisi menggelandang kedua pelaku pria inisial NRI (44) dan JM,
keduanya warga Malang, Jawa Timur untuk proses lebih lanjut. Dari
pengembangan, polisi meringkus SL (47) warga Kota Baru, Jawa Timur yang
berperan sebagai penadah mobil pikap hasil curian kedua pelaku.

""NRI ini perannya sebagai pemetik dan JM perannya mengawasi situasi dan
menaikkan motor yang digunakan dari Malang ke atas bak pikap hasil curian,""
ucapnya.

Dari penelusuran hingga ke Malang, polisi akhirnya mengamankan barang bukti
dua unit mobil pikap dengan kondisi masih utuh, tiga unit mobil pikap dengan
kondisi sudah dipereteli. Selain itu, polisi juga menyita satu unit motor yang
digunakan saat beraksi, kemudian kunci yang dipakai untuk beraksi, nomor
polisi palsu pelat DK, dan beberapa alat bengkel.

""Dari keterangan, pelaku dari Malang naik motor boncengan ke Bantul dan
melakukan aksinya. Keduanya sengaja ke Bantul karena banyak masyarakat yang
memarkirkan mobil di pinggir jalan, setelah dapat lalu motornya dinaikkan
pikap dan langsung ke Jawa Timur untuk menjual hasil curiannya,"" katanya.

## Beraksi lintas provinsi

Ihsan juga menyebut para pelaku terbilang sudah profesional dan sudah beraksi
di berbagai lokasi di Bantul hingga Jawa Timur. Bahkan, dalam aksinya mereka
hanya memerlukan waktu sekitar dua menit saja.

""Kedua pelaku mengaku di Bantul beraksi di lima TKP berbeda sejak Februari
sampai Juni. Kelima TKP itu dua di (Kapanewon) Kretek dua TKP, satu di Jetis,
satu TKP Piyungan dan satu TKP di Sewon. Selain itu ada dua TKP di Jawa
Timur,"" ujarnya.

""Saat beraksi mereka hanya butuh waktu singkat. Karena itu bisa dibilang
mereka ini spesialis pencurian mobil pikap lintas provinsi,"" imbuh Ihsan.

Menyoal alasan pemilihan mobil jenis pikap sebagai sasarannya, Ihsan
mengungkapkan karena kedua pelaku menilai lebih mudah menjual mobil pikap.
Sedangkan untuk motif, keduanya mengaku membutuhkan buang untuk kehidupan
sehari-hari.

""Dari keterangan, alasannya menyasar pikap karena lebih mudah dipereteli untuk
dijual. Di Malang pelaku menjual barang curian baik secara pretelan dan utuh,
mereka jualnya secara offline dan jualnya di angka Rp 20 juta,"" ujarnya.

Atas perbuatannya, para pelaku disangkakan Pasal 363 KUHP tentang pencurian
dengan pemberatan (curat).

""Untuk ancaman hukumannya 7 tahun penjara, ini baru satu TKP dan tambah TKP
bisa tambah lagi hukumannya,"" ucapnya.

## Pengakuan pelaku

Sementara itu pelaku NRI mengakui semua perbuatannya. NRI mengaku terpaksa
mencuri karena membutuhkan uang untuk hidup sehari-hari.

""Iya (mencuri di lima TKP), karena di sini (Bantul) banyak yang mobilnya
ditaruh di depan rumah. Kalau uangnya untuk kebutuhan sehari-hari,"" ujar NRI
yang dihadirkan dalam jumpa pers.

NRI mengaku sebelumnya pernah berurusan dengan polisi karena terlibat kasus
pencurian. Setelah keluar NRI mempelajari cara lain dalam mencuri.

""Sebelumnya saya mencuri sepeda ontel dan ditahan tiga bulan di Nganjuk (Jawa
Timur). Setelah belajar dan bisa (mencuri mobil) lalu itu tadi, dan saat ini
kalau buka pintu mobil sampai menyalakan mesin hanya perlu waktu dua menit
saja,"" katanya.

Tersangka lainnya, JM mengaku hanya diajak oleh NRI. JM mengaku mengenal NRI
saat di panti pijat.

""Saya diboncengkan, saya yang menaikkan motor ke pikap dan mengamati situasi
saja. Kenal sama dia (NRI) di tempat pijat,"" ujarnya di kesempatan yang sama.

  
  
  
[Gambas:Video 20detik]  

 ",www.detik.com
Komisi V Minta Operator Ojol Buat Inovasi Lindungi Driver dari Begal,"Rabu, 26 Mei  2021 06:47 WIB","\-

Seorang driver ojek online (ojol) dibegal di kawasan Tugu Tani, Jakarta Pusat.
Wakil Ketua Komisi V DPR Arwani Thomafi meminta operator ojek online (ojol)
membuat inovasi untuk melindungi pengemudi atau driver dari begal.

""Fenomena begal yang menimpa pengemudi ojol harus dicermati serius oleh pihak
operator ojol. Dibutuhkan inovasi dari pihak operator untuk membuat sistem
protektif bagi pengemudi. Apakah inovasi berbasis teknologi atau termasuk
pengaturan jam kerja. Poin pentingnya harus ada sistem yang melindungi
pengemudi ojol,"" kata Arwani lewat pesan singkat kepada , Selasa (25/5/2021).

Arwani menyebut pengungkapan kasus begal terbantu berkat keberadaan CCTV di
sejumlah titik. Hal ini, kata Arwani, belum cukup. Perlu adanya tindakan
preventif agar kasus serupa tidak terulang.

""Perlu upaya bersama untuk merespons persoalan tersebut dengan duduk bersama
antara Kemenhub, operator ojol, termasuk pihak kepolisian,"" tutur Arwani.

![Polisi menangkap dua begal motor terhadap pengemudi ojek online di Tugu
Tani, Jakarta, Selasa \(25/5\). Begini tampang
mereka.](https://akcdn.detik.net.id/community/media/visual/2021/05/25/berhasil-
diringkus-ini-tampang-begal-motor-di-tugu-tani-5_169.jpeg?w=620)Polisi
menangkap dua begal motor terhadap pengemudi ojek online di Tugu Tani,
Jakarta, Selasa (25/5). Begini tampang mereka. (Foto: Rifkianto
Nugroho/detikcom)  
  
---  
  
### Penjelasan Operator Ojol

Pihak GoJek pun memberikan tanggapan terkait perlindungan driver dari tindak
kejahatan. SVP Corporate Affairs Gojek, Rubi W Purnomo, mengatakan pihaknya
memiliki tim satgas terlatih yang secara rutin melakukan patrol serta fitur
tombol darurat.

""Kami telah memiliki tim satgas yang terlatih dan secara regular melakukan
patroli. Selain itu, pada aplikasi Gojek, telah tersedia berbagai fitur untuk
menjaga keamanan penumpang dan mitra driver, salah satunya adalah fitur tombol
darurat,"" terang Rubi.

Tombol ini, dapat digunakan oleh driver maupun pelanggan Gojek bila terjadi
indikasi keadaan darurat. Tombol ini terhubung langsung ke server pusat Gojek.

""Tombol ini terkoneksi ke tim khusus Gojek yang siaga 24 jam. Tombol serupa
juga tersedia di aplikasi konsumen,"" lanjutnya.

Meski begitu, Rubi mengatakan driver yang dibegal di Tugu Tani bukan merupakan
mitra Gojek. ""Dapat kami konfirmasikan bahwa korban yang disebutkan dalam
berita tersebut bukan mitra driver Gojek. Namun demikian, Gojek sangat
mengecam tindak kriminal yang meresahkan masyarakat tersebut,"" sambungnya.

sudah berusaha menghubungi penyedia jasa ojek online ternama lainnya, yakni
Grab. Namun sampai berita ini terbit, pihak Grab belum merespons.

### Berawal dari CCTV

Sebuah rekaman video CCTV yang memperlihatkan aksi begal terhadap korban
beredar di media sosial. Polisi membenarkan soal rekaman CCTV tersebut terkait
kejadian begal di Tugu Tani pada Jumat, 7 Mei 2021, dini hari.

Aksi begal terhadap driver ojol di kawasan Tugu Tani itu kemudian terungkap.
Polisi menangkap pelaku pembegalan tersebut.

Dalam rekaman video yang beredar, terlihat korban berhenti di lampu merah.
Situasi di lokasi terlihat sepi, tidak ada pengendara selain korban saat itu.

Tiba-tiba saja, datang dua orang pelaku berboncengan motor. Motor pelaku
berhenti tepat di samping kanan korban. Salah satu pelaku langsung turun
sambil menodongkan senjata tajam. Korban yang ketakutan pun terpaksa turun
tanpa perlawanan hingga akhirnya kedua pelaku melarikan diri sambil membawa
motor korban.

[Gambas:Video 20detik]

 ",www.detik.com
Pekerja Warkop di Tulungagung Nyaris Diperkosa Majikannya,"Sabtu, 23 Apr 2022 03:02 WIB","\-

Pekerja warung kopi (warkop) karaoke di Tulungagung menjadi korban percobaan
pemerkosaan. Pelakunya tak lain pemilik warkop warga Kecamatan Boyolangu,
Tulungagung.

Kasatreskrim Polres Tulungagung AKP Agung Kurnia Putra membenarkan peristiwa
percobaan pemerkosaan itu. Saat ini, pihaknya tengah kasus tersebut dalam
penyelidikan.

""Kasusnya masih kami lakukan pendalaman, belum ada tersangka,"" kata Agung,
Jumat (22/4/2022) malam.

Peristiwa pemerkosaan ini bermula saat korban diajak karaoke sambil menenggak
minuman keras. Acara tersebut baru selesai sekitar pukul 02.00 WIB dan seluruh
teman-teman pelaku telah pulang.

Saat itu, pelaku langsung mengajak korban masuk ke kamar dan meminta
berhubungan badan. Pelaku bahkan sempat melucuti pakaian korban.

Tak lama korban kemudian beralasan ingin ke kamar mandi dan digunakan untuk
melarikan diri dengan setengah telanjang. Korban juga sempat minta pertolongan
warga.

""Korban ditolong warga dan kemudian melapor ke polisi,"" tutur Agung.

Agung menambahkan terkait laporan tersebut, pihaknya belum memutuskan status
tersangka kepada pelaku. Ini karena saat ini masih proses penyelidikan dengan
memeriksa sejumlah saksi.

  
  
  
[Gambas:Video 20detik]  

 ",www.detik.com
"Guru Madrasah di Pasuruan Dibegal Bandit Berbondet, Motornya Dibawa Kabur","Jumat, 21 Jan 2022 18:29 WIB","\-

Seorang guru Madrasah Diniyah (Madin) Pasuruan dibegal bandit bersenjata
bondet. Motor korban berhasil dibawa kabur pelaku.

Pembegalan terjadi di Jalan Raya Welang, Desa Ngembal, Tutur, Pasuruan. Korban
adalah AR (41), warga Desa Kalipucang, Tutur. Saat itu korban tengah
berboncengan dengan istrinya EW (34). Korban dibegal sekitar pukul 10.00 WIB.

Peristiwa pembegalan ini terjadi saat korban menuju rumahnya dari membeli
kitab. Di lokasi kejadian, korban berpapasan dengan dua pelaku yang
mengendarai sepeda motor Yamaha Vixion. Pelaku kemudian putar balik lalu
membuntuti korban.

""Pelaku memepet dan menendang korban namun tidak kena karena dihindari oleh
korban, namun korban terjatuh sendiri,"" kata Kapolsek Tutur AKP Kusmani kepada
detikcom, Jumat (21/1/2022).

Saat korban jatuh, salah satu pelaku turun dari motor dan menodongkan sebilah
celurit, sementara pelaku lain mengeluarkan bondet. Istri korban sempat
berusaha mempertahankan motor.

Namun karena diancam, akhirnya motor dilepas. Pelaku lalu membawa kabur motor
Honda Vario dengan nopol N 3437 TCU milik korban.

""Kasus ini masih dalam penyelidikan, dan akan kita limpahkan ke Polres,""
terang Kusmani.

  
  
  
[Gambas:Video 20detik]  

 ",www.detik.com
"Curanmor di Pasuruan Merajalela, Pelaku Butuh 5 Detik Bawa Kabur Motor","Selasa, 01 Feb 2022 19:12 WIB","\-

Aksi curamnor di Pasuruan semakin merajalela. Kali ini pencurian terjadi di
minimarket dan kembali terekam kamera CCTV.

Dari rekaman CCTV, pelaku diketahui 2 pelaku beraksi di sebuah minimarket di
Jalan Panglima Sudirman, Purworejo, Kota Pasuruan.

Seperti aksi-aksi curamnor sebelumnya, para pelaku membagi tugas sebagai
eksekutor. Sedangkan pelaku lain bertindak sebagai joki.

Dalam aksinya, pelaku hanya membutuhkan 5 detik untuk menggondol motor setelah
merusak kunci rumah.

Kanit Reskrim Polsek Purworejo, AKP Agung Sujatmiko mengatakan aksi curanmor
diketahui terjadi Minggu (30/1) sekitar pukul 20.20 WIB. Adapun motor yang
dicuri yakni jenis matik.

""Itu motor BeAT yang dicuri,"" terang Agung, Selasa (1/2/2022).

Pencurian motor ini merupakan yang keempat kalinya dalam 10 hari terakhir.
Adapun 2 pencurian motor terjadi di wilayah hukum Polres Pasuruan Kota sejak
22 Januari 2022.

Aksi pencurian di Pasuruan itu terjadi di minimarket di Desa Kedawung Wetan,
Kecamatan Grati; kemudian di Food Court Warungdowo, Kecamatan Pohjentrek; dan
terakhir di minimarket Kelurahan Tembokrejo, Kecamatan Purworejo.

  
  
  
[Gambas:Video 20detik]  

 ",www.detik.com
Akhir Pelarian Pria Pemerkosa Pelajar di Luwu Usai Diciduk di Parepare,"Senin, 25 Apr 2022 07:30 WIB","\-

Pelarian HB (24), pria pemerkosa seorang pelajar inisial WN (13) asal
Kabupaten Luwu, Sulawesi Selatan (Sulsel) kini berakhir. HB diciduk polisi di
Kota Parepare setelah sempat buron selama dua pekan.

""Pelaku sudah berhasil diamankan di Mapolres Palopo beserta barang bukti,""
kata Kasat Reskrim Polres Palopo AKP Andi Aris kepada , Minggu (24/4/2022).

HB melakukan aksi bejatnya terhadap korban WN di sebuah indekos di Kota Palopo
pada Jumat (8/4). WN dibawa oleh rekannya FE (20) dari Luwu ke indekos milik
HB di Palopo.

  

""Pelaku saat itu sedang berada di rumah persembunyiannya, kita tidak tahu apa
itu rumah keluarganya atau bukan di Kota Parepare. Selanjutnya Tim Resmob
menuju ke tempat yang dimaksud dan langsung melakukan penangkapan terhadap
pelaku,"" ucap Andi Aris.

Saat diamankan, HB langsung mengakui perbuatannya telah memperkosa WN. Pihak
kepolisian kemudian menetapkan HB sebagai tersangka dan sementara menjalani
proses pemeriksaan.

""Ditersangkakan juga (HB). Tinggal kita mau dalami seperti apa perannya
masing-masing karena pelaku utama ini sudah kita amankan,"" sebutnya.

## Awal Mula Pemerkosaan WN di Palopo

Pemerkosaan terhadap WN bermula saat FE melihat korban sedang sendiri di luar
rumah pada tengah malam. FE lalu mengajak WN untuk jalan-jalan ke Kota Palopo.

""Ini yang bersangkutan (korban) keluar dari rumahnya jam 1 malam karena ada
masalah sama temannya. Ketemulah dengan FE, dia bonceng ke Palopo karena ini
anak tidak ada tempat tinggalnya, makanya diajaklah dia jalan ke Palopo, dia
ikut,"" tutur Aris, saat diminati konfirmasi, Kamis (14/4).

Polisi mengatakan WN dan FE sebelumnya sudah saling kenal. Atas dasar itu WN
bersedia mengikuti ajakan FE ke indekos HB di Kota Palopo.

""Katanya dia (FE), WN itu temannya. Dia kasihan pada saat itu makanya dia ajak
ke Palopo dan waktu FE ini keluar beli rokok terduga pelaku ini melancarkan
aksinya memperkosa WN,"" tutur Aris.

## Polisi Belum Pastikan Dugaan FE sebagai Muncikari

FE sendiri sempat diduga sebagai muncikari karena sengaja membawa korban ke
indekos HB. Namun polisi mengatakan pihaknya belum bisa memastikan dugaan
tersebut.

""Sebenarnya ini belum dipastikan apakah mucikari atau bukan, ini yang sedang
kita rapatkan sekarang, karena kalau mucikari itu kan otomatis penjual, inikan
tidak menjual. Beda menjual itu dengan dikasi uang untuk beli rokok,""
jelasnya.

Dugaan sementara, FE hanya mengantar korban WN yang ditemuinya sendiri di luar
rumah. Sehingga terkait motif pemerkosaan masih harus didalami.

""Jadi kesimpulannya, ini yang bersangkutan (FE) yang kita amankan belum bisa
dikatakan sebagai mucikari, cuma dia mengantar yang bersangkutan kemudian WN
diperkosa sama ini pelaku (HB),"" pungkasnya.

  
  
  
[Gambas:Video 20detik]  

 ",www.detik.com
"Pria Hendak Beli Rokok di Makassar Tewas Ditikam, Korban Salah Sasaran","Rabu, 15 Jun 2022 10:31 WIB","\-

Pria inisial AD (29) di Makassar, Sulawesi Selatan (Sulsel) tewas ditikam saat
hendak membeli rokok. Terungkap AD merupakan korban salah sasaran pelaku
inisial AR (40).

Kejadian bermula saat pelaku AR yang sedang mabuk terlibat cekcok di kawasan
Simpang Lima Mandai, Makassar, Selasa (14/6) malam. AR kemudian mengejar
pengendara tersebut.

""Pelaku habis minum alkohol, berpapasan dengan pemotor, dia baku ejek di situ
lalu lari yang motor satu putar di bundaran itu,"" ujar Kapolsek Biringkanaya
Kompol Alimuddin saat dimintai konfirmasi, Rabu (15/6/2022).

  

Di lain sisi, korban AD sedang mengendarai sepeda motor untuk membeli rokok.
Pelaku AR yang mabuk mengira AD adalah orang yang ia cari sehinga langsung
ditikam hingga tewas.

""Tiba-tiba didapat yang baku boncengan ini (korban), jadi salah sasaran
sebenarnya. Korban orang Maros. Dia dekat tinggal di situ keluar mau beli
rokok, tiba-tiba ketemu ini (pelaku AR),"" sambung Alimuddin.

Pelaku AR langsung kabur begitu selesai menikam korban AD. Namun dia ditangkap
tidak lama setelah polisi turun tangan menangani insiden penikaman tersebut.

""Sebenarnya ini tidak baku kenal. Tidak ada persoalan apa-apa karena orang ini
salah sasaran. Karena lain ditemani cekcok itu, bukan itu (orangnya),""
ungkapnya.

Saat ini AR ditahan di Mapolsek Biringkanaya. Dia ditetapkan menjadi tersangka
kasus pembunuhan dan dijerat Pasal 351 KUHP sehingga terancam hukuman 7 tahun
penjara.

""Kami jerat Pasal 351 ayat 3 ancaman 7 tahun,"" tegasnya.

  
  
  
[Gambas:Video 20detik]  

 ",www.detik.com
Sidang Vonis Kasus Begal Diduga Salah Tangkap Kembali Digelar Hari Ini,"Senin, 25 Apr 2022 13:57 WIB","\-

Sidang vonis kasus begal diduga salah tangkap dengan terdakwa Fikry, Abdul
Rohman, Randy Apriyanto, dan Muhammad Rizky kembali digelar setelah sempat
ditunda. Sidang digelar di Pengadilan Negeri Cikarang, Kabupaten Bekasi, Jawa
Barat (Jabar).

Pantauan di PN Cikarang, Bekasi, Senin (25/4/2022) pukul 13.32, terlihat
keluarga para terdakwa mengikuti persidangan. Fikry menghadapi vonis bersama
ketiga terdakwa lain, yakni Abdul Rohman, Randy Apriyanto, dan Muhammad Rizky.

Majelis hakim rencananya akan membacakan vonis setelah sebelumnya menunda
sidang pada Kamis (21/4). Para terdakwa hadir di dalam persidangan secara
_online._

Sebelumnya sidang kasus begal diduga salah tangkap dengan terdakwa Fikry,
Abdul Rohman, Randy Apriyanto, dan Muhammad Rizky ditunda. Persidangan ditunda
karena ketua majelis hakim sakit.

""Kali ini adalah pembacaan putusan dari majelis hakim, namun oleh karena ketua
majelisnya sedang sakit dan tidak enak badan, jadi sidang ini tidak dapat
dilanjutkan,"" ujar hakim anggota Yudha Dinata di ruang sidang PN Cikarang,
Kamis (21/4).

Jaksa sebelumnya menuntut Muhammad Fikry, Muhammad Rizky, dan Randy Apriyanto
2 tahun penjara. Sementara itu, Abdul Rohman dituntut 2,5 tahun penjara pada
sidang terpisah.

 ",www.detik.com
"AKBP Mustari Bantah Perkosa ABG Putri, Harap Dapat Divonis Bebas","Rabu, 08 Jun 2022 03:00 WIB","\-

Perwira Polda Sulawesi Selatan (Sulsel) AKBP Mustari membantah telah melakukan
pemerkosaan terhadap ABG putri di Kabupaten Gowa. AKBP Mustari pun berharap
divonis bebas.

""Menurut klien kami tak pernah dilakukan persetubuhan itu. Harapan kami maunya
(vonis) bebas,"" kata penasehat hukum AKBP Mustari, Erwin Mahmud kepada ,
Selasa (7/6/2022).

Hal yang membuat Erwin yakin bahwa kliennya tidak melakukan tindakan asusila
itu yakni tidak adanya saksi. Menurutnya, bila benar ABG itu diperkosa maka
sontak ia akan berteriak.

  

""Tidak ada satu pun bukti atau saksi yang lihat persetubuhan itu. Logikanya,
kalau anak ini diperkosa, itu kan dalam lingkup tetangga, sudah pasti ada
bahasa pasti entah dia teriak atau apa. Itu kan otomatis,"" jelasnya.

Selain itu, eksepsi atau pembelaan yang disampaikan oleh kliennya di Ruang
Sidang Kartika Pengadilan Negeri (PN) Sungguminasa pada Rabu (25/5) lalu itu
disebut sudah benar. Meskipun pada akhirnya ditolak majelis hakim.

""Menurut klien kami, eksepsi itu sudah benar. Tapi itu pun ditolak tak dapat
diterima pengadilan,"" jelasnya.

Melalui penasehat hukumnya, terdakwa AKBP Mustari mengaku kecewa dengan sidang
putusan sela yang digelar Senin (6/6) kemarin. Hal ini membuat terdakwa AKBP
Mustari semakin tertekan.

""Iya kecewa sekali dari hasil putusan sela. Tertekan karena perbuatan yang
tidak dilakukan itu dibuat sedemikian rupa seakan-akan itu adalah benar,""
ungkapnya.

Sebelumnya diberitakan, Pengadilan Negeri (PN) Sungguminasa, Gowa, Sulawesi
Selatan (Sulsel) menggelar sidang perdana kasus AKBP MUstari, perwira Polda
Sulsel atas dugaan kasus pemerkosaan. AKBP Mustari didakwa jaksa penuntut umum
(JPU) memperkosa gadis ABG berkali-kali.

Sidang agenda dakwaan AKBP Mustari digelar di Ruangan Kartika, PN
Sungguminasa, Gowa pada Rabu (18/5/2022). Jaksa meyakini AKBP Mustari
melanggar Pasal 81 Ayat 1 dan Ayat 2 UU 17 tentang Perlindungan Anak.

  
  
  
[Gambas:Video 20detik]  

 ",www.detik.com
Mayat Dua Pria Yang Ditemukan di Loteng Ternyata Pelaku Begal,"Senin, 11 Apr 2022 21:03 WIB","\-

Direktorat Reserse Kriminal Umum (Dit Reskrimum) Polda NTB akhirnya berhasil
mengidentifikasi penyebab kematian dua pria yang ditemukan bersimbah darah di
jalan raya Praya Timur, Lombok Tengah (Loteng), NTB.

Kedua pria itu ternyata adalah pelaku begal yang dibunuh oleh calon korbannya.

Hal ini diungkapkan oleh Direktur Kriminal Umum Polda NTB, Kombes Hari Brata
pada detikcom Senin (11/4/2022).

  

""Betul, dua yang meninggal kemarin (pelaku) begal,"" ungkap Hari Brata.

Fakta ini, imbuh Hari terungkap setelah polisi berhasil menangkap seorang pria
MU alias AS(34). MU yang sebelumnya diduga korban begal, menjadi terduga
pelaku pembunuhan.

Hari Brata mengatakan, sebelum ditemukan meninggal, kedua pria itu beraksi
bersama dua orang temannya. Mereka melakukan aksi pembegalan di jalan Raya
Bebile, Desa Ganti, Praya Timur.

""Kedua korban bersama dua orang temannya akan melakukan pembegalan terhadap
pelaku di Jalan Raya Bebile, tetapi pada saat pelaku dicegat dan dirampas
sepeda motornya, pelaku melakukan perlawan kepada kedua korban dengan cara
menusuk bagian dada dan di bagian punggung,"" jelas Hari Brata.

Seketika itu, kedua pria itu terjatuh tersungkur dari motor. Melihat kejadian
itu, kedua rekannya yakni Wahip dan Holiday mencoba untuk menolong, namun
keduanya justru dikejar oleh terduga pelaku menggunakan senjata tajam.

""Setelah kejadian, kemudian pelaku pergi dengan menggunakan sepeda motor
miliknya menuju ke rumah saudaranya,"" tutur Hari.

Sat Reskrim Polres Lombok Tengah yang melakukan penyelidikan kemudian berhasil
menangkap terduga pelaku dan dua orang rekan korban. Dari mereka, polisi
mengamankan sejumlah senjata tajam dan sepeda motor.

Seperti yang diberitakan sebelumnya, Mayat dua orang laki-laki ditemukan
bersimbah darah di kawasan Praya, Lombok Tengah, Nusa Tenggara Barat (NTB).

Penemuan itu sempat menghebohkan warga karena keduanya diduga merupakan korban
pembunuhan oleh orang yang tak dikenal.

Keduanya ditemukan di tepi jalan, tepatnya di Jalan Raya Desa Ganti, Kecamatan
Praya Timur. Polisi kemudian melakukan olah tempat kejadian perkara.

""Usai mendapat informasi, kami bersama tim gabungan Polres Lombok Tengah
langsung mendatangi dan melakukan olah tempat kejadian perkara (TKP),"" kata
Kapolsek Praya Timur Iptu Sayum dalam keterangannya, Senin (11/4/2022).

Setelah diidentifikasi, kedua mayat tersebut diketahui bernama P (30) dan OWP
(21), warga Desa Belika Kecamatan Praya Timur. Keduanya ditemukan oleh warga
dalam keadaan meninggal dan tergeletak di tepi jalan sekitar pukul 01.30 WITA
dini hari.()

  
  
  
[Gambas:Video 20detik]  

 ",www.detik.com
"Geger Wanita Diperkosa Ramai-ramai di Kereta, Publik Pakistan Marah!","Jumat, 03 Jun 2022 10:56 WIB","\-

Kasus pemerkosaan seorang wanita secara bergiliran oleh sejumlah pria di dalam
rangkaian kereta api yang tengah melaju memicu kemarahan publik Pakistan.
Salah satu pelaku pemerkosaan dilaporkan sebagai petugas pemeriksa tiket
kereta.

Seperti dilansir _CNN_ , Jumat (3/6/2022), Kementerian Perkeretaapian Pakistan
menyebut tiga pria, yang salah satunya petugas pemeriksa tiket, dituduh
memperkosa seorang wanita berusia 25 tahun saat korban bepergian dengan kereta
api dari Karachi menuju Multan, Provinsi Punjab, pekan lalu.

Korban juga dilaporkan sebagai ibu dari dua anak. Pemerkosaan terjadi setelah
para pelaku meminta korban pindah ke dalam gerbong yang dilengkapi pendingin
ruangan.

Menurut laporan kepolisian setempat yang dilihat _CNN_ , ketiga pria yang
menjadi tersangka telah ditangkap atas dugaan pemerkosaan.

Kepala Unit Pelaksana Reformasi Strategis pada kantor Perdana Menteri (PM)
Pakistan, Salman Sufi, menuturkan kepada _CNN_ bahwa pemerintah telah
memerintahkan operator kereta api untuk meningkatkan keamanan wanita di dalam
kereta.

Langkah-langkah keamanan yang dimaksud mencakup pemasangan kamera CCTV di area
umum, tombol darurat di dalam gerbong, dan patroli oleh polisi wanita.

[Gambas:Video 20detik]

  
  

Selanjutnya __

Halaman

1  2

 ",www.detik.com
"Dihentikan Polisi, Pelaku Curanmor di Bengkulu Kabur Lompat ke Sungai","Rabu, 09 Mar 2022 09:06 WIB","\-

Lantaran dihentikan polisi saat akan menuju kabupaten Kepahyang, seorang
pelaku curanmor kabur dan loncat ke sungai. Sedangkan sepeda motor hasil
curiannya ditinggalkan di pinggir jalan. Sementara satu pelaku lagi kabur ke
dalam hutan.

Kabid Humas Polda Bengkulu Kombespol Sudarno mengatakan, sekitar pukul 02.00
WIB sebuah motor melintas dari arah Bengkulu menuju ke Kabupaten Kepahiang.
Pada saat anggota Satreskrim Polres Bengkulu Tengah meminta untuk meminggirkan
kendaraannya, pengendara tersebut langsung memutar balik ke arah Bengkulu.

""Melihat para anggota Satreskrim mencoba untuk menghentikannya, pengendara
tersebut langsung menjatuhkan ranmornya ke pinggir jalan lalu pengendara
tersebut berlari ke arah jembatan kemudian melompat ke bawah jembatan dan
berlari menyusuri sungai yang berada di bawah jembatan,"" kata Sudarno saat
dimintai konfirmasi, Rabu (9/3/2022).

Sudarno menjelaskan, selanjutnya kejadian yang sama, sekitar pukul 02.30 WIB,
di jalan lintas Bengkulu-Kepahiang tepatnya di desa Tanjung Heran kecamatan
Taba Penanjung kabupaten Bengkulu Tengah. Didapati pengendara menggunakan
sepeda motor _matic_ melaju dari arah Bengkulu menuju Kepahiang, pada saat
anggota Satreskrim Polres Bengkulu Tengah meminta untuk meminggirkan
kendaraannya, pengendara tersebut langsung memutar balik ke arah Bengkulu.

Melihat para anggota Satreskrim mencoba untuk menghentikannya, pengendara
tersebut langsung memacu gas sepeda motornya dengan kencang dan hampir
menabrak personel Satreskrim yang berusaha menghentikannya.

""Setelah dilakukan pengejaran sekitar 2 km dari TKP, ditemukan 1 unit sepeda
motor jenis Honda Beat berwarna biru tergeletak di pinggir jalan, ditemukan
satu buah Kunci T yang tertancap pada kontak motor jenis Honda Beat berwarna
Biru tersebut,"" ujar Sudarno.

Saat ini kedua motor yang diduga hasil curian tersebut telah diamankan di
Mapolres Bengkulu Tengah, polisi masih memburu dua pelaku yang kabur saat
dihentikan polisi.

[Gambas:Video 20detik]

  
  

 ",www.detik.com
Tampang Duo Perampok Sadis yang Perkosa-Buang Korban ke Sungai di Tangerang,"Rabu, 26 Jan 2022 08:44 WIB","\-

Dua pria berinisial IS (22) dan GG (24) ditangkap polisi setelah melakukan
perampokan, pemerkosaan, dan percobaan pembunuhan terhadap wanita inisial SP
(24) di Balaraja, Tangerang. Keduanya dihadiahi timah panas di kakinya
lantaran melawan saat hendak ditangkap polisi.

Kedua pelaku merupakan sopir dan kernet angkot rute Serang-Balaraja. Kejahatan
ini diotaki tersangka IS, sang sopir angkot.

""IS ini juga sebagai residivis dengan dua kali ditahan terkait persetubuhan
terhadap anak di bawah umur serta kasus pencurian dengan pemberatan,"" ujar
Kapolresta Tangerang Kombes Zain Dwi Nugroho kepada wartawan, Selasa
(25/1/2022).

Peristiwa yang dialami karyawati ini terjadi pada Kamis (20/1). Saat itu
korban berangkat dari kontrakannya naik angkot untuk menemui orang tuanya di
Balaraja, Kabupaten Tangerang.

""Pada saat itu korban naik mobil angkot jurusan Serang-Balaraja,"" imbuh Zain.

Zain membeberkan, kedua pelaku ini berada satu angkot dengan korban. Saat itu,
IS menjadi sopir angkot, sedangkan GG adalah kernetnya.

Kedua pelaku merampok korban di dalam angkot. Korban dianiaya hingga pingsan.

""Korban dipukuli dengan menggunakan benda tumpul, lalu korban tidak lama
pingsan di tempat. Setelah itu, dalam kondisi pingsan, korban oleh pelaku yang
bertugas sebagai sopir diperkosa secara berulang kali. Selain itu, barang-
barang korban pun diambil oleh pelaku,"" beber Zain.

 _Simak kisah selengkapnya di halaman selanjutnya._

[Gambas:Video 20detik]

  
  
  

Selanjutnya __

Halaman

1  2

 ",www.detik.com
Ngeri! Pengusaha Sawit di Sumsel Ditembak-Dikapak Perampok di Rumah,"Kamis, 14 Apr 2022 11:26 WIB","\-

Nasib malang dialami oleh seorang pengusaha sawit di Musi Banyuasin (Muba),
Sumatera Selatan (Sumsel), Saiful (55). Usai dirampok, Saiful ditembak dan
dikapak di rumahnya sendiri.

Dilansir dari detikSumut, Kamis (14/4/2022), Saiful dirampok di kediamannya di
Desa Letang, Kecamatan Babat Supat, pada Selasa (12/4) dini hari. Perampok
masuk ke rumah Saiful dengan membobol terali besi dan memecah kaca bagian
belakang rumah.

Tiga perampok masuk ke dalam rumah Saiful dan mengambil uang ratusan juta
rupiah. Namun, Saiful yang melawan membuatnya ditembak dan dikapak perampok.

""Saya mengalami luka tembak di bagian tangan dan dada, serta luka kapak
sehingga dilarikan ke RS Hermina Palembang ini. Kalau kerugian mungkin capai
ratusan juta rupiah,"" ujar Saiful.

Kasi Humas Polres Muba Iptu Nazaruddin mengatakan kasus ini sedang diselidiki
oleh kepolisian. Polisi sedang memeriksa saksi dan melakukan olah TKP.

""Iya kejadian itu memang benar. Informasinya ya seperti itu korban disebut
warga sekitar merupakan tauke sawit, dia ditembak di perut,"" kata Iptu
Nazaruddin ketika dimintai konfirmasi detikSumut.

Simak selengkapnya di sini.

 ",www.detik.com
Polda Sulsel Limpahkan Berkas Pemecatan AKBP Mustari ke Mabes Polri,"Jumat, 25 Mar 2022 14:36 WIB","\-

Polda Sulawesi Selatan (Sulsel) melimpahkan berkas rekomendasi Pemecatan Tidak
Dengan Hormat (PTDH) milik polisi Sulsel AKBP Mustari, tersangka pemerkosa
remaja putri ke Mabes Polri. Pelimpahan ini dilakukan karena kewenangan
pemecatan seorang perwira menengah disebut berada di tangan Kapolri Jenderal
Listyo Sigit Prabowo.

""Rekomendasi PTDH sudah diajukan ke Mabes Polri,"" ujar Kabid Humas Polda
Sulsel Kombes Komang Suartana kepada wartawan, Jumat (25/3/2022).

Dengan demikian, Polda Sulsel tinggal menunggu surat pemecatan AKBP Mustari.
""Tinggal menunggu turunnya,"" kata Kombes Suartana.

  

Sementara itu, Kombes Suartana mengatakan pihaknya belum menerima memori
banding milik AKBP Mustari. Jika pun mengajukan memori banding, proses sidang
banding pemecatan AKBP Mustari tak akan digelar di Polda Sulsel.

""Sampai sekarang belum ada banding, diajukan (banding) ke Mabes Polri,""
sebutnya.

Diberitakan sebelumnya, Polisi Sulsel AKBP M tersangka pemerkosa dan
menjadikan remaja putri budak seks dipecat dengan tidak hormat. Sanksi
pemberhentian tidak dengan hormat (PTDH) kepada AKBP M diputuskan sidang etik
Propam Polda Sulsel.

""Hasilnya menjatuhkan sanksi berupa sanksi yang sifatnya tidak administratif
berupa perilaku pelanggaran dinyatakan sebagai perbuatan tercela,"" kata ketua
sidang kode etik Kombes Ai Afriandi di Mapolda Sulsel, Jumat (11/3).

""Kemudian kedua, sanksi yang sifatnya administratif berupa direkomendasikan
pemberhentian tidak dengan hormat atau PTDH dari dinas Kepolisian Negara
Republik Indonesia,"" sambung Afriandi.

Afriandi mengatakan, AKBP M resmi dipecat berdasarkan hasil sidang kode etik.
Terduga pelanggar AKBP M terbukti melanggar kode etik profesi Polri.

""Melanggar Pasal 7 Ayat 1 huruf B Peraturan Kapolri (Perkap) Nomor 14 2011
tentang Kode Etik Profesi Polri,"" kata Afriandi.

  
  
  
[Gambas:Video 20detik]  

 ",www.detik.com
Berkas 5 Perampok Toko Emas di Medan Dilimpahkan ke Jaksa,"Kamis, 06 Jan 2022 10:57 WIB","\-

Kejaksaan Negeri Medan menerima pelimpahan tersangka dan barang bukti kasus
perampokan toko emas di Simpang Limun, Medan, Sumatra Utara (Sumut). Para
pelaku ini bakal dijerat dengan pasal 356 ayat (2) ke-2e, 4e KUHP.

""Kejaksaan Negeri Medan menerima penyerahan tersangka dan barang bukti (Tahap
II) dari penyidik Polrestabes Medan kepada JPU Kejari Medan terkait perkara
pencurian dengan kekerasan yaitu perampokan toko emas Simpang Limun Medan,""
kata Kasi Intel Kejari Medan, Bondan Subrata kepada wartawan, Kamis
(6/1/2022).

Bondan menyebut penyerahan itu dilakukan pada Rabu (5/1). Penyerahan para
tersangka dilakukan secara virtual di ruang tahap II Kejari Medan dan Rutan
Kelas I Tanjung Gusta Medan.

Sedangkan barang bukti diserahkan langsung oleh penyidik kepada JPU di ruang
pelayanan barang bukti.

Bondan menuturkan kelima tersangka itu yakni almarhum Hendri, (intelectual
dader), warga Jalan Paluh Kemiri, Lubuk Pakam, Deli Serdang yang telah tewas
ketika dilakukan pengembangan oleh petugas kepolisian.

Kemudian D, warga Jalan Menteng VII, Medan, yang membantu mencarikan tiga
orang rekan untuk merampok. Tiga orang itu yakni PS, FA warga Jalan Garu I,
Kecamatan Medan  
Amplas, serta PR alias Bejo (25), warga Jalan Bangun Sari, Kecamatan Medan
Johor.

""Keempat tersangka tersebut masing-masing disangka melakukan tindak pidana
pencurian dengan kekerasan sebagaimana dimaksud dalam Pasal 365 ayat (2)
ke-2e, 4e KUHP,"" ujar Bondan.

Bondan menambahkan untuk keempat tersangka tetap ditahan di Rutan Kelas I
Tanjung Gusta dalam kepentingan JPU menyiapkan dakwaan dan melimpahkan perkara
ke PN Medan untuk segera disidangkan.

Sebelumnya peristiwa perampokan toko emas ini terjadi di Pasar Simpang Limun,
Medan, pada Kamis (28/8). Ada dua toko emas yang bersebelahan dirampok di
pasar itu.

Polisi kemudian mengejar pelaku. Polisi kemudian menangkap 5 orang tersangka
dalam kasus perampokan ini.

""Pada Kamis, 26 Agustus 2021 yang lalu, telah terjadi pencurian dengan
kekerasan terhadap dua toko emas, yakni Toko Emas Aulia Chan dan Toko Emas
Masrul di Pasar Simpang Limun,"" kata Kapolda Sumut (Kapoldasu) Irjen Panca
Putra saat konferensi pers di Polda Sumut, Medan, Rabu (15/9).

Panca menyebut para tersangka melakukan aksinya menggunakan senjata api.
Mereka mengancam para petugas keamanan pasar serta pemilik toko.

""Di mana para pelaku melakukan pencurian dengan kekerasan atau perampokan
dengan menggunakan senjata api dan melakukan pengancaman, baik terhadap satpam
maupun pada para pemilik toko,"" sebut Panca.

""Dan dengan ancaman tersebut selanjutnya para pelaku melakukan aksinya
memecahkan kaca toko emas kemudian mengambil isi dari kedua toko emas
tersebut,"" sambung Panca.

 ",www.detik.com
Fakta di Kasus Penadah Motor Curian ABG Bekasi Diduga Buronan Densus,"Minggu, 06 Feb 2022 22:17 WIB","\-

Dua remaja berinisial A (13) dan B (14) ditangkap polisi terkait kasus
pencurian motor di Bekasi. Keduanya menjual barang hasil curiannya ke penadah
berinisial S (31) dan MAQ (24).

Usut punya usut, S dan MAQ disebut terlibat jaringan terorisme dan diburu
Densus 88. Keterangan itu mulanya didapat dari Kapolsek Tarumajaya AKP Edy
Suprayitno.

""Iya betul (pelaku terduga teroris) karena sama orang Densus udah dalam
pantauan dan itu udah masuk jaringan teroris,"" kata Edy kepada detikcom, Sabtu
(5/2).

Namun begitu, belakangan ini terungkap bahwa MAQ diketahui merupakan eks napi
terorisme. MAQ sempat terlibat dalam aksi terorisme MIT Poso.

Simak fakta-fakta kasus tersebut sebagai berikut:

### Awal Mula Kasus Curanmor

Kasus ini bermula kala Polsek Tarumajaya menyelidiki pencurian motor milik
seorang warga bernama Abdul Rosad pada 27 Januari 2021 lalu. Setelah didalami,
motor milik Abdul Rosad ditemukan dalam sebuah unggahan Facebook.

""Kemudian kami menemukan sepeda motor tersebut diposting di grup Facebook
dengan akun bertuliskan huruf Jepang, sesuai dengan ciri-ciri yang disampaikan
pemiliknya,"" kata Edy dalam keterangannya kepada wartawan, Sabtu (5/2/2022).

Dari situ polisi melakukan pengembangan. Setelahnya, A dan B ditangkap setelah
polisi melakukan transaksi palsu.

""Anggota melakukan komunikasi dengan pemilik akun tersebut dan berhasil
melakukan penangkapan tersangka A (13) dan B (14) di Bekasi Utara, Kota
Bekasi,"" ucap Edy.

Selain A dan B, polisi turut menangkap S dan MAQ selaku penadah hasil curian.
A dan B pun selanjutnya ditetapkan sebagai tersangka.

""Lalu (mereka) menjualnya kepada tersangka S dan MAQ secara COD di daerah
Setu, Kabupaten Bekasi,"" kata Edy.

### Modus Pencurian

Edy menyebut modus A dan B tergolong unik. Sebab, kedua tersangka mencuri
dengan cara bersepeda mencari rumah yang sepi sebagai targetnya.

""Modus atau cara mereka melakukan pencurian ini sangat unik,jadi modusnya si A
dan si B ini dia keliling dengan menggunakan sepeda, dan sepeda itu hasil
curian juga, dia keliling ke kampung-kampung,"" ungkap Edy.

Mereka membobol kunci rumah targetnya dengan cara dicongkel. Setelah dirasa
berhasil, keduanya meninggalkan sepeda yang digunakan.

 _Simak berita selengkapnya di halaman selanjutnya.._

Selanjutnya __

Halaman

1  2

 ",www.detik.com
Pria Sadis Pembunuh Wanita Sukabumi Ditangkap!,"Selasa, 17 Mei  2022 04:25 WIB","\-

Pria sadis pembunuh wanita Sukabumi, Eneng Kulsum (35) akhirnya tertangkap.
Saat ini, pelaku masih menjalani pemeriksaan di Mapolsek Cibadak, Sukabumi.

Dilansir dari detikJabar, Selasa (17/5/2022), kabar penangkapan itu dibenarkan
oleh Iyan Sopian, kakak kandung korban. Ia telah mengecek langsung kebenaran
informasi itu ke Polsek Cibadak.

""Awalnya dapat informasi, pelaku sudah ditangkap. Saya penasaran langsung ke
kantor polisi. Hanya tidak diperbolehkan masuk melihat pelaku. Tapi memang
sudah dipastikan sudah di kantor polisi,"" kata Iyan melalui sambungan telepon
kepada detikJabar, Senin (16/5).

Mewakili keluarga, Iyan mengucapkan terima kasih kepada polisi yang dalam
waktu singkat menangkap pria sadis yang disebut-sebut mantan kekasih korban.
detikjabar menerima foto penangkapan pelaku itu.

Salah satu foto memperlihatkan pelaku bersama sejumlah polisi. Terdapat juga
sebuah video lainnya memperlihatkan saat pelaku dibonceng petugas menggunakan
motor.

Polisi akan merilis penangkapan sang pembunuh tersebut. ""Sudah, sebelumnya
saya dapat informasi keberadaan pelaku dan langsung kita tangkap,"" singkat
Kasat Reskrim Polres Sukabumi AKP I Putu Asti Hermawan.

 _Simak berita selengkapnyadi sini._

[Gambas:Video 20detik]

 ",www.detik.com
Perampok yang Ikat Staf Minimarket di Jakpus Sempat 'Curhat' Sebelum Kabur,"Selasa, 17 Mei  2022 15:43 WIB","\-

Aksi perampokan dengan senjata tajam terjadi di sebuah minimarket di Jl Letjen
Suprapto, Bungur, Senen, Jakarta Pusat. Sebelum kabur, pelaku sempat 'curhat'
ke kasir.

""Sebelum kabur pelaku sempat bercerita bahwa pelaku sakit hati atau dendam
dengan sejenis toko tersebut, lalu mengikat kedua penjaga toko,"" kata Kapolsek
Metro Senen Kompol Ari Susanto saat dihubungi, Selasa (17/5/2022).

Setelah bercerita dan mengikat korban, pelaku pun mengambil uang tunai kurang-
lebih Rp 17 juta dari brankas. Selain itu, pelaku sempat menodongkan senjata
tajam jenis pisau kepada korban.

""Saat mau tutup mendadak seorang tak dikenal dengan memakai helm bermasker
masuk ke dalam toko dan langsung menutup _rolling_ _door_ ,"" katanya.

Saat ini kasus tersebut dalam tahap penyelidikan. Ari mengatakan pihaknya
tengah mengejar pelaku.

""Lagi dikejar (pelaku), maling terobos minimarket,"" katanya.

Sebelumnya diberitakan, aksi perampokan di sebuah minimarket di Jl Letjen
Suprapto IV,Bungur, Senen, Jakarta Pusat, viral di media sosial. Seorang kasir
minimarket diikat pelaku.

""(Korban) diikat, nggak luka. Jutaan rupiah uang kasir diambil,"" kata Kapolsek
Metro Senen Kompol Ari Susanto saat dihubungi, Selasa (17/5).

Peristiwa itu terjadi pada Rabu (4/5) pada pukul 21.22 WIB. Kejadian berawal
ketika dua penjaga minimarket tengah bertugas. Pada saat itu, kondisi tengah
sepi dan toko hendak ditutup.

[Gambas:Video 20detik]

  
  
  

 ",www.detik.com
"Detik-detik Horor Pria NTB Tewaskan 2 Begal, Malah Jadi Tersangka","Kamis, 14 Apr 2022 18:35 WIB","\-

Tepat tengah malam pada 10 April 2022, Murtade alias Amaq Sinta (sebelumnya
disebut Amaq Santi) berangkat dari rumahnya di Dusun Matek Maling, Desa Ganti,
Kecamatan Praya Timur, Lombok Tengah, Nusa Tenggara Barat (NTB).

Mengendarai sepeda motor miliknya, petani itu hendak menuju ke sebuah rumah
sakit Lombok Timur. Sang ibunda tengah dirawat di sana karena sakit. Ia juga
membawa nasi dan air hangat untuk bekal sahur bersama sang ibunda.

Sadar bahwa perjalanan malam hari cukup rawan, Amaq Sinta lantas membawa
sebilah pisau untuk berjaga jaga.

  

Saat dalam perjalanan, masih di area Desa Ganti, ia tiba tiba dibuntuti oleh
empat orang yang mengendarai dua sepeda motor. Sepeda motornya dipepet hingga
ia terpaksa berhenti.

Pengendara sepeda motor itu sempat menanyakan apa yang dibawa oleh Amaq Sinta.
Ia lalu menjawab bahwa ia membawa nasi dan air hangat.

Lantas, tanpa basa basi lagi, salah satu pria tiba tiba mengangkat parangnya
dan mencoba menebas Amaq Sinta. Beruntung tangannya bergerak cepat menampik
serangan itu. Akibatnya, ia mengalami luka di bagian tangan.

Sadar bahwa keempat pria itu adalah begal, Amaq Sinta dengan cepat mengambil
pisau dari pinggangnya. Ia lalu menusuk dada salah satu pelaku bernama Pendi.

Tak terima temannya ditusuk, dua orang begal lainnya berusaha mengeroyok Amaq
Santi. Sementara satu begal lainnya hanya duduk di atas motornya tanpa
melakukan apa apa.

Saat dikeroyok, Amaq Sinta sempat berteriak maling. Mungkin karena takut,
kedua pelaku lantas berusaha kabur.

Salah satu pelaku begal, Oki, justru berusaha kabur dengan mengendarai sepeda
motor Amaq Sinta Melihat sepeda motornya dibawa kabur, Amaq Sinta langsung
bergerak cepat mengejarnya. Ia menusuk dada Oki dari belakang hingga
tersungkur.

Melihat Oki ditusuk, dua pelaku begal lainnya, Wahid dan Holidi, akhirnya
kabur dengan sepeda motor mereka.

Amaq Sinta selamat dari aksi pembegalan. Ia pun pergi meninggalkan tempat itu,
termasuk kedua pelaku begal yang tewas di tangannya.

Namun malang bagi Amaq Sinta. Ia justru dijemput polisi keesokan harinya.
Ihwalnya bermula dari penemuan dua jenazah di jalan Desa Ganti yang tak lain
adalah pelaku begal Oki dan Pendi.

Polisi melakukan penyelidikan atas kematian dua orang pria pelaku begal
tersebut. Atas dasar kesaksian dari dua begal yang selamat, dan beberapa
temuan hasil olah tempat kejadian perkara, polisi mengarah pada nama Amaq
Sinta sebagai pelaku.

Upayanya membela diri dari para pelaku begal pada malam itu rupanya dianggap
melanggar hukum oleh pihak kepolisian. Ia dijebloskan ke dalam penjara.

Polisi menyebut bahwa Amaq Sinta diduga melanggar Pasal 351 ayat 3 KUHP
tentang penganiayaan berat yang menyebabkan korbannya meninggal dunia atau
Pasal 338 KUHP tentang pembunuhan. Ancaman hukuman maksimalnya 15 tahun
penjara.

Ironisnya, dua begal yang selamat, Wahid dan Holidi, justru menjadi saksi
memberatkan dalam kasus pembunuhan dan atau penganiayaan tersebut. Padahal
Wahid dan Holidi sendiri juga telah mengakui bahwa malam itu mereka berupaya
membegal Amaq Sinta.

Keduanya bahkan ditahan dan menjadi tersangka dalam kasus pembegalan dengan
korban Amaq Sinta. Berdasarkan pasal 365 KUHP tentang pencurian dengan
kekerasan, perbuatan Wahid dan Holidi hanya memiliki ancaman hukuman maksimal
12 tahun penjara.

Polisi menyita empat senjata tajam, masing masing satu buah pisau milik Amaq
Sinta serta tiga buah senjata tajam milik tiga pelaku begal yang notabene jauh
lebih besar ukurannya ketimbang pisau Amaq Sinta

""Karena di negara kita, melakukan perbuatan main hakim sendiri kan dilarang.
Karena itu juga adalah satu tindakan pidana,"" kata Wakapolres Lombok Tengah
Kompol I Ketut Tamiana saat jumpa pers di Mapolres Lombok Tengah Selasa
(12/4/2022).

Saat ditanya wartawan tentang apa yang seharusnya dilakukan seorang korban
begal saat menghadapi situasi seperti yang dihadapi Amaq Sinta, Tamiana justru
meminta masyarakat agar tidak keluar malam sendirian. ""Paling tidak, kalau
keluar malam, jangan sendirian. Sama teman,"" kata dia.

""Membunuh di negara kita kan dilarang. Siapapun itu. Walaupun dia (korban
adalah) pelaku (begal),"" tambah Tamiana.

Langkah kepolisian yang justru memenjarakan Amaq Sinta berbuntut. Aksi demo
membela Amaq Sinta digelar masyarakat. Paska aksi demo itu, penahanan Amaq
Sinta akhirnya ditangguhkan. Ia dibebaskan dari tahanan. Namun proses hukum
terhadapnya tidak berhenti di situ. Ia masih menyandang status tersangka
pembunuhan dan/atau penganiayaan berat.

""Iya betul sudah ditangguhkan,"" kata Kabid Humas Polda Nusa Tenggara Barat
(NTB), Kombes Artanto pada detikBali, Kamis (14/4/2022).

Artanto mengatakan, penangguhan penahanan dilakukan setelah pihak keluarga
bersedia menjadi jaminan jika pada kemudian hari Amaq Sinta tidak kooperatif.
Selain itu, kepada polisi Amaq Sinta menegaskan tidak akan melarikan diri,
tidak akan menghilangkan barang bukti dan tidak akan mengulangi perbuatan yang
sama.

""Penjamin adalah dari pihak keluarganya. Pertimbangannya yang bersangkutan
tidak akan melarikan diri, tidak akan mengulangi perbuatannya, tidak akan
menghilangkan barang buktinya,"" jelas Artanto.

""Proses pemberkasan masih berlangsung dengan melengkapi syarat materiil dan
formil. MA (Murtade alias Amaq Sinta) siap menemui penyidik manakala
dibutuhkan oleh penyidik,"" tutur Artanto.

  
  
  
[Gambas:Video 20detik]  

 ",www.detik.com
Bos Cilok Pemerkosa 10 Bocah di Sukabumi Dijatuhi Hukuman Mati,"Rabu, 27 Apr 2022 01:00 WIB","\-

Abah Heni dijatuhi hukuman mati usai palu hakim tinggi pada Pengadilan Tinggi
(PT) Bandung menganulir putusan 15 tahun penjara yang sebelumnya diketok hakim
Pengadilan Negeri (PN) Cibadak Sukabumi.

Peristiwa Abah Heni terungkap setelah Personel Satuan Reserse dan Kriminal
Polres Sukabumi melalui unit Perlindungan Perempuan dan Anak (PPA) menciduk
pria yang kini berusia 58 tahun itu pada Kamis 29 Juli 2021 silam. Saat itu,
Abah Heni semoat diamankan di Polsek Caringin karena aksinya diketahui warga.

Kasus pencabulan itu terbongkar setelah seorang korban mengadukan peristiwa
yang menimpanya ke ketua RT dan RW. Mereka kemudian melaporkan hal itu ke
kades. Menghindari hal yang tidak diinginkan, terduga pelaku dibawa ke
Mapolsek Caringin.

  

""Malam Kamis (29/7) pelaku ditahan di Polsek Caringin. Karena malam itu massa
sudah berkerumun di balai warga. Dikhawatirkan terjadi tindakan anarkis. Baru
keesokan harinya, pelaku dibawa dan diserahkan ke Polres Sukabumi untuk
dilakukan pemeriksaan,"" kata Dedi Suhendar, warga setempat, Jumat (30/7/2021).

Polisi kemudian menggelar pendalaman, hingga kemudian terungkap korban cabul
pria yang dikenal sebagai Bos Cilok itu mencapai 10 orang.

""Korbannya berjumlah 10 orang, di antara korban itu ada satu orang yang
disetubuhi. Rata-rata korban tinggal di sekitar kediaman pelaku atau tempat
usaha si Abah ini,"" kata Kapolres Sukabumi AKBP Dedi Darmawansyah kepada awak
media, Senin (9/8/2021).

Dijelaskan Dedi, rata-rata korban masih berusia 5 sampai 12 tahun, polisi
mengamankan pakaian korban untuk dijadikan barang bukti. Selain itu, polisi
juga sudah memperoleh hasil visum korban.

""Pelaku beralasan akan mencarikan kutu korban, namun sambil mencari kutu
tersangka melancarkan aksi cabul terhadap korban dengan memegangi alat vital
korban. Satu di antara 10 korban bahkan disetubuhi oleh si abah ini,"" ujar
Dedi.

Polisi mengamankan sejumlah barang bukti selain visun et repertum, identitas
dan baju korban.

""Pelaku ini bos cilok, makanan ringan atau cemilan. Pelaku kita ancam dengan
pasal 81 ayat 1, 2, 5 penjara paling singkar 10 tahun paling lama 20 tahun dab
pasal 82 ayat 1, 4 penjara paling singkat 5 tahun paling lama 15 tahun atau
denda 5 miliar ditambah 1/3 dari ancaman pidana apabila menimbulkan korban
lebih dari 1 orang,"" pungkas Dedi.

  
  
  
[Gambas:Video 20detik]  

 ",www.detik.com
"Ojol di Bekasi Ditusuk Begal, Pelaku Nyamar Jadi Penumpang Ditangkap Warga","Jumat, 22 Apr 2022 11:26 WIB","\-

Sebuah video memperlihatkan seorang pria berinisial G (20) diduga begal
diamankan warga di Cikarang Selatan, Kabupaten Bekasi, Jawa Barat (Jabar)
viral di media sosial. Pelaku diketahui hendak membegal seorang pengendara
ojek online (ojol).

Dalam video yang beredar terlihat pria diduga begal tersebut menggunakan baju
hitam digeledah oleh aparat kepolisian. Selain itu tangan dari terduga begal
tersebut diikat dari belakang.

Kapolsek Cikarang Selatan, Kompol Satirin membenarkan kejadian tersebut.
Menurutnya peristiwa tersebut terjadi pada Kamis (21/4/2022) pukul 21.10 WIB
malam.

Menurut Satirin pelaku saat melakukan aksinya berpura-pura menjadi pelanggan
ojol. Tersangka lalu menghampiri pengemudi ojol berinisial R (46) dan meminta
untuk diantarkan menuju Cifest.

""Setibanya di TKP, tersangka menusuk punggung kanan korban dari belakang
menggunakan pisau hingga keduanya terjatuh. Selanjutnya korban berteriak
sehingga tersangka ditangkap oleh warga sekitar,"" ucap Satirin ketika
dihubungi pada Jumat (22/4/2022).

Pelaku lalu diamankan polisi menuju Polsek Cikarang Selatan. Sedangkan korban
hanya mengalami luka sobek di bagian punggung dan pelipis.

""Atas kejadian tersebut korban berhasil selamat dan mengalami luka tusuk
punggung sebelah kanan (4 jahitan) dan luka sobek pelipis kanan (5 jahitan),""
imbuhnya.

[Gambas:Video 20detik]

 ",www.detik.com
Aksi Komplotan Curanmor Terbongkar di Malang,"Sabtu, 26 Feb 2022 12:58 WIB","\-

Komplotan pelaku pencurian kendaraan bermotor dibekuk Satreskrim Polres
Malang. Dua pelaku sempat ditembak saat melawan petugas ketika ditangkap.

Kapolres Malang AKBP Ferly Hidayat mengatakan, kasus curanmor yang diungkap
ini berlangsung mulai Juni 2021 sampai Februari 2022.

Ferly menyebut, jumlah korban yang melaporkan kehilangan motor sebanyak enam
orang. Dari pengungkapan itu, lanjut Ferly, Satreskrim Polres Malang
mengamankan dua tersangka. Di mana, para pelaku sebelumnya memang sering
melakukan kejahatan serupa.

""Dua tersangka pertama berinisial AJW (34), warga Kecamatan Sumbermanjing
Wetan dan satu tersangka lagi berinisial S (54), warga Wonosari. Kita amankan
keduanya bersama tiga penadah lainnya,"" ujar Ferly dalam konferensi pers di
Mapolres Jalan Ahmad Yani, Kepanjen, Sabtu (26/2/2022).

Menurut Ferly, petugas terpaksa melakukan tindakan tegas terukur kepada dua
tersangka tersebut. Setelah keduanya, melakukan perlawanan saat akan disergap.

""Memang pada saat dilakukan penegakan dua pelaku berupaya melawan, petugas
mengambil tindakan tegas terukur,"" tuturnya.

Ferly mengaku, pengungkapan berawal dari patroli siber dan menemukan tiga
penadah di tempat terpisah. Dari hasil pengembangan, kemudian membongkar
identitas kedua tersangka curanmor.

""Awal pengungkapan dari patroli siber, dan berhasil menemukan tiga penadah dan
berlanjut kepada kedua tersangka curanmor,"" aku Ferly.

Selain itu, Ferly mengungkapkan, pihaknya memahami kasus pencurian dengan
kekerasan menjadi salah satu kasus cukup marak di wilayah Kabupaten Malang.
Sehingga, kasus pencurian kendaraan bermotor menjadi atensi untuk dilakukan
pencegahan dan diungkap.

""Kita memahami kasus pencurian dengan kekerasan ini menjadi salah satu kasus
cukup marak di wilayah Kabupaten Malang. Seringkali terjadi di wilayah kita,
makanya jadi atensi untuk kita cegah dan kita ungkap,"" tegasnya.

Ferly menegaskan, Polres Malang akan terus berupaya memberikan pelayanan
terbaik kepada masyarakat. Di sisi lain, Ferly berpesan agar masyarakat tetap
berhati-hati ketika memarkir kendaraannya.

""Saya selaku Kapolres Malang ingin mengimbau dengan maraknya kejadian
pencurian, hendaknya juga membuat masyarakat waspada tidak memberikan
kesempatan terhadap pelaku,"" tambahnya.

Kedua pelaku curanmor dijerat Pasal 365 KUHP tentang pencurian dengan
kekerasan dan Pasal 363 untuk perkara pencurian dengan ancaman hukuman tujuh
tahun penjara. Dalam pengungkapan kasus ini, petugas menyita enam unit motor
hasil kejahatan.

Bersamaan, Satreskrim Polres Malang mengembalikan secara langsung barang bukti
motor yang disita dari para pelaku kepada korban pencurian.

Ada empat unit motor yang dikembalikan. Langkah yang diambil Polres Malang ini
disambut gembira para korban. Seperti Jumari, warga Kepanjen, Kabupaten
Malang, ini mengaku gembira karena kembali mendapatkan motor Honda Beat
miliknya yang hilang pada 30 Januari 2021 lalu.

""Alhamdulillah, motor saya bisa kembali. Hilang 30 Januari 2021 lalu, ketika
saya parkir di warung kopi Panggungrejo,"" ujar Jumari ditemui setelah
mendapatkan kembali motornya.

Yahya, korban lain juga mengungkapkan hal sama. Dirinya tak menyangka motor
Honda Beat miliknya, hilang 22 Januari 2021 lalu di kawasan Kuncoro, Kecamatan
Sumberpucung, Kabupaten Malang, dapat kembali.

""Saya tak menyangka, karena sudah pasrah. Terima kasih Bapak polisi yang telah
berhasil menangkap pelaku dan mengembalikan motor saya,"" kata pria seharinya
kerja bangunan ini.

  
  
  
[Gambas:Video 20detik]  

 ",www.detik.com
Polisi Tangkap Perampok Viral yang Ikat-Todong Staf Minimarket di Jakpus!,"Rabu, 18 Mei  2022 19:33 WIB","\-

Polisi mengungkap perampokan viral yang terjadi di minimarket di Jl Letjen
Suprapro, Bungur, Senen, Jakarta Pusat. Pelaku telah ditangkap dan saat ini
masih diperiksa intensif di Polsek Senen.

""Tersangka atas nama R, alhamdulillah sudah tertangkap,"" kata Kapolsek Senen
Kompol Ari Susanto saat dihubungi, Rabu (18/5/2022).

Pelaku ditangkap di Kenari, Jakpus. Saat ini polisi masih mengembangkan kasus
tersebut.

""(Ditangkap) di Kenari, sedang kita kembangkan,"" katanya.

Dalam aksinya itu, pelaku menodong karyawan minimarket. Korban juga sempat
diikat pelaku.

""(Korban) diikat, nggak luka. Jutaan uang kasir diambil,"" kata Ari Susanto
saat dihubungi, Selasa (17/5).

### Pelaku Sempat Curhat ke Korban

Peristiwa itu terjadi pada Rabu (4/5) pukul 21.22 WIB. Pelaku membawa kabur
uang Rp 17 juta yang disimpan di brankas minimarket.

Sebelum melarikan diri, pelaku sempat 'curhat' kepada korban. Pelaku mengaku
sakit hati pernah dipecat dari pekerjaannya di minimarket di Cileungsi,
Kabupaten Bogor.

""Info pernah dipecat dari pegawai toko sejenis Cileungsi, kita cek nanti
_database-_ nya,"" kata Ari Susanto.

[Gambas:Video 20detik]

  
  

 ",www.detik.com
"'Kuburan' di Blitar Gegerkan Warga, Ternyata Berisi Sepeda","Selasa, 12 Apr 2022 14:27 WIB","\-

Warga Sanankulon, Blitar, digegerkan oleh gundukan tanah mirip kuburan. Warga
yang curiga terhadap 'kuburan' tersebut langsung menghubungi polisi.

Dilansir dari , keberadaan gundukan itu viral di media sosial. Terdapat video
berdurasi 1 menit 4 detik memperlihatkan dua polisi dibantu seorang warga yang
menggali tanah. Bukannya mayat, isi kuburan tersebut ternyata sepeda biru.

Polisi membenarkan soal gegernya 'kuburan' tersebut. Polisi menjelaskan soal
asal-usul dari sepeda yang dikuburkan itu.

Sepeda yang dikubur itu merupakan sepeda curian. Pemilik sepeda tersebut tak
jauh dari lokasi 'kuburan' itu.

""Itu kejadian hilangnya Jumat (8/4). Ditimbun Sabtu (9/4). Pemiliknya warga
sekitar, nggak jauh dari TKP ditemukan,"" kata Kapolsek Sanankulon Blitar Iptu
Budi Agus dikonfirmasi detikJatim, Selasa (12/4/2022).

Simak selengkapnya di sini.

 ",www.detik.com
Detik-detik Pembunuhan Pria Tunawicara di Jakpus oleh Pasangan Sejenis,"Senin, 13 Des 2021 17:23 WIB","\-

Polisi menggelar prarekonstruksi pembunuhan pria tunawicara YM (25) di
Kemayoran, Jakarta Pusat, oleh pasangan sejenis berinisial AS (20). Total ada
12 adegan prarekonstruksi yang diperagakan kembali oleh tersangka AS.

Pra rekonstruksi dipimpin Panit 5 Subdit Resmob Ditreskrimum Polda Metro Jaya
AKP Dimitri Mahendra. Adegan pertama dimulai dengan proses perkenalan korban
dan pelaku via MiChat yang dibacakan oleh Dimitri.

### Pelaku Datang ke Rumah Korban

Selanjutnya, adegan kedua diperagakan ketika pelaku berangkat ke rumah korban
di Kemayoran, Jakpus, dengan menggunakan ojek _online_. Pelaku berangkat pada
Rabu (8/12).

""Tersangka berangkat dari apartemen di Kemayoran dan tiba (di rumah korban)
pukul 09.30 WIB. Tersangka turun di depan warung, kemudian dijemput korban dan
masuk ke rumah korban,"" jelas Dimitri membacakan adegan pra rekonstruksi di
Polda Metro Jaya, Senin (13/12/2021).

Dari situ, korban mengantar pelaku menemui teman pelaku berinisial J dan B di
apartemen di Kemayoran, Jakpus. Pada malam harinya, sekitar pukul 20.00 WIB,
korban menjemput tersangka di apartemen tersebut.

""Tersangka tiba di rumah korban. Karena rumah kosong, tersangka bertanya 'di
mana Mamah kamu?', (dijawab korban) 'Mamah saya di rumah sakit',"" ujarnya.

### Muncul Niat Merampok

Sekitar pukul 23.00 WIB, pelaku sempat keluar dan membeli rokok di warung
dekat rumah korban. Di situ mereka mengobrol.

""Setelah tersangka mengetahui ortu korban tidak di rumah, kemudian muncul
pikiran untuk menguasai barang-barang korban, di antaranya motor, uang,
telepon, aksesori, maupun barang-barang lain milik korban,"" tutur Dimitri.

 _Simak selengkapnya di halaman selanjutnya_

[Gambas:Video 20detik]

  
  
  

Selanjutnya __

Halaman

1  2

 ",www.detik.com
Mayat Pria Penuh Luka di Kebun Salak Sleman Korban Pembunuhan,"Rabu, 15 Jun 2022 13:40 WIB","\-

Sesosok mayat pria ditemukan penuh luka di tengah kebun salak daerah Turi,
Sleman. Polisi menyebut mayat pria itu merupakan korban pembunuhan.

"" _Njih_ pembunuhan, ada bekas tusukan,"" kata Kasat Reskrim Polres Sleman AKP
Rony Prasadana kepada wartawan, Rabu (15/6/2022).

Identitas korban yakni Widodo Bowo Purnomo (49) warga Turi. Korban ditemukan
pagi tadi sekitar pukul 06.30 WIB.

Dia menjelaskan, saat dilakukan pemeriksaan terhadap jenazah terdapat banyak
luka akibat benda tajam di tubuh korban.

""Bahwa menurut keterangan perawat dari Puskesmas Turi terjadi bekas tusukan
benda tajam, terjadi luka sobek karena benda tajam,"" ungkapnya.

Sebelumnya diberitakan, sesosok mayat pria ditemukan di tengah kebun salak
daerah Gading Kulon, Donokerto, Turi, Sleman. Saat ditemukan terdapat bekas
luka tusukan di tubuh korban.

Kasat Reskrim Polres Sleman AKP Rony Prasadana membeberkan identitas korban
yakni Widodo Bowo Purnomo (49) warga Turi. Ia menjelaskan, penemuan mayat ini
pertama kali diketahui oleh seorang warga dan kemudian dilaporkan ke Kepala
Dukuh Gading Wetan.

Kepala dukuh lalu memeriksa lokasi penemuan mayat yakni di tengah kebun salak
dan kemudian melaporkan kejadian ini ke polisi.

""Kemudian saksi memeriksa TKP dan menemukan adanya orang yang tergeletak di
tengah kebun salak yang diperkirakan sudah meninggal dunia,"" jelasnya.

  
  
  
[Gambas:Video 20detik]  

 ",www.detik.com
"Aksi Pencurian di SMA Lebak Terekam CCTV, 11 Komputer Digasak Pelaku","Selasa, 19 Apr 2022 22:56 WIB","\-

Aksi lima orang pencuri di SMAN 2 Malingping, Kampung Pagenggang, Desa
Sumberwaras, Kecamatan Malimping, Lebak Selatan, terekam kamera CCTV. Sebanyak
11 komputer berhasil dicuri pelaku.

Berdasarkan rekaman CCTV, aksi pencurian itu terjadi pada Minggu, (17/4)
sekitar pukul 02.30-04.37 WIB. Plt Kepala SMAN 2 Malingping Cahya Irawan
membenarkan kejadian itu.

""Betul itu terjadi (pencurian), (ketahuan) dari rekaman CCTV,"" kata Cahya
kepada awak media, Selasa (19/4/2022).

Pelaku diduga memasuki wilayah sekolah melalui samping bangunan. Dari samping
hingga belakang sekolah terdapat semak-semak yang dimanfaatkan para pelaku
agar tidak ketahuan.

Pelaku kemudian menuju ruang laboratorium komputer. Mulanya, pelaku mencoba
membuka jendela. Lantaran tidak berhasil, para pelaku kemudian mencoba membuka
pintu. Percobaan itu ternyata berhasil, aksi terus dilanjut dengan mengambil
sebanyak 11 unit komputer.

""Dari peristiwa tersebut 11 unit PC _all in one_ hilang dan sudah dilaporkan
kepada petugas yang berwajib. Alhamdulillah polisi sudah turun malam Senin dan
lihat TKP,"" tuturnya.

Cahya mengatakan bukti rekaman CCTV sudah diserahkan kepada pihak kepolisian.
Dia berharap polisi segera menangkap pelaku pencurian tersebut.

""Semoga ini peristiwa terakhir termasuk sekolah lain yang kerap kali di
wilayah Selatan terjadi pencurian,"" pungkasnya.

telah mencoba menghubungi Kanit Reskrim Polsek Malingping, tapi hingga berita
ini diturunkan belum ada jawaban.

 ",www.detik.com
"3 Anak Perempuan di Medan Diduga Mencuri Viral, Polisi Turun Tangan","Minggu, 24 Apr 2022 06:30 WIB","\-

Video menunjukkan tiga orang anak-anak yang disebut tertangkap saat melakukan
pencurian di Medan viral di media sosial. Polisi pun turun tangan menelusuri
hal tersebut.

Dilihat detikSumut, Minggu (24/4/2022), dalam video itu disebutkan ada tiga
orang anak yang tertangkap warga. Pengunggah menyebut peristiwa itu terjadi
pada hari Jumat (22/3) sekitar pukul sekitar pukul 15.00 WIB di Jalan Dwikora,
Harjosari II, Medan Amplas.

""Para pelaku berpura-pura belanja beli telur dan meminta izin ke kamar mandi.
Lalu saat pemilik warung lengah, para pelaku ini membawa kabur uang sebesar Rp
40 juta,"" tulis pengunggah dalam narasinya.

  

Kemudian, pengunggah menyebut saat diketahui pemilik warung, ketiga anak ini
sudah kabur dan kedapatan di daerah Kanal Marindal sedang bagi-bagi uang hasil
curian.

""Setelah dibawa kembali ke toko, ketiga pelaku ini mengakui perbuatannya dan
juga membawa kabur dua handphone. Menurut warga sekitar, para pelaku ini juga
kerap beraksi dan juga pernah tertangkap oleh warga,"" ujar pengunggah.

Kapolrestabes Medan Kombes Valentino Alfa Tatareda mengatakan bahwa penanganan
kasus tersebut telah dilimpahkan dari Polsek Patumbak ke Polrestabes Medan

""Ditangani (Polsek) Patumbak namun sudah dilimpahkan ke Polrestebes,"" kata
Valentino kepada detikSumut.

Sementara Kasat Reskrim Polrestabes Medan Kompol Teuku Fathir Mustafa
mengatakan hal yang sama. Dia menyebut penanganan terkait anak-anak tersebut
dilakukan di Polrestabes Medan.

Menurut Fathir, penanganan terhadap pelaku anak memang harus berkoordinasi
dengan instansi terkait termasuk didalamnya ada Bapas dan dinas sosial.

""Kami juga akan berupaya untuk komunikasi dengan pihak korban, untuk mencari
solusi terbaik untuk penanganan terhadap anak ini, karena untuk anak yang
umurnya di bawah 12 tahun, dia nggak bisa kita jadikan tersangka,"" sebut
Fathir.

Fathir menyebutkan pihaknya bergerak berdasarkan video tersebar di media
sosial. Pihaknya bakal melakukan pengembangan terkait benar atau tidaknya
anak-anak itu mencuri.

""Belum tahu (ada laporan korban), kami bergerak berdasarkan video yang
tersebar di media sosial. Jadi nanti akan kami kembangkan, penyelidikan dari
video tersebut apakah anak ini mencuri dan sebagainya,"" ujar Fathir.

Fathir menegaskan bahwa pihaknya belum menyimpulkan apakah peristiwa itu benar
kasus pencurian atau tidak. Petugas juga bakal memanggil pembuat video untuk
dimintai klarifikasinya.

""Belum bisa kita pastikan, makanya ini kita memastikan nanti kita lakukan
pemeriksaan lebih lanjut. Para pihak yang membuat video itu juga nanti akan
kita klarifikasi,"" sebut Fathir.

Kemudian petugas, kata Fathir, juga berupaya untuk komunikasi dengan pihak
korban, untuk mencari solusi terbaik untuk penanganan anak tersebut.

  
  
  
[Gambas:Video 20detik]  

 ",www.detik.com
Pria Tewas di Kebun Salak Sleman Dibunuh gegara Tuduhan Curi Cabai,"Kamis, 16 Jun 2022 14:53 WIB","\-

Polisi menangkap pembunuh Widodo Bowo Purnomo (49), yang mayatnya ditemukan
penuh luka di perkebunan salak daerah Turi, Sleman. Pelaku mengaku nekat
membunuh karena kesal korban mencuri cabai di ladang milik saudaranya.

Wakapolres Sleman Kompol Tony Priyanto membenarkan telah mengamankan pelaku
berinisial HH (17) warga Turi. Menurut Tony, dari hasil pemeriksaan,
lanjutnya, diketahui motif pelaku karena kesal karena korban mencuri cabai di
ladang milik saudaranya.

""Pelaku membacok korban dengan celurit hingga korban meninggal. Pelaku kesal
karena korban mencuri cabai,"" jelasnya saat rilis kasus di Mapolres Sleman,
Kamis (16/6/2022).

Tony melanjutkan tindak pidana ini bermula saat saudara pelaku berinisial S
bercerita ke tersangka jika tanaman cabai di sawahnya sering dicuri. Kemudian,
pada Selasa (14/6) sekitar pukul 21.00 WIB, HH menawarkan diri untuk ikut ke
sawah S guna menghadang pencuri.

Kemudian, pada Rabu (15/6) dini hari pukul 04.00, pelaku dijemput S dan
berboncengan menuju sawah. Tanpa sepengetahuan S, ternyata pelaku telah
mempersiapkan sebilah celurit.

""HH sudah membawa celurit untuk melukai korban karena merasa kesal. HH bawa
celurit tanpa sepengetahuan S,"" jelasnya.

Keduanya kemudian menunggu pencuri yang tak lain adalah korban. Selang
setengah jam kemudian pelaku melihat korban hendak mencuri cabai.

Pelaku menunggu hingga korban benar-benar memetik cabai. Selanjutnya pelaku
dan S keluar dari persembunyian dan mengendap-endap mendekati sawah.

Korban yang terkepung akhirnya berusaha melarikan diri. Namun, pelaku mengejar
dan menyabetkan celurit ke tubuh korban.

""Menyabetkan celurit ke korban sebanyak 6 kali. Dua kali tidak kena, 4 kali
mengenai tubuh korban,"" jelasnya.

Pelaku sempat menarik baju korban, namun korban bisa melarikan diri memasuki
kebun salak. ""HH dan S tidak melakukan pengejaran kemudian kembali dan
memberitahukan kepada tokoh warga setempat,"" ucapnya.

Tony melanjutkan, sekitar pukul 08.00 WIB, korban ditemukan oleh salah seorang
warga dan segera memberi tahu adik korban. Kejadian ini pun kemudian
dilaporkan oleh adik korban ke Polsek Turi.

""Korban (ditemukan) muka pucat badan menyandar tapi tidak bergerak,""
ungkapnya.

Sebelumnya diberitakan, pembunuh Widodo Bowo Purnomo (49), yang mayatnya
ditemukan penuh luka di perkebunan salak daerah Turi, Sleman, ditangkap.
Pelaku ternyata masih berusia di bawah umur.

""Penyelidikan berhasil mengamankan pelaku anak di Donokerto, Turi dan saat ini
dilakukan penahanan untuk penyelidikan lebih lanjut,"" kata Wakapolres Sleman
Kompol Tony Priyanto saat rilis kasus di Mapolres Sleman, Kamis (16/6).

Pelaku berinisial HH (17) warga Turi. Tony menyebut, pelaku melukai korban
menggunakan celurit, mengakibatkan korban luka-luka hingga tewas.

""Pelaku membacok korban dengan celurit hingga korban meninggal,"" jelasnya.

  
  
  
[Gambas:Video 20detik]  

 ",www.detik.com
Aksi Maling Naik Mercy Gagal Mencuri lalu Berakhir Ditangkap Polisi,"Minggu, 01 Mei  2022 07:54 WIB","\-

Komplotan pelaku pencurian rumah kosong di Tanjung Priok, Jakarta Utara, gagal
beraksi. Tiga pelaku yang menaiki mobil Mercy itu dipergoki korbannya hingga
dikejar warga.

Salah satu pelaku bahkan menceburkan diri ke kali lantaran panik dikejar
warga. Namun, ketiga pelaku berhasil ditangkap polisi.

Dari para pelaku, polisi mengamankan linggis, obeng, ponsel dan barang bukti
lainnya. Ketiga pelaku kini ditahan di Polsek Tanjung Priok.

##  
Viral di Media Sosial

  
Aksi pengejaran warga terhadap pelaku percobaan pencurian di perumahan warga
di Sunter, Tanjung Priok, Jakut itu terjadi pada Jumat (29/4) sekitar pukul
12.00 WIB. Dalam video yang beredar, terlihat mobil Mercy mengalami kerusakan
pada bagian depan, lampu sisi kanan serta, ban, serta kaca spion Mercy
tersebut dalam kondisi rusak.

Tampak seorang pria yang diduga pelaku pencurian dengan wajah babak belur
menggunakan kemeja dikerubungi oleh sekelompok orang. Pria itu kemudian
digiring masuk ke dalam Mercy tersebut.

Ketiga pelaku yang berinisial Y (52), A (52), serta W (44) itu terciduk oleh
korban pemilik rumah berinisial AN sedang mencongkel pintu.

""Adapun awal mula kejadian, menurut keterangan korban AN, pada saat itu korban
baru sampai depan rumah, kemudian korban melihat ada dua orang laki laki tidak
dikenal sedang mencongkel pintu rumah,"" kata Zulpan dalam keterangannya, Sabtu
(30/4/2022).

  
 _Baca di halaman selanjutnya: para pelaku dikejar massa._

 __

[Gambas:Video 20detik]

  
  

Selanjutnya __

Halaman

1  2  3

 ",www.detik.com
Petinggi CIMB Niaga Absen Pemeriksaan Terkait Perampokan Kepala HRD,"Selasa, 19 Apr 2022 20:02 WIB","\-

Petinggi CIMB Niaga mangkir dari pemeriksaan polisi terkait kasus perampokan
BJB yang melibatkan salah satu pegawainya, BS (43). Polisi akan melayangkan
panggilan kedua kepada petinggi CIMB Niaga tersebut.

Sedianya, petinggi CIMB Niaga ini diperiksa polisi pada Senin (18/4) kemarin.
Namun, petinggi CIMB Niaga tidak memenuhi panggilan polisi.

""Panggilan pertama tidak datang,"" ujar Kapolres Metro Jakarta Selatan Kombes
Budhi Herdi Susianto saat dihubungi, Selasa (19/4/2022).

Budhi tidak menjelaskan lebih lanjut alasan mangkirnya petinggi CIMB Niaga
ini. Namun, Budhi mengatakan pihaknya menyiapkan panggilan kedua kepada
petinggi CIMB Niaga tersebut.

""Sedang diproses panggilan kedua,"" kata Budhi.

### Atasan Tersangka BS Dipanggil Polisi

Diberitakan sebelumnya, polisi memanggil atasan BS di CIMB Niaga. BS adalah
tersangka perampokan di BJB Cilandak, Jaksel, yang mengaku sebagai Kepala HRD
di CIMB Niaga.

Menurut Kasat Reskrim Polres Metro Jakarta Selatan AKBP Ridwan Soplanit, pihak
bank yang nantinya diperiksa polisi ini selevel direktur.

""Langsung selevel direktur ya, di atas dia. Kategorinya BS kan direktur
_finance_ apa _gitu_. Jadi, berdasarkan hasil keterangan dia, bank itulah bisa
kita lihat posisi dia sebenarnya. Makanya kita minta konfirmasi bank,"" tutur
Ridwan, Sabtu (16/4).

Sebelumnya, CIMB Niaga buka suara terkait kasus perampokan kepala HRD, BS
(43). CIMB Niaga menyatakan menghormati proses hukum.

""CIMB Niaga menghormati proses hukum yang berjalan dan akan mendukung proses
hukum tersebut jika diperlukan,"" ujar Media Relation Executive Marketing,
Brand & Customer Experience CIMB Niaga, Moh Hanifudin Mahfud, dalam
keterangannya, Senin (18/4/2022).

  
 _Baca di halaman selanjutnya: aksi perampokan kepala HRD bergaji Rp 60 juta
per bulan._

Selanjutnya __

Halaman

1  2

 ",www.detik.com
"Ditangkap Polisi, Ini Penampakan 9 Begal 2 Prajurit TNI di Jaksel","Selasa, 10 Mei  2022 14:30 WIB","\-

Polres Metro Jakarta Selatan menggelar konferensi pers terkait kasus begal
terhadap dua prajurit TNI di Kebayoran Baru, Jakarta Selatan (Jaksel).
Kesembilan tersangka dihadirkan dalam konferensi pers tersebut.

Pantauan , Selasa (10/5/2022) pukul 14.15 WIB, para tersangka digiring polisi
menuju halaman Mapolres Metro Jakarta Selatan, Jalan Wijaya II, Kebayoran
Baru, Jaksel. Sebagian wajah para pelaku tampak tertutup sebo.

Para pelaku memakai baju tahanan berwarna oranye. Usai ditampilkan, para
tersangka kembali dibawa masuk.

Sejumlah barang bukti turut ditampilkan dalam konferensi pers tersebut. Di
antaranya tiga unit sepeda motor, sejumlah ponsel pelaku, pakaian, dan batako
yang digunakan pelaku saat melakukan aksi begal.

![Polres Metro Jaksel menampilkan 9 pelaku begal yang aksinya digagalkan dua
prajurit TNI di Kebayoran Baru, Jaksel. Polisi juga menunjukkan sejumlah
barang bukti terkait kasus tersebut \(Rizky
AM/detikcom\)](https://akcdn.detik.net.id/community/media/visual/2022/05/10/polres-
metro-jaksel-menampilkan-9-pelaku-begal-yang-aksinya-digagalkan-dua-prajurit-
tni-di-kebayoran-baru-jaksel-polisi-juga-m-1.jpeg?w=4000)Polisi juga
menunjukkan sejumlah barang bukti terkait kasus tersebut. (Rizky AM/detikcom)  
  
---  
  
Diberitakan sebelumnya, polisi menangkap delapan begal dua prajurit TNI, Prada
Junior Noval Ibrahim dan Prada Ardian Sapta Savela, di Kebayoran Baru, Jaksel.
Total, ada 9 begal yang sudah ditangkap polisi.

""Iya betul. Delapan orang (ditangkap),"" kata Kasat Reskrim Polres Metro
Jakarta Selatan AKBP Ridwan Soplanit saat dihubungi.

Kedelapan begal tersebut ditangkap pada Senin (9/5) kemarin. Sebelumnya,
polisi telah mengamankan M Rizky, yang juga menjadi salah satu komplotan
begal.

Seperti diketahui, 2 anggota TNI AD, Prada Junior Noval Ibrahim dan Prada
Ardian Sapta Savela, menggagalkan aksi begal yang menimpa keduanya di
Kebayoran Baru, Jaksel.

Kabid Humas Polda Metro Jaya Kombes Endra Zulpan menjelaskan peristiwa
pembegalan itu terjadi pada Sabtu (7/5) sekitar pukul 05.00 WIB di Jl Bumi,
Kebayoran Baru, Jakarta Selatan, tepatnya di depan SMPN 29 Jakarta.

""Benar, pada Sabtu, 7 Mei pukul 05.00 pagi hari, telah terjadi pembegalan
terhadap pengendara roda dua yang kebetulan adalah anggota TNI. Kemudian
dicoba dihentikan 4 motor pelaku begal,"" jelas Kombes Zulpan kepada wartawan
di Polda Metro Jaya, Jakarta, Senin (9/5).

![Polres Metro Jaksel menampilkan 9 pelaku begal yang aksinya digagalkan dua
prajurit TNI di Kebayoran Baru, Jaksel. Polisi juga menunjukkan sejumlah
barang bukti terkait kasus tersebut \(Rizky
AM/detikcom\)](https://akcdn.detik.net.id/community/media/visual/2022/05/10/polres-
metro-jaksel-menampilkan-9-pelaku-begal-yang-aksinya-digagalkan-dua-prajurit-
tni-di-kebayoran-baru-jaksel-polisi-juga-m-2.jpeg?w=4000)Tiga motor pelaku
begal (Rizky AM/detikcom)  
  
---  
  
Para pelaku saat itu menyuruh kedua anggota TNI tersebut untuk berhenti.
Kemudian, kedua anggota TNI itu menepi, salah satu pelaku berteriak 'berhenti,
kita begal, nih'.

""Korban kemudian melakukan perlawanan. Akibat perlawanan ini membuat keempat
pelaku mencoba lari, kemudian dilakukan pengejaran oleh korban,"" imbuhnya.

Dalam pengejaran itu, salah satu anggota TNI tersebut menendang salah satu
motor pelaku. Akibatnya, pelaku terjatuh dari motor.

""Kemudian, akibat terjatuh, salah satu pelaku diamankan. Salah satu pelaku
atas nama Muhammad Rizky ini berhasil diamankan dan sudah ditangani Polsek
Kebayoran Baru,"" ungkapnya.

[Gambas:Video 20detik]

  
  
  

 ",www.detik.com
Salah Satu Pembegal Amaq Sinta Ternyata Anak di Bawah Umur,"Selasa, 19 Apr 2022 23:04 WIB","\-

Salah satu dari empat pembegal Murtede alias Amaq Sinta (34) ternyata masih
tergolong anak anak. Ia adalah H, salah satu dari dua begal yang selamat.

Dalam konferensi pers yang digelar di Polda Nusa Tenggara Barat (NTB) Senin
(18/4/2022), terungkap bahwa tersangka H merupakan warga Lombok Tengah yang
masih berusia 17 tahun. Di mata hukum Indonesia, usia di bawah 18 tahun masih
tergolong anak di bawah umur.

Sementara rekannya sesama begal yang juga selamat dari Amaq Sinta W, berusia
22 tahun.

  

""Tersangka W, 22 tahun, warga Lombok Tengah. Tersangka H, laki laki, 17 tahun,
asal Lombok Tengah,"" ujar Kabid Humas Polda NTB Kombes Artanto.

H diketahui tidak banyak berperan dalam aksi pembegalan itu. Ia yang
mengendarai sepeda motor dan membonceng W.

Saat tiba di tempat kejadian perkara dan melihat dua rekannya, atas nama P dan
O, sudah terkapar, diketahui W sempat turun dari sepeda motor dan mencoba
menyerang Amaq Sinta dengan senjata tajam yang dibawanya. Sementara itu, H
memilih tetap diam di atas motornya.

Saat W merasa terpojok dan memilih melarikan diri, ia langsung naik kembali ke
sepeda motor yang dikendarai H. H lantas mengegas motornya dengan kecepatan
tinggi. Keduanya kabur dari tempat kejadian perkara.

Dalam jumpa pers tersebut, H tidak dihadirkan dengan alasan sedang menjalani
penahanan di Polres Lombok Tengah. Polda NTB hanya menghadirkan W yang memang
ditahan di Rutan Polda NTB.

Beberapa barang bukti juga diperlihatkan dalam jumpa pers tersebut. Termasuk
diantaranya senjata tajam yang dimiliki oleh W dan dua tersangka lain yang
telah tewas di tangan Amaq Sinta, O dan P.

Diketahui bahwa H merupakan satu satunya anggota begal yang tidak membawa
senjata tajam.

Meski masih di bawah umur, proses hukum terhadap H bakal tetap dilakukan.
Menurut Direktur Reserse Kriminal Umum Polda NTB, Kombes Hari Brata, proses
hukum terhadap H akan tetap berjalan sesuai sistem peradilan anak.

""Proses hukumnya sekarang berjalan di Polres Lombok Tengah,"" tegas Hari. Baik
W dan H akan dijerat dengan Pasal 365 KUHP tentang pencurian dengan kekerasan.

""Ancaman hukumannya 12 tahun penjara,"" tegas Hari.

Kasus begal dengan korban Amaq Sinta sempat menjadi sorotan karena keputusan
penyidik Polres Lombok Tengah yang justru menetapkan Amaq Sinta yang merupakan
korban begal sebagai tersangka pembunuhan. Itu karena saat menghadapi begal
begal tersebut, Amaq Sinta melakukan pembelaan diri dengan pisau yang
dibawanya hingga menewaskan dua dari empat orang begal.

Namun Polda NTB yang mengambil alih kasus itu akhirnya memutuskan menghentikan
penyidikan atas kasus Amaq Sinta sebagai tersangka pembunuhan. Kini Amaq Sinta
sudah tidak lagi menyandang status tersangka. Namun petani asal Lombok Tengah
itu masih harus berurusan dengan polisi sebagai saksi korban atas kasus
pembegalan itu.

  
  
  
[Gambas:Video 20detik]  

 ",www.detik.com
Miris! Ibu di Riau Paksa Anak Gadis Layani Nafsu Ayah Tirinya,"Sabtu, 09 Apr 2022 12:48 WIB","\-

Sungguh tega kelakuan seorang ibu di Kuantan Singingi, Riau, terhadap anak
gadisnya. Ibu berinisial IN itu menyerahkan kehormatan darah dagingnya kepada
suami barunya, yang merupakan ayah tiri korban.

Dilansir, korban yang berusia 17 tahun itu dipaksa berhubungan intim dengan
ayah tirinya sebanyak enam kali. Kini ibu korban dan ayah tiri korban ditahan
terkait kasus dugaan pemerkosaan di Mapolres Kuantan Singingi.

""Terakhir kali beraksi, Selasa, 5 April 2022. Semua dilakukan di kediaman
mereka di daerah Sentajo Raya,"" terang Kasat Reskrim Polres Kuantan Singingi
AKP Boy Marudut Tua kepada , Sabtu (9/42022).

Boy mengatakan ibu korban mengaku menikah dengan suami barunya 4 bulan lalu.
Namun pernikahan tak dilakukan secara negara maupun agama.

Boy menjelaskan kasus pemerkosaan gadis 17 tahun itu terjadi ketika pelaku SF
mengajak IN berhubungan badan. Namun IN tidak bisa menuruti nafsu suaminya
karena sakit.

Tak ingin mengecewakan suami barunya, IN menyuruh anak gadisnya untuk
menggantikannya. Pelaku SF tak menolak dan malah memperkosa korban berkali-
kali.

Simak selengkapnya di sini.

[Gambas:Video 20detik]

  
  

 ",www.detik.com
Perampok Sadis yang Habisi Sekuriti Studio Foto Sempat Kabur ke Kebumen,"Rabu, 30 Mar 2022 13:31 WIB","\-

Polisi menangkap satu orang pelaku perampokan yang menewaskan sekuriti studio
foto, Supriyono (37), di Kota Semarang. Pelaku berinisial RIS alias Cipling
(24) itu sempat kabur ke Kebumen.

""Polda Jateng berdasarkan bukti-bukti di TKP kemudian mengembangkan
penyelidikan dan berhasil menangkap tersangka di Kebumen,"" ujar Kabid Humas
Polda Jateng Kombes M Iqbal Alqudusy dalam rilis yang diterima, Rabu
(30/3/2022).

Dari tangan pelaku, polisi menyita sejumlah barang seperti kamera hingga
lensa.

""Dari pelaku berhasil diamankan barang bukti berupa satu unit sepeda motor
Honda Supra X 125 warna hitam, tiga buah lensa kamera merek Sony warna hitam
dan satu buah kamera drone warna hitam,"" ujar Iqbal.

Saat ini pelaku masih diperiksa di Ditreskrimum Polda Jateng. Pihak kepolisian
masih mendalami kasus perampokan yang menewaskan sekuriti studio foto itu
tersebut.

""Untuk temuan fakta-fakta lain saat ini masih dalam tahap pemeriksaan petugas.
Untuk rilis atau press conference secara lengkap akan disampaikan kemudian,""
terangnya.

Sebelumnya, seorang sekuriti di studio foto yang diketahui bernama Supriyono
(37) ditemukan tewas di tempatnya bekerja, Jalan Diponegoro, Gajahmungkur,
Kota Semarang, Selasa (30/3). Korban tewas dengan luka tusuk di tubuhnya.

""Dari penyelidikan awal kita temui adanya tanda-tanda tusukan pada korban
kemudian kita temui juga ada barang bukti terkait pisau yang diduga digunakan
untuk menusuk,"" kata Kasat Reskrim Polrestabes Semarang AKBP Donny
Lombantoruan saat di lokasi.

  
  
  
[Gambas:Video 20detik]  

 ",www.detik.com
"Doakan Pencuri Dapat Hidayah, Warga Klaten Ini Langsung Temukan Motornya","Selasa, 07 Jun 2022 09:40 WIB","\-

Seorang warga Desa Ceporan, Kecamatan Gantiwarno, Klaten, Widodo kehilangan
sepeda motornya yang terparkir di halaman rumah, Senin malam (6/6/2022).

Bukannya lapor polisi, dia justru mengunggah nasib yang menimpanya ke Facebook
sembari mendoakan agar pencurinya mendapat hidayah.

Ajaibnya, sepeda motor yang hilang itu langsung ditemukan pagi harinya.

Kepada , Widodo menceritakan pada saat itu dia baru saja pulang bekerja pada
malam hari sekitar pukul 20.30 WIB. Seperti biasa, dia memarkir motor jenis
Honda Astrea Grand miliknya di halaman rumah.

''Saya pulang dari pasar sekitar pukul 20.30 WIB. Kemudian sampai rumah
mungkin terus ketiduran dan lupa kalau motor belum saya masukkan,"" tutur
Widodo, Selasa pagi (7/6/2002).

Pada malam hari Widodo terbangun dan teringat bahwa motor yang biasa
digunakannya untuk berjualan makanan ringan itu masih berada di luar. Kunci
kontak motor tersebut juga masih menempel di kendaraan.

Saat memeriksa ke halaman rumah, ternyata sepeda motornya itu sudah raib.
Bukannya lapor ke polisi, dia memilih mengunggah kejadian yang dialaminya di
salah satu grup Facebook sambil mendoakan orang yang mencuri motornya.

""Yang mencuri sepeda motorku ini semoga mendapat hidayah dari Alloh SWT,""
tulis Widodo di grup Facebook Prambanan Community pada Senin dini hari.

Ajaibnya, pada pagi hari ini dia mendapat kabar dari seseorang bahwa sepeda
motornya telah ditemukan. Ternyata sepeda motornya bukan digasak pencuri.
Motor itu diambil oleh warga yang menderita gangguan jiwa.

Beruntung, di bawah jok motor ada surat dari sekolah anak Widodo sehingga
warga yang menemukan bisa mengembalikan motor tersebut.

""Yang ambil ODGJ. Tadi ada warga ngabari ke rumah kebetulan di (bawah) jok ada
surat dari sekolah anak saya,"" kata Widodo.

  
  
  
[Gambas:Video 20detik]  

 ",www.detik.com
"Sayembara Cari Anjing Dicuri Berhadiah Rp 10 Juta, 3 Pencuri Ditangkap","Selasa, 03 Mei  2022 20:00 WIB","\-

Polisi menangkap 3 terduga pelaku pencurian anjing yang terekam CCTV hingga
viral di media sosial di Kabupaten Minahasa Utara (Minut), Sulawesi Utara
(Sulut). Ketiga pelaku saat ini masih diperiksa intensif di Polres Minut.

""Iya (pelaku) sudah ditangkap. Masih sementara penyelidikan,"" kata Kasat
Reskrim Polres Minahasa Utara AKP Fandi Ba'u kepada , Selasa (3/5/2022).

Ketiga terduga pelaku masing-masing berinisial RM (31), SL (39), dan SM (28).
Mereka ditangkap di wilayah Kecamatan Wanea dan Kecamatan Karombasan sekitar
pukul 05.00 Wita, subuh tadi.

  

""Sekitar pukul 05.00 Wita menemukan terduga terlapor yang berada di Kecamatan
Wanea dan Karombasan,"" ungkap Fandi.

## Pemilik Anjing Minta Pelaku Diseret hingga ke Pengadilan

Sementara itu, pemilik anjing bernama Hendrik Kawilarang Luntungan menolak
damai dengan ketiga terduga pelaku. Dia meminta kasus ini lanjut hingga ada
putusan pengadilan.

""Yang kita harapkan dengan kejadian pa kita (saya) ini Kapolres bisa tegas
untuk menegakkan hukum. Artinya kasus ini bisa diproses sampai P21, sampai
diproses ke kejaksaan, dan diputuskan di pengadilan oleh hakim. Itu yang kita
minta supaya Kapolres bisa tegas,"" kata Hendrik dalam wawancara terpisah.

Dia menilai selama ini penegakan hukum terkait kriminalitas hewan ternak masih
lemah. Padahal masyarakat menaruh harapan besar terhadap polisi untuk dapat
mengusut tuntas kasus tersebut.

Hendrik sebelumnya memang membuat sayembara hadiah Rp 10 juta bagi yang
memberikan informasi keberadaan pelaku atau anjing miliknya yang dicuri pada
Jumat (29/4). Dia lalu mengaku tak sedikit orang menghubungi dan menyarankan
agar tidak melanjutkan sayembara itu karena mereka juga ada yang mengaku
sebagai korban namun pelaku tidak diproses hukum.

""Kalau pun sampai nggak bisa (sampai putusan pengadilan), berarti ada masalah
dengan hukum kita. Banyak sekali yang _chating_ di FB, orang pencinta anjing
waktu itu mengaku mengalami kejadian seperti ini tapi tahanan hanya ditahan
1x24 jam tapi dilepas. Berarti ada masalah dengan undang-undang kita,""
katanya.

Diberitakan sebelumnya, sayembara yang dibuat Hendrik viral di medsos. Aksi
pencurian anjing itu juga terekam CCTV.

Dalam video beredar, tampak satu unit mobil berwarna hitam dengan kursinya
berwarna merah berhenti di depan rumah. Kemudian terlihat seorang pria yang
keluar dari mobil tersebut.

Tampak pria itu menggunakan _hoodie_ berwarna hitam dengan celana jeans pendek
menghampiri anjing yang ada di depan rumah. Tak berselang lama, pria itu
lantas menangkap anjing itu dan membawanya ke dalam mobil.

  
  
  
[Gambas:Video 20detik]  

 ",www.detik.com
"Siasat Neneng Tutupi 'Jejak' Pembunuhan, Ganti Baju Dini Bernoda Darah","Kamis, 19 Mei  2022 15:57 WIB","\-

Neneng Umaya (24) merencanakan pembunuhan Dini Nurdiani (27) dengan
mempersiapkan peralatan dari rumah. Tersangka Neneng Umaya bahkan menyiapkan
baju ganti buat Dini untuk menutupi jejak pembunuhannya itu.

Kabid Humas Polda Metro jaya Kombes Zulpan mengatakan tersangka Neneng
membuang jasad Dini Nurdiani di Kranggan, Jatisampurna, Bekasi. Sebelum
melarikan diri, Neneng mengganti baju Dini yang bernoda darah dengan baju yang
ia siapkan.

""Iya (buang mayat) sendiri. Dengan pakaian yang disiapkan ini agar darahnya
tidak berceceran,"" kata Zulpan dalam jumpa pers di Polda Metro Jaya, Kamis
(19/5/2022).

Zulpan menambahkan pakaian ganti ini juga Neneng siapkan sebagai siasat untuk
menutupi jejak pembunuhan Dini Nurdiani.

""Tersangka menggunakan pakaian yang sudah dia siapkan kepada korban dengan
maksud agar tidak nampak sebagai korban pembunuhan,"" ujarnya.

### Sempat Ingatkan Korban untuk Menjauhi Suaminya

Pembunuhan Dini Nurdiani ini dilatari motif cinta segitiga antara Dini,
Neneng, dan suami Neneng, ID (27). Polisi mengungkapkan Neneng sebelumnya
pernah mengingatkan Dini Nurdiani untuk menjauhi suaminya tapi tidak digubris.

Zulpan menjelaskan tersangka merencanakan pembunuhan Dini Nurdiani setelah
membongkar _chat_ di WhatsApp suaminya. Setelah mengetahui _chat_
perselingkuhan itu, Neneng menghubungi Dini untuk menjauhi suaminya.

""Setelah mendapat percakapan di _handphone_ suaminya, tersangka sudah berikan
peringatan ke korban, menurut pengakuannya,"" kata Zulpan.

Namun peringatan Neneng Umaya ini tidak dihiraukan. Dini Nurdiani masih
melanjutkan hubungan asmara terlarang dengan suami Neneng hingga membuat
Neneng murka.

""Namun hubungan korban dan suaminya masih berlanjut. Inilah yang buat
Tersangka melakukan perencanaan pembunuhan korban,"" tuturnya.

Neneng lalu menyusun rencana untuk membunuh korban. Neneng mengajak korban
bertemu dengan mengaku sebagai ID.

[Gambas:Video 20detik]

  
  
  

 ",www.detik.com
"Pencuri Duit Waka DPRD Bone Rp 640 Juta Jadi 5 Orang, Pakai Beli Chip","Senin, 30 Mei  2022 02:30 WIB","\-

Polisi sudah menahan lima pelaku pencurian uang milik Wakil Ketua (Waka) DPRD
Kabupaten Bone Andi Wahyudi Taqwa sebesar Rp 640 juta. Uang curian itu diakui
pelaku digunakan untuk membeli chip Higgs Domino dan ponsel.

""Iya betul (uang digunakan beli chip dan ponsel). Sudah lima pelaku
diamankan,"" kata Kapolsek Tanete Riattang Kompol Andi Iqbal kepada , Minggu
(29/5/2022).

Sebelumnya polisi mengamankan empat pelaku masing-masing RA (16), DR (19), SY
(25), dan MA (17). Kemudian FA (17) menyerahkan diri ke polisi pada Jumat
(13/5).

  

Dari hasil keterangan FA, uang itu digunakan untuk membeli ponsel jenis
IPhone. Selain itu FA juga sempat menggunakan uang itu untuk membeli chip
sebesar Rp 3 juta.

""Pada dasarnya mereka semua gunakan untuk foya-foya,"" tambahnya.

Iqbal menuturkan, FA sudah dua kali masuk ke gudang milik Wahyudi. Uang yang
diambil pertama kali senilai Rp 800 ribu. Kemudian ia diberikan oleh pelaku
lainnya Rp 50 juta. Ada juga yang memberikan Rp 15 juta.

FA sejak dulu memang sering berkumpul bersama teman-temannya di rumah Wahyudi
untuk numpang menggunakan Wifi. Dia juga disebut tidak menyangka ada uang
ratusan juta yang disimpan di sebuah ruangan kosong.

""Uangnya katanya uang pecahan Rp 100 ribu yang sangat banyak dan dibungkus
kayak paket barang. Uangnya diikat tali, dibungkus plastik hitam, lalu
dilakban,"" jelasnya.

Diberitakan sebelumnya, Polisi menetapkan 4 orang tersangka dalam kasus
pencurian uang Rp 640 juta milik Wakil Ketua DPRD Bone Andi Wahyudi Taqwa.
Para tersangka kini ditahan polisi.

""Empat orang pelaku sudah jadi tersangka pencurian uang Pak Wakil,"" kata
Kapolsek Tanete Riattang Kompol Andi Iqbal kepada Kamis (25/5).

Kompol Andi mengatakan empat tersangka yakni RA (16), DR (19), SY (25), dan MA
(17) mengakui masuk dan mengambil uang yang tersimpan di dalam gudang dalam
rumah korban di Jalan Sungai Musi, Kecamatan Tanete Riattang, Kabupaten Bone,
Desember 2021 lalu.

""Tidak diambil sekaligus uangnya. Mereka berulang kali masuk ke dalam tempat
penyimpanan uang. Setelah diketahui pemilik maka langsung dilaporkan,"" sebut
Iqbal.

  
  
  
[Gambas:Video 20detik]  

 ",www.detik.com
Polisi Rekonstruksi Pembunuhan Sadis Waria Minahasa yang Jantungnya Ditarik,"Selasa, 17 Mei  2022 10:27 WIB","\-

Polisi hari ini melakukan rekonstruksi kasus pembunuhan waria berinisial HM
(49) di Kabupaten Minahasa, Sulawesi Utara (Sulut). Rekonstruksi dilakukan
langsung di tempat korban dibunuh dan ditarik jantungnya oleh tersangka RK
(31).

Pantauan di lokasi pembunuhan yakni di salon kecantikan milik korban,
Kelurahan Wawalintouan, Kecamatan Tondano Barat, Minahasa, Selasa (17/5/2022)
sekitar pukul 11.00 Wita, jajaran Reskrim Polres Minahasa sudah di lokasi.
Rekonstruksi juga dihadiri pihak Kejaksaan Negeri Minahasa.

Dalam rekonstruksi, polisi sedikitnya menghadirkan enam saksi ke lokasi.
Tersangka RK juga dihadirkan dengan menggunakan minibus dan dijaga ketat oleh
dua personel kepolisian.

  

Terlihat pula aparat memasang garis polisi di depan salon kecantikan korban
dalam rangka mengamankan lokasi rekonstruksi. Sejumlah aparat kepolisian
bersenjata juga terlihat berjaga di lokasi.

Sementara di sekitar lokasi rekonstruksi, terlihat warga berbondong-bondong
datang menyaksikan proses rekonstruksi kasus pembunuhan yang membuat geger
tersebut. Namun warga diminta jaga jarak dari radius sekitar 3 meter dari
lokasi pembunuhan.

Hingga berita ini diturunkan, petugas sudah memulai rekonstruksi adegan demi
adegan. Sejauh ini sudah ada 6 adegan rekonstruksi yang diperagakan.

![Pembunuhan sadis waria ditarik jantungnya di Minahasa direkonstruksi polisi
\(detikcom/Trisno
Mais\)](https://akcdn.detik.net.id/community/media/visual/2022/05/17/pembunuhan-
sadis-waria-ditarik-jantungnya-di-minahasa-direkonstruksi-polisi-
detikcomtrisno-mais-1_169.jpeg?w=620)Foto: Pembunuhan sadis waria ditarik
jantungnya di Minahasa direkonstruksi polisi (detikcom/Trisno Mais)  
  
---  
  
## Peristiwa Pembunuhan Waria yang Ditarik Jantungnya

Waria HM di Minahasa dibunuh secara sadis menggunakan martil, gunting hingga
pisau. Pelaku RK merupakan rekan korban sendiri.

Pelaku dan korban awalnya pergi ke Desa Passo, Minahasa untuk melakukan
dekorasi pesta pernikahan. Setelah menyelesaikan pekerjaannya, korban dan
pelaku sempat sama-sama pergi ke Kota Tomohon untuk membeli 4 kardus obat
batuk cair kemasan saset.

""Pada saat itu, korban memberikan uang kepada pelaku sebanyak Rp 250 ribu dan
pelaku pergi membelinya sebanyak 4 dos,"" kata Kapolres Minahasa AKBP Tommy
Bambang Souissa saat dikonfirmasi , Jumat (30/4).

Dari Kota Tomohon, korban dan pelaku kembali ke Kelurahan Wawalintouan,
Kecamatan Tondano Barat, Kabupaten Minahasa. Selanjutnya korban masuk ke kamar
untuk tidur sementara pelaku duduk sambil mengkonsumsi obat batuk cair
tersebut sebanyak 20 saset.

Tak lama kemudian, pelaku lagi-lagi membeli dan mengkonsumsi dengan jumlah
yang sama. Setelah itu pelaku lantas melakukan penganiayaan menggunakan
martil.

""Sekitar pukul 05.30 Wita pelaku menuju ke dapur untuk mengambil martil yang
berada di lemari dapur. Setelah itu pelaku kembali ke kamar dan duduk di atas
tempat tidur di samping korban dan langsung memukul korban dengan martil di
bagian kepala berkali-kali,"" kata Tommy.

Tidak sampai di situ, RK kembali melukai dada korban. Secara keji RK juga
menarik jantung korban dan meremasnya dengan tujuan memastikan korban benar-
benar mati.

## Motif Lain Diduga karena Cinta Segitiga

Polisi juga mengungkapkan motif lain pelaku membunuh korban HM karena ada
cinta segitiga sesama jenis dengan laki-laki lain. Pelaku disebut cemburu dan
dendam karena korban menjalin cinta segitiga.

""Iya cemburu dan dendam (karena cinta segitiga sesama jenis),"" kata AKBP Tommy
Bambang Souissa saat dikonfirmasi , Sabtu (30/4).

Namun, polisi belum menjelaskan duduk perkara cinta segitiga sesama jenis
tersebut. Akan tetapi, pelaku RK juga diduga dendam karena korban sudah tidak
pernah lagi memberikan uang kepadanya.

""Karena pelaku sudah jarang diberi uang oleh korban,"" beber Tommy.

  
  
  
[Gambas:Video 20detik]  

 ",www.detik.com
Terungkap Misteri Mayat dalam Karung Kini Pembunuh Ditangkap,"Rabu, 01 Jun 2022 21:32 WIB","\-

Teka-teki mayat pria yang ditemukan berada dalam karung di bekas galian pasir
di Legok, Tangerang, akhirnya terungkap. Identitas korban pun telah dikantongi
penyidik.

Jasad korban menggegerkan warga sekitar pada Selasa (31/5). Korban ditemukan
dalam keadaan tanpa busana terbungkus sebuah karung.

Polisi pun menduga korban tewas dibunuh. Pasalnya, saat ditemukan kepala
korban tertutup plastik dan mulut yang dilakban.

""Mayat terbungkus di dalam karung kepalanya dibungkus kantong plastik warna
hitam dan mulutnya dilakban bening,"" kata Kapolres Tangsel AKBP Sarly Sollu
saat dihubungi, Selasa (31/5).

Polisi lalu bergerak cepat melakukan penyelidikan. Kurang dari 24 jam pelaku
pembunuhan korban berhasil ditangkap.

### Identitas Korban

Polisi menyelidiki kasus penemuan mayat pria dalam karung yang ditemukan di
Legok, Kabupaten Tangerang. Identitas korban pun telah dikantongi pihak
kepolisian.

""Sudah kita temukan identitas korban,"" kata Kasat Reskrim Polres Tangerang
Selatan AKP Aldo Primananda Putra saat dihubungi, Rabu (1/6/2022).

Aldo mengatakan korban berinisial S. Jasad korban ditemukan pada Selasa (31/5)
berada di dalam sebuah karung dengan keadaan bugil.

""Korban inisial S warga Kelurahan Bojong Nangka, Kecamatan Kelapa Dua,
Kabupaten Tangerang,"" katanya.

### Korban Bekerja sebagai Pedagang

Selain berhasil mengantongi identitas korban, polisi juga telah mengetahui
pekerjaan korban. Kapolres Tangsel AKBP Sarly Sollu menyebut korban pria
inisial S bekerja sebagai pedagang.

""(Korban) pedagang biasa,"" kata Sarly

Korban merupakan warga yang berdomisili di Kecamatan Kelapa Dua, Kabupaten
Tangerang. Korban diperkirakan berusia 30 tahun.

 _Pelaku ditangkap kurang dari 24 jam. Simak di halaman selanjutnya:_

Selanjutnya __

Halaman

1  2

 ",www.detik.com
Maling di Klaten Ini Gagal Gasak Motor gegara Kunci Palsu Patah,"Jumat, 03 Jun 2022 18:15 WIB","\-

Aksi percobaan pencurian motor terjadi di depan sebuah toko di Desa Sorogaten,
Kecamatan Tulung, Klaten. Pencuri yang terdiri dari dua orang itu mencoba
menggasak motor jenis Vario yang sedang parkir.

Beruntung, aksi itu gagal gegara kunci palsu yang digunakan patah. Percobaan
pencurian motor itu juga tertangkap kamera CCTV.

Dalam video itu terlihat kedua maling itu datang berboncengan. Kemudian, salah
satu turun dan menghampiri sepeda motor Vario. Dia terlihat mengeluarkan
sebuah alat dan mengutak-atik bagian kontak motor.

Rupanya, pencuri itu gagal membuka paksa kontak tersebut. Namun mereka tidak
putus asa dan berpindah ke motor jenis Beat yang ada di sampingnya.

""Yang motor Beat itu milik saya. Saya curiga melihat CCTV di toko ada yang
mengutak-atik motor, langsung saya keluar,"" ungkap pemilik motor Beat, Widya
Dyah Rahmawati (18) kepada wartawan di lokasi, Jumat (3/6/2022) siang.

Melihat pemilik motor keluar, kedua maling itu akhirnya memilih melarikan
diri.

Menurut Widya, aksi percobaan pencurian itu terjadi pada Kamis petang (2/6).
Saat itu lingkungan di sekitar tokonya memang sedang sepi.

""Toko saat itu sepi karena warga ke masjid salat Maghrib. Saya (sedang)
sendiri. Pelakunya dua orang pria,"" jelas Widya.

Sedangkan pemilik Vario, Maryatun mengaku rugi Rp 200 ribu meski motornya
tidak jadi dicuri. Dia harus mengganti kontaknya. Sebab, alat yang digunakan
pencuri patah di dalam rumah kontak.

""Mengganti kunci yang rusak, semua habis Rp 200.000,"" ungkap Maryatun kepada
wartawan.

Terpisah, Wakapolsek Tulung, Iptu Karsan mengakui adanya kejadian itu. Hanya
saja, para pemilik motor memilih tidak melaporkan kasus percobaan pencurian
itu ke polisi.

""Pelaku dua orang menggunakan sepeda motor. Percobaan pencurian menggunakan
kunci palsu tapi gagal diketahui penjaga toko,"" kata dia.

  
  
  
[Gambas:Video 20detik]  

 ",www.detik.com
Bejat Ulah Remaja di Baubau Perkosa Bocah SD Saat Siang Hari di Ramadan,"Rabu, 13 Apr 2022 08:26 WIB","\-

Ulah bejat remaja pria inisial MA (19) di Kota Baubau, Sulawesi Tenggara
(Sultra) membuatnya berakhir di kantor polisi. MA ditangkap atas kasus
pemerkosaan bocah SD berusia 11 tahun.

""Iya pelaku (memperkosa korban) bulan puasa, terjadi saat hari puasa kedua
saat siang hari,"" ungkap Kapolres Baubau AKBP Erwin Pratomo kepada wartawan,
Selasa (12/4/2022).

Pelaku dan korban awalnya berkenalan melalui media sosial (medsos) pada Minggu
(3/4) lalu. Sehari setelahnya pelaku kemudian mengajak korbannya untuk bertemu
dengan berbagai alasan.

  

""Awalnya korban dan pelaku ini mereka tidak saling kenal, baru kenal lewat
media sosial itu,"" beber Erwin.

Korban lantas mengiyakan ajakan tersebut dan langsung dijemput pelaku di
sebuah salon pada Senin (4/4) pukul 11.20 Wita. Pelaku selanjutnya membawa
korban ke rumah rekannya di kawasan Tanah Abang.

""Ternyata rumah temannya terkunci, pelaku lantas bawa korban di kos temannya
yang lain,"" tutur Erwin.

Korban sempat bertanya dalam perjalanan akan dibawa ke mana oleh pelaku. Sebab
sudah tidak searah tujuan mereka yang awalnya hendak ke wilayah Pala 3 dan
pelaku saat itu tidak begitu menanggapi.

Saat tiba di indekos rekannya, pelaku menggencarkan aksinya dengan modus
mengajak korban lebih dulu berfoto bersama. Pelaku setelahnya langsung
melancarkan aksi tidak terpuji tersebut.

""Pelaku memaksa korban dan terjadilah tindakan pemerkosaan,"" kata Erwin.

Keluarga korban yang mengetahui kejadian tersebut lantas melapor ke polisi.
Tidak kurang dari 2 jam usai melapor, di hari yang sama pelaku berhasil
ditangkap di rumah keluarganya.

Atas perbuatannya, pelaku dijerat pasal berlapis tentang perlindungan anak
dengan ancaman 15 tahun penjara.

  
  
  
[Gambas:Video 20detik]  

 ",www.detik.com
Senangnya Warga di Surabaya Saat Terima Kembali Motor dan Mobil yang Dicuri,"Senin, 15 Nov 2021 22:20 WIB","\- Tiga korban pencurian motor dan penggelapan mobil di Surabaya semringah.
Kendaraan mereka yang sempat hilang, ditemukan polisi dan dikembalikan kepada
mereka.

Tiga korban tersebut hadir dalam penerimaan kendaraan mereka di Polsek
Tegalsari. Mereka sebelumnya telah melapor kehilangan kendaraan di wilayah
hukum polsek tersebut. Laporan itu direspon cepat oleh Unit Reskrim Polsek
Tegalsari.

Kapolsek Tegalsari AKP Dwi Nugroho mengatakan, pencurian pertama terjadi pada
31 Oktober di Jalan Kedungsari. Sebuah motor milik pengunjung hotel raib.

""Untuk curanmor di Jalan Kedungsari, laporan pada 31 Oktober. Kurang dari 1 x
24 jam, keesokan harinya sudah bisa diungkap,"" kata Dwi kepada wartawan di
Polsek Tegalsari, Senin (15/11/2021).

Dwi menjelaskan, saat kejadian, korban duduk di sofa hotel di Jalan Kedungsari
dan kunci motornya terjatuh. Saat itu pelaku berinisial IM (30) yang tidak
jauh dari lokasi korban, kemudian mengambil kunci tersebut dan membawa lari
motor milik korban.

""Pelaku yang awalnya tidak ada niat mencuri motor tersebut, setelah melihat
kunci motor tersebut akhirnya berubah. Yang tadinya akan menginap, mengambil
kunci tersebut,"" ungkap Dwi.

Korban yang merasa kehilangan motornya, kemudian membuat laporan ke Polsek
Tegalsari. ""Setelah itu, kita tindaklanjuti mendatangi TKP dan melihat CCTV
akhirnya terungkap,"" ujar Dwi.

Selain motor, Polsek Tegalsari juga menyerahkan dua mobil milik warga yang
menjadi korban penggelapan pada Bulan Juli lalu di Pandegiling. Kasus itu
diungkap 2 x 24 jam setelah laporan.

""Dari penangkapan tersangka NY, berhasil kita kembangkan ternyata ada TKP lain
di Gubeng,"" ungkap Dwi.

Atas terungkapnya kasus tersebut, Dwi mengimbau masyarakat tidak ragu untuk
segera melapor ke polisi. Dengan segala upaya, pihaknya akan melayani
masyarakat dan mengungkap kasus yang dilaporkan.

Selanjutnya __

Halaman

1  2

 ",www.detik.com
"3 Perampok Berpistol di Minimarket Tangerang Diburu Polisi, Ini Ciri-cirinya","Rabu, 20 Apr 2022 15:53 WIB","\-

Polisi memburu komplotan perampok bersenjata api yang menyekap karyawan
minimarket di Pagedangan, Kabupaten Tangerang. Pelaku berjumlah tiga orang.

""Pelaku tiga orang laki-laki bermasker, 2 orang pelaku menggunakan helm dan 1
menggunakan topi. Mereka berpura-pura masuk sebagai pembeli saat proses tutup
toko,"" ucap Kasat Reskrim Polres Tangerang Selatan AKP Aldo Primananda Putra
saat dihubungi, Rabu (20/4/2022).

Perampokan yang dilakukan tiga orang ini berhasil mencuri uang di dalam
minimarket sebanyak sekitar Rp 70 juta. Aldo membeberkan bahwa pada saat
timnya datang ke lokasi, para pelaku sudah melarikan diri.

Ia menegaskan tidak ada baku tembak antara pelaku dan polisi. Suara letusan
tembakan tersebut merupakan tembakan peringatan dari polisi.

""Jadi tidak ada baku tembak. Polisi mengeluarkan tembakan peringatan sebelum
masuk ke dalam TKP karena diinfokan oleh korban ada salah satu pelaku yang
menggunakan senjata api. Kurang-lebih ditaksir uang yang diambil pelaku ini
sekitar Rp 70 juta yang terdiri dari uang di brankas sekitar Rp 40 juta dan di
kasir sekitar Rp 30 juta,"" ungkapnya.

Pelaku yang membawa sajam dan senpi berusaha menggiring para pekerja
minimarket ke lantai dua. Di sinilah para korban dikunci dari luar oleh pelaku
sebelum kabur menggondol uang Rp 70 juta.

""Kondisi tiga pegawainya baik-baik saja tidak luka-luka,"" ujar Aldo.

Aldo menduga bahwa para pelaku ini sudah terlebih dahulu mengintai sasaran
TKP. Menurutnya, hal ini berdasarkan dugaan para pelaku yang sudah mengetahui
lokasi brankas minimarket tersebut.

""Itu masih kita selidiki, ada dugaan pelaku sudah menggambarkan lokasi di
TKP,"" kata Aldo.

Aldo mengatakan saat ini para pelaku dalam pengejaran pihaknya. Nomor polisi
yang terdapat pada motor yang dibawa para pelaku masih dalam penyelidikan.

""Dalam penyelidikan ya,"" jelasnya.

[Gambas:Video 20detik]

  
  

 ",www.detik.com
"Digagalkan 2 TNI, 9 Begal di Kebayoran Baru dalam Pengaruh Miras Saat Beraksi","Senin, 09 Mei  2022 13:46 WIB","\-

Komplotan begal berupaya membegal dua pria di Kebayoran Baru, yang ternyata
dua pria itu adalah anggota TNI. Satu begal berhasil ditangkap. TNI menyatakan
begal berada di bawah pengaruh minuman keras.

""Diduga dalam melancarkan aksinya, sembilan pelaku begal dalam pengaruh
minuman keras/beralkohol,"" demikian keterangan tertulis TNI, Senin (9/5/2022).

Aksi pembegalan itu terjadi di jalanan sekitar SMPN 29 Jakarta Selatan, Sabtu
(7/5) awal pagi. Ada sembilan orang dengan tiga motor yang berusaha membegal
dua anggota TNI, yakni Prada Junior Noval dan Prada Ardian. Dua anggota TNI
ini baru selesai berbelanja.

""Sembilan orang mencoba menghentikan kendaraan dua personel TNI,"" kata TNI
dalam keterangan tertulis.

Dalam aksinya, gerombolan begal itu melemparkan batu ke arah dua prajurit TNI
tersebut. Namun, serangan batu itu tak berhasil melukai dua prajurit TNI itu.

Korban yang merupakan anggota TNI mencoba melakukan perlawanan dengan
menendang salah satu motor pelaku hingga terjatuh.

Dari sembilan begal, ada satu pelaku yang berhasil ditangkap tentara itu.
Delapan pelaku lain berhasil melarikan diri. Satu orang yang tertangkap itu
dibawa ke Markas Polsek Kebayoran Baru.

 ",www.detik.com
Bekas Tukang Sapu di Prancis Diadili Atas Pemerkosaan Berantai,"Jumat, 10 Jun 2022 15:04 WIB","\-

Seorang mantan tukang sapu diadili atas puluhan tindak pemerkosaan dan
kekerasan seksual yang terjadi di wilayah Prancis dan Belgia selama bertahun-
tahun. Pria berusia 61 tahun ini telah mengakui rentetan serangan seksual yang
dilakukannya.

Seperti dilansir _AFP_ , Jumat (10/6/2022), Dino Scala mulai diadili di
Prancis pada Jumat (10/6) waktu setempat, setelah ditangkap tahun 2018 lalu di
wilayah Prancis bagian utara. Dia dijuluki 'Pemerkosa Sambre' yang diambil
dari nama sungai yang mengalir di dekat sejumlah kota di sepanjang perbatasan
Prancis-Belgia di mana dia melancarkan aksi bejatnya selama bertahun-tahun.

Scala mengakui telah melakukan sekitar 40 pemerkosaan dan penyerangan seksual
yang dia kaitkan dengan 'kompulsi' atau dorongan yang tidak terkendali.
Dilaporkan bahwa korban termuda berusia 13 tahun, sedangkan korban tertua
berusia 48 tahun.

Sebagian besar korban diserang dengan cara yang sama, yakni dikejutkan di
tengah jalanan yang sepi pada dini hari saat musim dingin, kemudian dicekik
dan diseret ke semak-semak atau pepohonan terdekat.

Scala diketahui merupakan mantan petugas kebersihan atau tukang sapu di sebuah
area industri dan juga menjabat sebagai kepala klub sepakbola lokal. Dia
digambarkan sebagai sosok yang mudah membaur dan suka bergaul oleh penduduk
setempat di kota Pont-sur-Sambre usai penangkapannya.

Dituturkan pengacara Scala, Margaux Mathieu, bahwa kliennya 'telah mengakui
dengan bebas sejak awal' dan ingin 'menjelaskan sendiri dan menjawab
pertanyaan-pertanyaan'.

Dalam kasus ini, Scala dijerat 17 dakwaan pemerkosaan, 12 dakwaan percobaan
pemerkosaan dan 27 dakwaan penyerangan seksual atau percobaan penyerangan
seksual. Dengan demikian, total ada 56 dakwaan pidana yang menjerat Scala,
meskipun penyidik menduga ada korban-korban lainnya yang tidak melapor polisi.

[Gambas:Video 20detik]

Selanjutnya __

Halaman

1  2

 ",www.detik.com
Oknum Brimob Suruhan Eks Kasatpol PP Buang Jaket Usai Tembak Mati Najamuddin,"Jumat, 20 Mei  2022 11:07 WIB","\-

Oknum anggota Brimob Polda Sulsel Chaerul Akmal terungkap kabur ke arah
Tanggul Patompo, Kota Makassar usai menembak mati pegawai Dishub Najamuddin.
Chaerul yang merupakan orang suruhan Kasatpol PP Makassar nonaktif Iqbal Asnan
itu membuang jaket di tanggul untuk menghilangkan barang bukti.

Pantauan di lokasi rekonstruksi, Jumat (20/5/2022), Chaerul Akmal memacu lurus
kendaraannya dari Jalan Danau Tanjung Bunga menuju ke arah Tanggul Patompo
setelah menembak mati korban. Setibanya di Tanggul Patompo, Chaerul Akmal
menghilangkan barang bukti.

Chaerul terlihat membuang jaket kuning yang dikenakannya saat menembak mati
korban ke arah tanggul. Tak sampai di situ, Chaerul juga membuang selongsong
peluru miliknya.

  

Kendati demikian, Chaerul tetap menyimpan senjata api yang digunakannya saat
mengeksekusi korban. Senjata api ini disita polisi sebagai barang bukti di
kemudian hari.

Dalam rekonstruksi sebelumnya, tersangka Chaerul Akmal memperagakan adegan
membuntuti korban Najamuddin. Korban dan tersangka masing-masing menggunakan
sepeda motor.

Korban melaju seorang diri di Jalan Danau Tanjung Bunga, Makassar. Sementara
Chaerul membuntuti dengan menyamar sebagai pengemudi ojek online (ojol).

Hingga pada saat memasuki pertigaan Jalan Manunggal 22 dan Jalan Danau Tanjung
Bunga, Makassar, Chaerul mengeksekusi korban. Sambil berkendara, Caherul
mengangkat pistolnya dan menembak korban dari jarak 3 meter.

Akibatnya Najamuddin terjatuh dan tewas meski sempat dievakuasi oleh saksi
bernama Nasir. Sementara Chaerul melaju hingga sejauh 8 meter dan sempat
mencoba mengintip melalui kaca spion motornya untuk memastikan korban apakah
korban masih bergerak atau sudah mati.

Memastikan korban sudah mati, Chaerul Akmal memacu kendaraannya. Chaerul Akmal
kabur ke arah Tanggul Patompo, Makassar.

  
  
  
[Gambas:Video 20detik]  

 ",www.detik.com
Waspada! Majalengka Rawan Curanmor,"Selasa, 12 Apr 2022 08:58 WIB","\-

Aksi pencurian kendaraan bermotor (curanmor) tengah marak terjadi di wilayah
Kabupaten Majalengka, Jawa Barat. Untuk itu masyarakat diminta lebih waspada
terhadap keamanan kendaraannya khususnya kendaraan sepeda motor.

Baru-baru ini akun instagram @besokseninco atau akun yang sehari-harinya
mengunggah segala sesuatu tentang Majalengka, merilis laporan direct massage
(DM) soal aduan warganet tentang informasi kehilangan sepeda motor.

Selama bulan Maret 2022, akun ini menerima sebanyak 14 aduan dari warganet
yang kehilangan sepeda motornya. 9 dari 14 aduan kehilangan kendaraan ini
rata-rata adalah sepeda motor jenis Honda beat.

  

""Harap hati-hati ya, sobat bsco. Terutama pemilik honda beat. Jangan ragu
untuk memakai kunci tambahan agar lebih safety,"" tulis akun @besokseninco yang
dikutip detikJabar, Senin (11/4/2022).

Dihubungi admin @besokseninco menyampaikan dari 14 informasi kehilangan sepeda
motor itu semuanya berlokasi di wilayah Kabupaten Majalengka.

""Macem-macem kalau lokasi mah. Yang pasti masih di seputar wilayah
Majalengka,"" kata admin saat dikonfirmasi.

""Iya, rata-rata matic, ada 12 dari 14 info kehilangan itu. 9 motor honda beat,
1 nmax dan 2 scoopy,"" lanjut dia.

Pantauan selama bulan Ramadan akun tersebut terlihat lebih aktif membuat
postingan instastory soal informasi kehilangan sepeda motor. Saat ditanya soal
banyaknya informasi tersebut. Admin akun @besokseninco menegaskan bahwa benar
akunnya banyak menerima laporan kehilangan sepeda motor dari _followersnya._

""Tiap hari mah nggak, a. Cuman banyak (laporan kehilangan kendaraan). Wah
kalau bulan sekarang mah belum dihitung, harus _discroll_ dulu riwayat
instastorynya,"" ujar dia.

Tak hanya aduan kehilangan kendaraan sepeda motor, menurut admin, akunnya juga
sering menerima berbagai macam laporan kehilangan dari warganet.

""Nggak cuma info kehilangan sepeda motor aja. Kayak info kehilangan dompet,
sampai info kehilangan orang juga suka ada aja yang DM,"" jelas dia.

Terpisah, Kapolres Majalengka AKBP Edwin Affandi mengatakan pihaknya akan
terus berupaya menciptakan Kamtibmas yang aman dan kondusif. Dengan itu
pihaknya bakal terus melakukan patroli dan memantau laporan-laporan masyarakat
dari media sosial.

""Kita akan gencar melakukan patroli khususnya di jam-jam rawan curanmor. Kita
juga akan pantau medsos, kita bakal gali terlebih dahulu info-infonya, karena
informasi dari medsos seringkali ditemukan kabar-kabar berita bohong atau
hoaks,"" katanya.

  
  
  
[Gambas:Video 20detik]  

 ",www.detik.com
Tampang 3 Perampok Viral yang Bikin Polisi Dicopot Gegara 'Tolak Laporan',"Senin, 27 Des 2021 15:12 WIB","\-

Polisi telah menangkap 3 pelaku perampokan ATM di Pulogadung, Jakarta Timur,
yang menimpa korban Meta Kumalasari. Ketiga pelaku dihadirkan dalam jumpa pers
di Polda Metro Jaya.

Pantauan , ketiga pelaku tersebut memakai baju tahanan berwarna oranye.
Ketiganya diborgol kabel ties.

Sebelumnya, Kabid Humas Polda Metro Jaya Kombes Endra Zulpan telah
mengkonfirmasi soal penangkapan pelaku perampokan tersebut. Ketiga pelaku
ditangkap tim gabungan Subdit Resmob dan Subdit Jatanras Polda Metro Jaya di
bawah pimpinan AKBP Handik Zusen dan AKBP Awaludin Amin.

Kasus ini diketahui sempat menyita perhatian publik. Pasalnya, saat membuat
laporan, korban malah dibercandai oleh anggota Polsek Pulogadung bernama Aipda
Rudi Panjaitan.

![Perampok viral yang bikin polisi dicopot gegara 'tolak laporan'
ditangkap](https://akcdn.detik.net.id/community/media/visual/2021/12/27/perampok-
viral-yang-bikin-polisi-dicopot-gegara-tolak-laporan-
ditangkap_43.jpeg?w=480)Tampang 3 Perampok Viral yang Bikin Polisi Dicopot
Gegara 'Tolak Laporan' (Dok. Istimewa)  
  
---  
  
Aipda Rudi kini telah dijatuhi sanksi setelah disidang kode etik pada Jumat
(17/12) lalu. Dalam sidang etik itu, Aipda Rudi dinyatakan sah dan meyakinkan
bersalah.

## Aipda Rudi Dinyatakan Berbuat Tak Terpuji

Bidang Propam Polda Metro Jaya telah menggelar sidang kode etik dan profesi
terhadap Aipda Rudi Panjaitan. Polisi viral gegara 'menolak laporan' itu
dinyatakan bersalah telah melanggar peraturan Kapolri.

""Putusan sidang menyatakan Aipda Rudi Panjaitan, anggota Polres Metro Jakarta
Timur terbukti secara sah dan meyakinkan bersalah melanggar Peraturan Kapolri
Nomor 14 Tahun 2011,"" ujar Kabid Humas Polda Metro Jaya Kombes E Zulpan dalam
keterangan kepada , Jumat (18/12).

Dalam sidang kode etik tersebut, Aipda Rudi dijatuhi sanksi etika dan sanksi
administratif sebagaimana Pasal 21 ayat (1). Aipda Rudi dinyatakan bersalah
karena melakukan perbuatan tidak terpuji.

""Menjatuhkan sanksi etika dan sanksi administratif, sebagaimana dimaksud dalam
Pasal 21 ayat (1) huruf (a), yaitu perilaku pelanggar dinyatakan sebagai
perbuatan tidak terpuji,"" jelas Zulpan.

 _Simak selengkapnya di halaman selanjutnya._

Selanjutnya __

Halaman

1  2

 ",www.detik.com
Detik-detik Pencuri Gondol Motor Lalu Dibakar di Sukabumi,"Senin, 24 Jan 2022 11:57 WIB","\-

Detik-detik aksi pencurian motor di Kecamatan Nagrak, Kabupaten Sukabumi
terekam kamera CCTV. Video berdurasi 27 detik itu memperlihatkan dua orang
pelaku mengendap-endap keluar dari lokasi aksinya.

Dilihat dalam rekaman CCTV, pelaku terlihat mendorong motor dengan perlahan.
Salah seorang pelaku yang membonceng terlihat kepayahan mendorong motor curian
tersebut.

Beberapa kali pelaku yang posisinya di belakang maju membuka gerbang kemudian
kembali membantu mendorong motor yang didorong rekannya yang berada di depan.
Sekitar 50 meter dari lokasi aksi, mereka kemudian melempar motor dan
membakarnya.

""Jarak dari lokasi mereka beraksi ke tempat mereka melempar dan membakar motor
sekitar 50 meteran, mungkin kelelahan. Dari rekaman CCTV saja sudah terlihat
mereka kelelahan,"" kata Hendi, warga di sekitar lokasi kepada , Senin
(24/1/2022).

Yayan (60), pemilik motor mengaku tak habis pikir motornya dibakar pelaku
pencurian. Ia menyebut bahan bakar motornya itu dalam kondisi penuh, bahkan
setiap hari sering dibawa anaknya.

""Itu tuh (menunjuk anaknya), ini motor saya suka ditaruh memang di gudang tiap
malam. (Saat kejadian) sudah ramai mulai jam 03.00 WIB juga sudah banyak mobil
dan motor,"" kata Yayan.

Yayan kaget ketika melihat motornya tiba-tiba dibakar orang. ""Ramai katanya
ada motor dibakar, warga ramainya motor saya. Ketika dilihat ke belakang sudah
habis dibakar. Saat kejadian motor diambil saya di rumah. Ada anak juga
biasanya tidur tiap malam pas tadi enggak,"" pungkasnya.

 ",www.detik.com
Wanita Penadah Motor Curian di Jakbar Pakai Uang Kejahatan Beli Perhiasan,"Jumat, 20 Mei  2022 03:27 WIB","\-

Lima pelaku pencurian motor dengan sasaran korban anak-anak di Jakarta Barat
ditangkap polisi. Satu di antaranya perempuan berinisial PF (23).

Kasi Humas Polres Metro Jakarta Barat, Kompol Taufik Ikhsan mengatakan PF
berperan sebagai penadah. Dia menyebut hasil tadahannya itu dibelikan
perhiasan.

""Itu ada sisa uang dan beli perhiasan,"" kata Taufik saat dihubungi, Kamis
(19/5/2022).

Taufik mengatakan PF tidak bekerja dan belum berkeluarga. PF juga tidak
memiliki hubungan khusus dengan pelaku lain.

""Tidak kerja, tidak ada (hubungan khusus), hanya teman,"" katanya.

Sebelumnya, polisi menangkap lima pelaku pencurian motor dengan sasaran korban
anak-anak. Pelaku dalam aksinya menuduh korban telah memukul atau bertengkar
dengan adik pelaku.

""Kami berhasil mengamankan pelaku penipuan sepeda motor dengan modus membawa
kabur kendaraan bermotor yang sedang di kendarai oleh para korbannya,"" kata
Kapolres Metro Jakarta Barat Kombes Pol Pasma Royce dalam keterangannya, Kamis
(19/5/2022).

Dua pelaku, ER dan DS, berperan sebagai eksekutor. Sedangkan tiga pelaku
lainnya, STR, PF, dan MR, berperan sebagai penadah.

Pasma mengatakan para pelaku mengincar anak-anak di bawah umur. Korban lalu
dipepet oleh kendaraan pelaku dan diberhentikan.

 ",www.detik.com
"Maling Gabah di Kulon Progo Diciduk, Gondol 11 Karung Sebulan","Rabu, 25 Mei  2022 08:07 WIB","\-

Pencurian gabah terjadi di Kabupaten Kulon Progo, Daerah Istimewa Yogyakarta
(DIY). Pelaku, Subardi (44), ternyata sudah 5 kali beraksi selama Mei 2022 dan
menggondol 11 karung gabah.

""Iya, pelaku ditangkap oleh tim dari Polsek Galur kemarin sekitar pukul 15.00
WIB. Penangkapan dilakukan di wilayah Sorogenen, Karangsewu, Galur,"" ucap Kasi
Humas Polres Kulon Progo, Iptu I Nengah Jeffry saat dimintai konfirmasi oleh
wartawan, Rabu (25/5/2022).

Kasus pencurian gabah ini bermula dari beredarnya video CCTV berisi detik-
detik seorang pria menggondol sekarung gabah di Jalan Trisik, Sorogenen II,
Nomporejo, Galur pada Minggu (22/5) lalu. Video yang viral di media sosial dan
grup WhatsApp itu lantas ditindaklanjuti oleh polisi.

""Pada hari Minggu tanggal 22 Mei 2022 sekira pukul 14.45 WIB Polsek Galur
menerima informasi bahwa di jalan Trisik terjadi pencurian gabah dan peristiwa
tersebut terekam CCTV. Kemudian Unit Reskrim Polsek Galur membuat laporan
informasi sebagai dasar menerbitkan Sprin Gas dan Sprin Lidik,"" jelas Jeffry.

Jeffry mengatakan pihaknya kemarin melakukan patroli tertutup. Pada saat itu
anggota Unit Reskrim Galur melihat seseorang yang identik dengan CCTV yang ada
di Jalan Trisik Banaran, Galur lalu menghentikan orang tersebut yang saat itu
tengah mengendarai sepeda motor Honda Supra Fit warna biru silver bernomor
polisi AB 5721 VQ.

""Petugas memeriksa di dalam jok sepeda motor, terdapat jaket berwarna merah
bertuliskan bagian depan tulisan BESTIE, pada saat ditanya orang tersebut lari
ke arah sawah dan dikejar oleh anggota Reskrim dan dapat diamankan,"" terang
Jeffry.

""Selanjutnya pelaku dibawa ke Polsek Galur untuk dilakukan interogasi dan
pemeriksaan,"" sambungnya.

## Gondol 11 Karung Gabah dalam Sebulan

Jefrry menerangkan berdasarkan hasil pemeriksaan, diketahui pelaku sudah 5
kali melancarkan aksi pencurian gabah yang seluruhnya dilakukan di wilayah
Galur. Dari aksinya itu pelaku berhasil mengondol 11 karung gabah senilai Rp2
juta.

""Total ada 11 karung gabah seharga Rp 2.750.000 yang dicuri pelaku di 5 titik
di Galur selama Mei 2022 ini,"" beber Jeffry.

Kepada polisi, pelaku mengakui aksi pencurian gabah pertama kali dilakukan di
wilayah Nepi, Brosot, Galur pada Selasa (10/5). Pelaku mencuri 4 gabah milik
warga setempat bernama, Suroto, kerugiannya mencapai Rp1 juta.

Aksi kedua dilakukan di Diren, Pandowan, Galur, pada Rabu (11/5). Korban,
Sunarti, harus kehilangan 2 karung gabah seharga Rp500 ribu.

Selanjutnya 3 titik pencurian dilakukan di wilayah Nomporejo, pada Rabu (18/5)
dan Minggu (22/5). Para korban, yakni Sunardi, Samidi dan Adi Suwarno, warga
setempat kehilangan masing-masing 2 karung senilai Rp500 ribu.

Pria asal Bantul dan berdomisili di Purworejo itu sekarang telah ditahan
sementara di Polsek Galur. Polisi masih melakukan pemeriksaan untuk mengetahui
motif pelaku mencuri gabah.

  
  
  
[Gambas:Video 20detik]  

 ",www.detik.com
Bejat! Pemuda Asal Jepara Ini Perkosa Anak di Bawah Umur,"Kamis, 31 Mar 2022 16:53 WIB","\-

Pria berinisial TM (25) di Kabupaten Jepara, Jawa Tengah, ditangkap polisi
karena diduga memerkosa remaja berumur 14 tahun. Beberapa barang bukti
diamankan.

""Barang bukti yang diamankan berupa satu setel pakaian korban dan satu setel
pakaian dalam korban,"" kata Kasat Reskrim Polres Jepara AKP M Fachrur Rozi
dalam keterangan tertulisnya kepada wartawan di Jepara, Kamis (31/3/2022).

Dalam melakukan aksi bejatnya, tersangka tidak segan mengancam korbannya.
""Modus yang dilakukan tersangka memaksa dan mengancam anak korban untuk
menuruti keinginan tersangka,"" ujar Rozi.

Rozi mengatakan, peristiwa itu bermula saat korban bermain bersama temannya
pada Senin (7/3) sore tiga pekan lalu. Saat itu korban dan temannya naik
sepeda motor.

""Kronologi kejadian pada Senin (7/3) pukul 16.00 WIB korban diajak jalan
temannya menggunakan sepeda motor. Saat itu temannya mengenalkan korban dengan
tersangka,"" jelasnya.

Setelah berkenalan, tersangka kemudian mengajak korban jalan-jalan Di tengah
perjalanan, tersangka membujuk rayu korban.

""Kemudian tersangka mengajak korban jalan, dimana dalam perjalanan tersangka
melakukan bujuk rayu kepada korban dengan iming-iming akan diberikan uang Rp
50 ribu apabila korban mau melakukan hubungan suami istri dengan tersangka,""
terang Rozi.

Singkat cerita, tersangka membawa korban ke gubug di areal persawahan wilayah
Kecamatan Kedung, Jepara. ""Setelah itu korban diberi uang Rp 50 ribu dan
diantar pulang oleh tersangka,"" jelas Rozi.

Menurut Rozi, kejadian itu terungkap setelah korban mengadu kepada orang
tuanya. Orang tua korban kemudian melapor ke polisi. Setelah melakukan
serangkaian penyelidikan, polisi akhirnya menangkap tersangka di tempat
kerjanya di wilayah Kecamatan Tahunan, Jepara.

""Pada Senin (21/3), polisi melakukan penyelidikan keberadaan tersangka dan
diketahui tersangka sedang bekerja di daerah Tahunan. Kemudian tersangka
ditangkap di tempat kerjanya untuk diproses hukum lebih lanjut,"" jelas Rozi.

Saat ini tersangka telah mendekam di tahanan Mapolres Jepara. Tersangka
terancam hukuman maksimal 15 tahun penjara.

""(Dikenai) Pasal 81 dan atau pasal 82 UU nor 17/2016 tentang perlindungan anak
dengan ancaman hukuman penjara paling lama 15 tahun,"" pungkas Rozi.

  
  
  
[Gambas:Video 20detik]  

 ",www.detik.com
2 Maling Motor di Pasuruan yang 'Buntung' dan Sempat Viral Tertangkap,"Senin, 21 Feb 2022 18:06 WIB","\-

Setelah kabur sekitar 23 hari, 2 maling motor 'buntung' di Kabupaten Pasuruan
tertangkap. Keduanya sudah beraksi di 7 tempat kejadian perkara (TKP).

Kedua pelaku yang masih muda itu berasal dari Desa Tempuran, Kecamatan
Pasrepan, Kabupaten Pasuruan. Yakni Dian Eka Prasetyo (24) dan Andriyan (21).

""Kedua pelaku sempat melakukan percobaan pencurian motor di minimarket wilayah
Tutur, namun digagalkan oleh karyawan. Dari rangkaian penyelidikan dan
penyidikan kami berhasil menangkap kedua pelaku,"" kata Kasat Reskrim Polres
Pasuruan AKP Adhi Putranto Utomo, Senin (21/2/2022).

Menurut Adhi, keduanya merupakan komplotan maling motor yang sudah beraksi di
7 TKP. Yakni 5 TKP di Pasuruan dan masing-masing 1 kali di Batu serta Malang.

""Sebelum beraksi, mereka merencanakan pencurian dengan mempersiapkan kendaraan
yang akan digunakan. Kemudian ada juga alat berupa kunci T, yang mereka buat
sendiri,"" terang Adhi.

""Sasaran mereka adalah kendaraan matic. Mereka membagi peran, satu menjebol
kontak motor sasaran dan membawa kabur, satu lagi mengawasi di atas motor,""
jelas Adhi.

Kedua pelaku dijerat Pasal 363 juncto 53 KUHP tentang pencurian dengan ancaman
9 tahun penjara. Kedua pelaku mengakui sudah berkomplot melakukan pencurian
motor sebanyak 4 kali. Selebihnya mereka beraksi dengan orang lain.

""Saya sama dia sudah empat kali,"" kata salah satu pelaku.

Sebelumnya, aksi maling motor terjadi di parkir minimarket Dusun Mesagi, Desa
Wonosari, Kecamatan Tutur, Kabupaten Pasuruan pada Senin (25/1/2022) pukul
17.33 WIB. Aksi itu terekam CCTV dan diketahui bahwa kedua pelaku mengendarai
motor Honda Vario dengan pelat nomor palsu AG 3145 NM.

Aksi pencurian itu diketahui karyawan minimarket. Empat karyawan langsung
menyerbu pelaku hingga pencurian bisa digagalkan. Setelah motor korban
diamankan karyawan, kedua pelaku dihajar namun berhasil kabur. Mereka kemudian
dikejar warga hingga masuk ke hutan dan meninggalkan motor. Maka dari itu,
mereka disebut maling 'buntung' karena selain gagal mencuri motor korban,
motor mereka juga tertinggal.

  
  
  
[Gambas:Video 20detik]  

 ",www.detik.com
Polisi Tembak Buron Pemerkosa Gadis Disabilitas di Kupang,"Kamis, 28 Apr 2022 22:12 WIB","\-

Sempat menjadi buron, NT alias Niko (24), warga Dusun Oebola Luar, Desa Oebola
Luar, Kecamatan Fatuleu, Kabupaten Kupang, Nusa Tenggara Timur akhirnya
berhasil dibekuk tim buru sergap (Buser) Satreskrim Polres Kupang, Kamis
(28/4/2022) subuh.

Niko, salah satu pelaku pemerkosaan gadis disabilitas di Kupang yang sempat
masuk Daftar Pencarian Orang (DPO) diamankan polisi di rumahnya di RT 09/RW
04, Desa Oebola, Kecamatan Fatuleu, Kabupaten Kupang.

Penangkapan NT oleh tim Buser Polres Kupang dipimpin Kanit Buser Aiptu
Ardianto Tade dan 5 anggota yaitu Aiptu Jesaya Reners, Bripka Lexi Rondo,
Bripka Ananda Lakafani, Bripka Elvis Nonobesi dan Brigpol Edceson Tapatap.

  

Saat polisi hendak menangkapnya, Niko sedang bersembunyi di atas loteng
rumahnya.

Bahkan, Niko melakukan perlawanan terhadap petugas kepolisian menggunakan
senjata tajam.

Polisi pun akhirnya menghadiahi Niko timah panas sebagai tindakan tegas dan
terukur pada betis kaki kiri. Niko kemudian dibawa ke Rumah Sakit Bhayangkara
Titus Uly Kupang guna menjalani perawatan medis.

Kapolres Kupang, AKBP FX Irwan Arianto, yang dikonfirmasi Kamis (28/4/2022)
membenarkan penangkapan buron kasus pemerkosaan ini.

Ia membenarkan jika anak buahnya melakukan tindakan tegas karena Niko
melakukan perlawanan.

""(Niko) sudah dibawa ke rumah sakit. Setelah pulih akan kita periksa di Polres
Kupang,"" tandas mantan Kapolres Sumba Barat ini.

Sebelumnya dua pelaku pemerkosaan gadis disabilitas di Kupang, NTT yakni DT
alias Dani dan ZT alias Zaka telah ditangkap.

Mereka menjadi tersangka kasus pemerkosaan sesuai laporan polisi nomor
LP/B/91/IV/2022/NTT/Polres Kupang tanggal 15 April 2022. Namun NT alias Niko
sempat kabur sehingga buron dan dijadikan Daftar Pencarian Orang (DPO) oleh
Polres Kupang.

  
  
  
[Gambas:Video 20detik]  

 ",www.detik.com
"Wanita Jakbar yang Dilaporkan Hilang Tewas Dibunuh, Pelaku Ditangkap!","Sabtu, 14 Mei  2022 11:37 WIB","\-

Dini Nurdiani (26), wanita yang dilaporkan hilang sejak bulan puasa, ditemukan
tewas dibunuh. Pelaku pembunuhan Dini kini sudah ditangkap polisi.

""Pelaku sudah kami tangkap,"" ujar Kapolsek Cengkareng Kompol Ardhie Demastyo
saat dihubungi , Sabtu (14/5/2022).

Hanya, Ardhie tidak menjelaskan lebih rinci terkait identitas pelaku. Ardhie
mengatakan pihaknya akan menggelar jumpa pers dalam waktu dekat.

""Nanti saja ya, nanti dirilis Kapolres,"" ucap Ardhie.

Dini ditemukan tewas di Bekasi, Jumat (13/5). Namun, Ardhie belum menjelaskan
secara detail terkait penemuan mayat Dini ini.

""(Ditemukan) di Perumahan CBD Cibubur, Bekasi, di tanah kosong begitu,""
ucapnya.

Ardhie menduga kuat Dini tewas dibunuh. Hasil visum ditemukan sejumlah luka di
bagian tubuhnya.

""Iya, dibunuh,"" singkat Ardhie.

Sebelumnya, Dini Nurdiani menghilang sejak 26 April 2022 setelah berpamitan
pergi untuk buka puasa bersama (bukber). Pihak keluarga telah melaporkan
hilangnya Dini ini ke polisi.

[Gambas:Video 20detik]

  
  

 ",www.detik.com
Polisi: Pembunuh Dini Nurdiani Tak Punya Masalah Kejiwaan,"Senin, 16 Mei  2022 12:19 WIB","\-

Pelaku pembunuhan Dini Nurdiani (26) bernama Neneng Umaya (24) telah menjalani
pemeriksaan terkait tindakannya tersebut. Polisi menyebut pelaku secara sadar
saat melakukan pembunuhan kepada korban.

""Saat ini dia dengan sadar melakukan pembunuhan. Dia mengakui melakukan
pembunuhan, tapi apakah motifnya direncanakan atau tidaknya sedang kita
dalami,"" kata Kasat Reskrim Polres Metro Bekasi Kota Kompol Ivan Adhitira saat
dihubungi, Senin (16/5/2022).

Menurut Ivan, pelaku Neneng sejauh ini bersikap kooperatif saat diperiksa.
Tiap jawaban yang diberikan pun dinilai konsisten.

Dari pemeriksaan sejauh ini polisi menilai tidak ada indikasi pelaku memiliki
masalah gangguan kejiwaan.

""Intinya tidak ada masalah dari kejiwaan yang bersangkutan. Dia sadar, dia
tahu, dia melakukan apa, terus dia mengakui juga bahwa dia melakukan
pembunuhan terhadap saudari D ya,"" terang Ivan.

Selain itu, Ivan mengatakan dari pemeriksaan sampai saat ini, pelaku Neneng
mengaku hanya seorang diri melakukan aksi pembunuhan kepada Dini. Polisi pun
belum menemukan adanya indikasi keterlibatan orang lain dalam kasus tersebut.

""Sampai saat ini (pelaku) sendiri,"" ujar Ivan.

### Suami Pelaku Bakal Diperiksa

Meski begitu, Ivan memastikan proses penyelidikan kasus ini masih akan
berlanjut. Dalam waktu dekat, pihaknya akan memeriksa pria berinisial ID (27)
selaku suami dari Neneng Umaya.

""Pasti (periksa suami pelaku) dia sebagai saksi. Kalaupun korban mengenal
suami pelaku, hubungannya sebagai apa,"" katanya.

Pemeriksaan kepada ID ini dilakukan untuk memperkuat dugaan motif pembunuhan
yang dilakukan oleh Neneng Umaya. Sejauh ini pelaku mengaku didasari perasaan
cemburu dalam membunuh korban.

""Kenapa terjadi peristiwa ini, kenapa terjadi pembunuhan ini, apakah
pembunuhan ini disengaja atau ternyata spontanitas itu kan harus kita dalami
pemeriksaannya,"" terang Ivan.

""Kalau disengaja kan berarti itu direncanakan. Tapi kalau spontanitas mungkin
sambil jalan kemudian cekcok mulut nggak terima, berantem, ternyata
mengakibatkan hilang nyawa seseorang,"" tambahnya.

Neneng Umaya sebelumnya ditangkap di rumahnya di daerah Cipayung, Jakarta
Timur pada Jumat (13/5). Dia kini telah ditahan di Polres Metro Bekasi Kota.

[Gambas:Video 20detik]

 ",www.detik.com
"Mayat Pria Ditemukan di Tengah Kebun Salak Turi Sleman, Ada Luka Tusukan","Rabu, 15 Jun 2022 13:04 WIB","\-

Sesosok mayat pria ditemukan di tengah kebun salak daerah Gading Kulon,
Donokerto, Kapanewon Turi, Kabupaten Sleman. Saat ditemukan terdapat bekas
luka tusukan di tubuh korban.

Kasat Reskrim Polres Sleman AKP Rony Prasadana mengungkapkan identitas korban
yakni Widodo Bowo Purnomo (49) warga Turi. Korban ditemukan pagi tadi sekitar
pukul 06.30 WIB.

Ia menjelaskan, penemuan mayat ini pertama kali diketahui oleh seorang warga
dan kemudian dilaporkan ke Kepala Dukuh Gading Wetan, Fajar Tri. Fajar lalu
memeriksa lokasi penemuan mayat yakni di tengah kebun salak dan kemudian
melaporkan kejadian ini ke polisi.

""Kemudian saksi memeriksa TKP dan menemukan adanya orang yang tergeletak di
tengah kebun salak yang diperkirakan sudah meninggal dunia,"" ujar Rony kepada
wartawan, Rabu (15/6/2022).

Rony melanjutkan, berdasarkan hasil pemeriksaan terdapat luka di tubuh korban.
Seperti luka tusuk di tubuh dan luka sobek di lengan.

""Bahwa menurut keterangan perawat dari Puskesmas Turi terjadi bekas tusukan
benda tajam, terjadi luka sobek karena benda tajam,"" ungkapnya.

Untuk saat ini, kata Rony, korban dibawa ke RS Bhayangkara Polri guna
pemeriksaan lebih lanjut.

  
  
  
[Gambas:Video 20detik]  

 ",www.detik.com
Polisi Selidiki Pencurian Duit Pegawai Bengkel di Majalengka,"Kamis, 14 Apr 2022 09:15 WIB","\-

Polsek Majalengka Kota segera mendalami aksi pembobolan uang yang tersimpan
didalam bagasi jok motor. Kamera CCTV yang menangkap aksi pencurian ini akan
dijadikan petunjuk utama polisi untuk menyelidiki kasus tersebut.

Aksi pencurian uang ini terjadi di sebuah bengkel di Jalan Raya KH Abdul
Halim, Kabupaten Majalengka, pada Rabu (13/4/2022) pukul 11.11 WIB. Pelaku
berhasil menggasak uang yang berada di dalam bagasi jok motor itu sebesar Rp 7
juta.

""Informasi awal tadi ada dua bapak-bapak. Ceritanya tadi ngambil uang dengan
jumlah Rp 7 juta,"" kata Kapolsek AKP Fiekry Adi Perdana kepada detikJabar,
Kamis (14/4/2022).

  

Korban dalam kejadian ini bernama Samidi (54). Dia adalah seorang warga Desa
Leuwikidang, Kecamatan Kasokandel, sekaligus pegawai bengkel tersebut.

Sebelum kejadian, Samidi baru saja mengambil uang dari ATM. Selang beberapa
menit kembali ke bengkel, uang yang disimpan di dalam bagasi jok motornya itu
kini telah berpindah tangan setelah dibobol maling.

Sehingga, kata Fiekry, dugaan sementara Samidi dikintil pelaku sejak masih
mengambil uang dari ATM. ""Diduga (korban) ada yang mengikuti dari Bank sampai
bengkel motor,"" ujar dia.

Lebih jauh, dia menjelaskan pihaknya akan menindaklanjuti setelah menyelidiki
hasil rekaman kamera CCTV yang berbeda di Tempat Kejadian Perkara (TKP).

""Kita lakukan penyelidikan dulu, kita melihat dulu CCTV. Dan kita langsung
tindak lanjuti,"" ucap dia.

Dia juga menghimbau kepada masyarakat agar lebih waspada lagi setelah
mengambil uang dari ATM. Bahkan, lanjut dia, bilamana masyarakat membutuhkan
pengawalan saat melakukan pengambilan uang, ia juga menyarankan agar segera
menghubungi dan meminta pengawalan kepada pihak kepolisian.

""Lebih hati-hati bila mengambil uang, barang berharga. Terutama saat mengambil
uang, bisa melapor ke polisi dan kita bisa mengawal,"" pungkasnya.

  
  
  
[Gambas:Video 20detik]  

 ",www.detik.com
"Jual Motor Teman, Pria di Jakut Pakai Duit Kejahatan buat Hiburan di Hotel","Kamis, 03 Feb 2022 11:27 WIB","\-

Seorang pria berinisial S (31) di Muara Angke, Jakarta Utara, ditangkap polisi
usai membawa kabur motor temannya. Pelaku menjual motor tersebut dan
menggunakan uang hasil kejahatan untuk mencari hiburan di hotel.

""Hasilnya dipergunakan untuk hiburan di hotel, membeli pakaian dan membayar
utang,"" kata Kapolsek Kawasan Sunda Kelapa Kompol Seto Handoko Putra saat
dihubungi, Kamis (3/2/2022).

Seto mengatakan pencurian terjadi pada pukul 22.30 WIB, Minggu (31/1). Pelaku
awalnya datang ke rumah korban bernama Sarumi (44) dan meminjam motor dengan
alasan hendak pergi ke Pasar Muara Angke.

""Pelaku mendatangi korban untuk meminjam sepeda motor, yang menurut pengakuan
pelaku akan digunakan sebentar ke tempat temannya di Pasar Muara Angke,"" kata
Seto.

Tapi kemudian S tidak kembali hingga kemudian korban melapor ke polisi.
Rupanya, pelaku menjual motor korban ke daerah Serang, Banten, dengan harga Rp
35 juta.

""Dijual Rp 3.500.000. (Pelaku) mengakui bahwa sepeda motor yang dipinjamnya
telah dijual ke daerah Serang, Banten,"" kata Seto.

Pelaku kemudian ditangkap di Muara Angke, Penjaringan, Jakarta Utara, pada
Selasa (1/1) pukul 20.30 WIB. Pelaku saat ini diamankan dan dijerat dengan
pasal 378 KUHP dan/atau 372 KUHP tentang penipuan dan penggelapan.

[Gambas:Video 20detik]

 ",www.detik.com
Bocah Korban Pemerkosaan Abah di Sukabumi Alami Trauma-Mogok Sekolah,"Rabu, 27 Apr 2022 11:37 WIB","\-

Sebanyak 10 bocah perempuan korban pemerkosaan Hendi alias Abah Heni di
Sukabumi, sempat mengalami trauma mendalam. Bahkan, sebagian korban kehilangan
kepercayaan dirinya.

""Keluarga merasa sedih dengan kejadian ini. Bahkan ada yang terpukul anaknya,
ada yang minder (kurang percaya diri) sampai kemarin saya datang ke sekolah
dasar jangan sampai ada olok-olok atau bully-an teman-temannya, saya titip ke
gurunya,"" kata Kepala Desa Caringin Wetan Dedi Suhendar saat dihubungi, Rabu
(27/4/2022).

Dia mengatakan korban masih membutuhkan trauma healing. Apalagi aksi kejahatan
seksual itu sudah berlangsung sejak 2017 dan baru terungkap tahun lalu.

  

Proses persidangan pun cukup menguras tenaga. ""Mendampingi anak ke Pelabuhan
sampai sidang berapa kali. Istilahnya anak membutuhkan trauma healing. Saya
mendampingi supaya mental si anaknya jangan sampai terganggu,"" ujarnya.

Seiring berjalan waktu dan dorongan dari berbagai pihak, para korban
mendapatkan motivasi untuk melanjutkan pendidikannya. Bahkan, pada saat
persidangan di Pengadilan Negeri (PN) Cibadak, korban dapat dengan lantang
berbicara apa adanya.

""Alhamdulillah dari berbagai pihak supaya anak itu semangat lagi belajarnya ya
Alhamdulillah. Waktu saya menghadiri sidang kayanya anak itu dia ngomong
seadanya aja, ngablak waktu sidang juga,"" paparnya.

""Sekarang mah sudah berani, kalau kemarin-kemarin takut. Usia korban paling
antara 6-10 tahun. Belum ada yang SMP semua masih sekolah dasar,"" sambungnya.

Sebelumnya, dalam putusan PN Cibadak terdakwa sendiri sudah divonis selama 15
tahun penjara dan denda Rp 250 juta subsidair 3 bulan kurungan.

Akan tetapi, jaksa mengajukan banding ke Pengadilan Tinggi (PT) Bandung. Hakim
PT Bandung lantas memperberat hukuman terdakwa dengan menjatuhkan vonis
hukuman mati.

Hukuman mati dijatuhkan hakim tinggi pada Pengadilan Tinggi (PT) Bandung dalam
sidang yang digelar pada Selasa (26/4/2022). Dalam sidang tersebut, majelis
hakim yang diketuai oleh Yuli Heryati itu menganulir putusan 15 tahun penjara
yang sebelumnya diketok hakim Pengadilan Negeri (PN) Cibadak Sukabumi.

""Menjatuhkan pidana kepada terdakwa oleh karena itu dengan pidana mati,"" ucap
hakim sebagaimana kutipan amar putusan yang diterima .

 ",www.detik.com
"Ngaku Dirampok, Pria di Sultra Pakai Uang Kantor Rp 230 Juta untuk Judi","Rabu, 20 Apr 2022 13:46 WIB","\-

Seorang pria mendatangi Polsek Mandonga dan mengaku habis dirampok di Jalan dr
Sutomo, Kelurahan Lalodati, Kecamatan Puuwatu, Kendari, Sulawesi Tenggara
(Sultra). Pria tersebut adalah karyawan PT Obsidian Stlees Steel (OSS) Konawe.

Kepada polisi, pria itu mengatakan uang milik perusahaan senilai Rp 230 juta
raib digasar rampok pada Kamis (14/4) lalu. Namun setelah dilakukan
penyelidikan, uang tersebut ternyata habis digunakan pelaku untuk bermain
judi.

""Jadi pelaku ini berpura-pura di hadapan polisi bahwa dia mengalami
perampokan. Dari keterangan pelaku, dia gunakan uang itu buat kebutuhan
pribadi dan bermain judi online,"" kata Kabag Ops Polresta Kendari Kompol Jupen
Simajuntak, dilansir dari , Rabu (20/4/2022).

""Pelaku mengaku perampoknya berjumlah 4 orang terlebih dulu memecahkan kaca,
melukainya hingga tak sadarkan diri kemudian uang Rp 230 juta dibawa kabur
perampok,"" sambung Jupen.

Namun setelah dilakukan penyelidikan, ternyata keterangan pelaku soal adanya
perampokan palsu. Terkait kaca mobil yang dipecahkan, Jupen mengungkapkan
akal-akalan pelaku dengan memecahkan kaca sendiri menggunakan batu dan melukai
badan sendiri menggunakan kaca mobil.

""Dia pecahkan kaca mobil sendiri, lukai badan sendiri pakai kaca,"" beber dia.

Simak selengkapnya di sini.

[Gambas:Video 20detik]

  
  

 ",www.detik.com
"Kebangetan! Mau Dipakai Ngaspal Jalan, Aki Stoom Walls Raib Dimaling","Selasa, 26 Apr 2022 17:20 WIB","\-

Aksi pencurian di Desa Jurug, Kecamatan Mojosongo, Kabupaten Boyolali ini
bikin geregetan. Betapa tidak, aki di alat berat _stoom walls_ yang tengah
digunakan untuk perbaikan jalan desa setempat diketahui raib digondol maling.

""Iya, kejadiannya diketahui pada Minggu (24/4) pagi,"" kata Yanto, operator
_stoom_ tersebut kepada wartawan, Selasa (26/4/2022).

Hilangnya aki _stoom_ tersebut diketahui saat hendak digunakan memadatkan
lapisan batu pengaspalan jalan penghubung Dukuh Karang Kidul-Slembi. Saat itu,
dia selesai mengisi solar kemudian berniat menyalakan mesin _stoom_.

Yanto kemudian naik ke ruang kemudi _stoom_ seberat 4 ton itu. Dia sempat
curiga karena roda samping kiri kondisinya basah dan di kemudi ada botol air.

Kemudian rantai pengunci pintu penutup ruang aki yang sebelumnya digembok
sudah terlepas. Ternyata, aki yang berada di bawah kursi kemudi sudah hilang.

""Saya langsung beritahukan kejadian ini ke Pak Lurah (Kades Jurug). Memang
saya tidak lapor ke polisi,"" jelasnya.

Karena pengaspalan jalan tetap harus jalan, agar _stoom_ tetap bisa
dioperasionalkan, dia pun membeli aki baru seharga Rp 1,4 juta.

Yanto juga mengaku heran, aki bisa hilang padahal _stoom walls_ itu diparkir
dekat dengan permukiman penduduk. Dia juga mengaku, selama mengoperasionalkan
alat berat di wilayah Boyolali, baru kali ini kehilangan aki.

  
  
  
[Gambas:Video 20detik]  

 ",www.detik.com
Faktor yang Bisa Jadi Pembeda di Kasus Warga Tewaskan Begal di NTB,"Kamis, 14 Apr 2022 11:09 WIB","\-

Korban begal di Lombok Tengah, Nusa Tenggara Barat (NTB), MA alias AS, menjadi
tersangka kasus pembunuhan karena menghilangkan nyawa pelaku begal. Seberapa
tinggi peluang hakim akan menghukum pelaku pembunuhan yang juga menjadi korban
begal ini?

Pakar psikologi forensik Reza Indragiri membeberkan sejumlah parameter yang
bisa dipertimbangkan hakim, apakah korban begal ini layak dihukum atau tidak.
Semakin banyak unsur parameter yang terpenuhi, maka semakin diterima klaim
pembelaan diri yang dilakukan oleh korban begal.

Untuk menakar kebenaran klaim bahwa pelaku membela diri, hakim dapat memeriksa
parameter di bawah ini. Semakin banyak unsur-unsur parameter yang terpenuhi,
semakin diterima pula klaim pembelaan diri tersebut oleh hakim. Di antaranya:

1\. Sepenuhnya dipicu oleh pihak eksternal: terpenuhi.  
2\. Tidak ada jeda yang memungkinkan pelaku mengendalikan diri, meredakan
emosi, dan menimbang-nimbang perbuatan yang akan ia lakukan: terpenuhi.  
3\. Perbuatan setara dengan provokasi yang ia terima: cek pembegalannya
seperti apa? Apakah juga bisa membuat target kehilangan nyawa? Apa motif
korban begal membawa senjata tajam (sajam)? Seberapa jauh sajam yang dibawanya
berpengaruh terhadap perilaku agresif pelaku?

""Kalau ketiganya terpenuhi, maka hitung-hitungan di atas kertas, klaim
pembelaan diri akan diterima hakim,"" ujar Reza kepada wartawan, Kamis
(14/4/2022).

Reza menjelaskan, pada dasarnya korban begal di NTB memang bersalah karena
membunuh pelaku begal. Namun, hakim bisa saja memaklumi alasan kenapa korban
terpaksa membunuh pelaku begal.

""Dengan kata lain, pelaku (orang yang dibegal) pada dasarnya memang bersalah
karena membunuh orang. Tapi hukum kita mengenal alasan pembenar dan alasan
pemaaf. Nah, siapa tahu hakim nantinya akan memaklumi alasan-alasan itu,""
tuturnya.

Reza mengungkit peristiwa pada 2018 lalu, di mana Kapolres Metro Bekasi Kota
yang saat itu menjabat, Kombes Indarto, justru memberi penghargaan kepada
warga yang melumpuhkan pelaku begal.

""Sekitar empat tahun lalu, Kapolres Metro Bekasi Kota malah pernah kasih
penghargaan kepada warga yang berhasil melumpuhkan begal,"" ucap Reza.

""Jadi, benar kata buku: tempo-tempo otoritas penegakan hukum cukup mafhum
bahwa vigilantisme patut didukung,"" imbuhnya.

Sebelumnya, korban begal di NTB ditetapkan menjadi tersangka kasus pembunuhan.
Polisi membeberkan alasan MA alias AS (34) ditetapkan sebagai tersangka.

Dilansir , kasus ini bermula dari penemuan mayat dua pria bersimbah darah di
Lombok Tengah, yang merupakan begal. Direktur Kriminal Umum Polda NTB Kombes
Hari Brata mengatakan MA alias AS ditetapkan sebagai tersangka karena
perbuatan menghilangkan nyawa orang lain.

Meskipun tersangka melakukannya karena upaya membela diri, menurut polisi,
alasan itu akan diputuskan oleh hakim.

""Korban sudah membuat laporan sebagai korban begal. Proses dua-duanya tetap
jalan. Masalah dia nanti dikategorikan membela diri, itu nanti putusannya ada
di pengadilan,"" kata Hari Brata pada Selasa (12/4).

Meski MA telah membuat laporan sebagai korban begal, Hari Brata mengaku
pihaknya tetap memproses kasus perbuatan yang menghilangkan nyawa orang lain.

""Proses dia menghilangkan nyawa orang lain itu tetap kita proses. Walaupun ada
upaya membela diri tadi, yang menilai itu, saya tegaskan, adalah pengadilan.
Hakim yang memutuskan,"" tegasnya.

 ",www.detik.com
Ini Sosok Polisi yang Duel dengan Maling Motor di Pasuruan,"Kamis, 24 Feb 2022 12:14 WIB","\-

Penangkapan maling motor di Kota Pasuruan berlangsung dramatis. Aksi
penangkapan ini cukup menegangkan karena seorang polisi sempat berduel dengan
pelaku pencurian motor.

Aksi mendebarkan ini terekam kamera warga. Vidoenya sempat tersebar dan viral
di aplikasi perpesanan.

Ternyata, polisi yang menangkap maling motor seorang diri ini yakni Bripka
Yulianto Eko Wahyudi. Sehari-hari, Yulianto bertugas di Polsek Gadingrejo,
Kota Pasuruan.

Awalnya, ia melakukan patroli rutin karena akhir-akhir ini marak pencurian
motor di wilayahnya. Ia kemudian melihat dua pemotor mencurigakan, lalu
tergerak melakukan pemantauan.

![Polisi bekuk maling motor di Kota
Pasuruan](https://akcdn.detik.net.id/community/media/visual/2022/02/24/polisi-
bekuk-maling-motor_169.jpeg?w=620)Sosok polisi yang membekuk maling motor di
Kota Pasuruan Foto: Muhajir Arifin  
  
---  
  
""Ada dua motor yang melaju kencang dan menyeberang jalan tidak selayaknya
orang yang wajar. Dari situ saya punya insting, mereka pelaku curanmor,"" kata
Yulianto, Kamis (24/2/2022).

Sebelumnya, peristiwa menegangkan ini terjadi di jalan antarkelurahan
Kebonagung, Purworejo, Kota Pasuruan, Rabu (24/2/2022) malam.

Detik-detik penangkapan maling motor ini diketahui warga. Warga pun sempat
merekam peristiwa mendebarkan ini dengan kamera ponselnya.  
  
Salah seorang warga, Sugeng menceritakan polisi tersebut mengejar maling
menggunakan motor. Dia berteriak dan terus melajukan motornya dengan kencang.

""Pelaku bawa motor dikejar polisi. Polisi teriak 'maling, maling, maling'
gitu,"" kata Sugeng kepada , Kamis (24/2/2022).

Sugeng mengungkapkan, terduga pelaku sebenarnya berjumlah dua orang dengan
membawa dua motor. Namun karena hanya satu polisi yang melakukan pengejaran,
seorang maling lolos. Sedangkan satu maling ditangkap.

Saat penangkapan berlangsung, polisi sempat berduel dengan maling tersebut.
Sang maling berusaha untuk lepas. Namun, polisi itu dengan sekuat tenaga
mencoba membekuk pelaku pencurian motor ini.

""Terus kena di depan kuburan,"" terang Sugeng.

Akhirnya, beberapa warga di lokasi ikut membantu mengamankan maling motor.
Setelah dibekuk, polisi melakukan penggeledahan.

Polisi dan warga pun menemukan tiga kunci T yang diduga digunakan sebagai alat
melakukan kejahatan. Pria itu kemudian dibawa ke Mapolres Pasuruan Kota.

  
  
  
[Gambas:Video 20detik]  

 ",www.detik.com
Maling Motor di 3 Lokasi Bae Kudus Ditangkap,"Kamis, 16 Jun 2022 13:12 WIB","\-

Polisi menangkap seorang pria berinisial RF pelaku pencurian spesialis sepeda
motor. Pelaku sudah beraksi di beberapa lokasi kejadian di wilayah Kecamatan
Bae, Kabupaten Kudus, Jawa Tengah.

""Ini kami sudah menangkap satu pelaku dengan tiga TKP, pertama kejadian awal
penangkapan Selasa (7/6),"" jelas Kapolres Kudus AKBP Wiraga Dimas Tama saat
jumpa pers di Mapolres Kudus, Kamis (16/6/2022).

Wiraga mengatakan kasus ini terungkap setelah korban AZ yang merupakan warga
Bae, Kudus kehilangan sepeda motor. Kejadian bermula saat korban sedang pergi
salat subuh.

""Pada waktu itu itu subuh melaksanakan salat subuh di masjid. Kemudian
kendaraan bersangkutan di belakang rumah,"" jelas dia.

Menurutnya tersangka sudah mengamati kebiasaan korban setiap subuh. Ketika
korban melaksanakan salat subuh di masjid, pelaku pun beraksi dan mengambil
sepeda motor yang ditinggal di rumah bagian belakang.

""Tersangka datang tempat sepeda motor disimpan dan tidak dicek, ternyata tidak
dikunci stang. Kemudian diambil dibawa kabur,"" terang Wiraga.

""Korban kemudian datang ke rumah melihat kendaraan sudah menghilang dan
melaporkan kepada Polsek Bae,"" sambung dia.

Menurutnya tersangka diamankan dalam waktu 1x24 jam usai kejadian. Tersangka
diamankan polisi di Kabupaten Jepara.

Dari hasil pengembangan ternyata tersangka sudah beraksi di beberapa lokasi di
Kecamatan Bae, Kudus. Dijelaskan dari penangkapan tersebut didapati barang
bukti beberapa sepeda motor hasil curian.

""Hasil penangkapan awal BB di TKP sebanyak satu sepeda motor. Pendalaman
ternyata ada dua TKP curanmor sudah tersangka lakukan. Kesemuanya di Bae. Itu
kita cek dan pemeriksaan ada laporannya,"" ujar dia.

""Pertama di Polres dan kedua di Polsek. Total barang bukti ada tiga kendaraan
sepeda motor,"" lanjut Wiraga.

Tersangka kini harus mendekam di Mapolres Kudus dan terancam kurungan penjara
tujuh tahun bui.

""Pasal yang disangkakan 363 KHUPidana,"" pungkas Wiraga.

  
  
  
[Gambas:Video 20detik]  

 ",www.detik.com
"Polisi Tangkap Penyebar Hoaks Klithih di Klaten, Pelaku Minta Maaf","Minggu, 10 Apr 2022 11:33 WIB","\-

Polisi menangkap penyebar hoaks terkait kelompok kejahatan jalanan atau yang
biasa disebut _klithih_ di Kecamatan Juwiring, Klaten, Jawa Tengah. Pelaku
bernama Bambang Swandani.

Dilansir detikJateng, Bambang meminta maaf kepada masyarakat Klaten. Ia
memohon maaf karena membuat masyarakat merasa tak aman berpergian ke luar
rumah.

""Saya meminta maaf kepada masyarakat Kabupaten Klaten, khususnya masyarakat
Juwiring atas postingan saya yang telah membuat rasa tidak nyaman. Di
Kecamatan Juwiring tidak ada klithih, saya mohon maaf yang sebesar-besarnya,""
ucap BS dalam unggahan video yang di- _upload_ Instagram Polres Klaten
@polres_klaten pada Minggu (10/4).

Kasat Reskrim Polres Klaten AKP Guruh Bagus Eddy Suryana membenarkan postingan
itu.

""Betul nama Bambang Swandani, diamankan di Juwiring. Sebelumnya memposting
kejadian klithih di medsos,"" jelas Guruh pada detikJateng, Minggu (10/4/2022)
pagi.

Informasi hoaks soal _klithih_ belakangan ini marak bertebaran di media
sosial. Admin salah satu Instagram, AD, sempat diamankan polisi karena
mengunggah konten video lama terkait temuan senjata gir motor bekas yang
dinarasikan terkait _klithih._

Selengkapnya bisa dibaca di sini

[Gambas:Video 20detik]

 ",www.detik.com
Pasutri Lansia di Probolinggo Duel Lawan Kawanan Pencuri Bawa Sajam,"Minggu, 20 Feb 2022 16:09 WIB","\-

Aksi curanmor di Kota Probolinggo kembali terjadi. Kali ini sasaran pencurian
terjadi di perumahan elit di Jalan Sabdo Palon, Kelurahan Jati, Kecamatan
Mayangan. Pasutri lansia, penjaga rumah berusaha menggagalkannya.

Pencurian motor yang terjadi pada Sabtu (19/2) sekitar pukul 03.00 WIB itu
bahkan sempat diketahui penjaga perumahan. Karena hal ini, penjaga sempat
meneriaki pencuri yang berjumlah empat orang.

Bukannya takut, para pencuri itu malah menyerang dan mencoba menyabetkan
celurit ke penjaga perumahan. Alhasil sebuah motor matic jenis Honda beAT
Nopol N 2589 QM berhasil dibawa kabur.

Salim (60), penjaga perumahan sekaligus saksi menuturkan sempat menegur para
pencuri itu. Mereka kemudian menjawab sedang menjenguk temannya yang sakit di
Perum AAA Regency itu.

Namun sesaat kemudian pelaku ternyata keluar dengan membawa sebuah motor. Tak
hanya salim, istrinya, Masiamah (55) juga ternyata ikut mencegah komplotan
curanmor itu. Namun sama dengan dirinya, istrinya juga gagal menghentikannya.

""Dua orang pelaku menunggu di depan pagar Perumahan AAA, saat disamperin
pelaku bilang, hendak menjenguk temannya yang sakit, teryata 2 orang pelaku
sudah ada di dalam perumahan, melihat hendak membawa kabur motor matic milik
warga, langsung diteriakin dan tutup pintu pagar, pelaku langsung
menendangnya, dan menyabet - nyabetkan clurit, sambil membawa motor hasil
kejahatannnya, istrinya sempat menyetop aksi pelaku, namun juga gagal,"" tutur
Salim, Minggu (20/2/2022).

Bagas Tantra Pradhana, korban sekaligus pemilik motor, mengaku tidak
mengetahui saat pencurian terjadi penjaga perumahan dan istrinya sempat
mencegahnya. Kini, aksi curanmor itu telah dilaporkan ke polisi.

""Tidak tahu, kalau waker (penjaga perumahan) bersama istrinya melawan aksi
kawanan curanmor yang jumlahnya 4 orang, tahunya motor matic yang parkir di
depan rumahnya sudah hilang, kasus curanmor ini sudah dilaporkan ke SPKT
Mapolres Probolinggo Kota"" jelas Bagas.

Kasat Reskrim Polres Probolinggo Kota AKP Teddy Tridani, membenarkan aksi
pencurian tersebut. Pihaknya juga telah menerima laporan dari korban. Saat
ini, anggotanya telah mendatangi ke rumah korban. Sejumlah bukti seperti
rekaman CCTV dari perumahan juga telah diambil untuk penyelidikan.

""Korban sudah melaporkan kejadian aksi curanmor, dan sudah kita minta
keterangan, petugas inavis dan tim opsnal Satreskrim Polres Probolinggo Kota,
mendatangi lokasi kejadian dan melakukan olah TKP, untuk melakukan
penyelidikan dan identifikasi dan minta hasil rekaman CCTV milik Perum AAA
Regency,"" terang Teddy.

  
  
  
[Gambas:Video 20detik]  

 ",www.detik.com
Pria di Tangerang Aniaya Lalu Perkosa Temannya di Sawah,"Minggu, 27 Mar 2022 14:59 WIB","\-

Seorang pria berinisial S alias Endit (28), warga Kemiri, Kabupaten Tangerang,
Banten, memperkosa temannya sendiri, wanita berinisial A (26). Polisi
melakukan penyelidikan dan menangkap Endit.

Kapolresta Tangerang Kombes Zain Dwi Nugroho mengatakan pemerkosaan itu
terjadi pada Minggu (6/3/2022) di persawahan di Mauk, Kabupaten Tangerang.

""Tersangka S alias Endit kami tangkap di kawasan Kemiri, Kamis (24/3) setelah
melalui serangkaian penyelidikan. Korban merupakan seorang karyawan yang
mengenal tersangka baru sekitar 3 minggu,"" kata Zain dari keterangan yang
diterima, Minggu (27/3).

Peristiwa nahas ini bermula saat pelaku sedang menjemput korban sepulang
kerja. Tetapi pelaku malah membawanya ke persawahan dan mengajak berhubungan
badan.

""Korban pulang kerja _shift_ 2, lalu dijemput pelaku. Korban diajak
berhubungan badan di persawahan namun menolak, lalu pelaku mendorong korban
hingga terjatuh,"" ujar Zain.

Korban yang sudah terjatuh kemudian dianiaya dengan dicekik dan dipukuli di
bagian kepala dan wajah oleh pelaku. Akibatnya, korban tidak berdaya melawan
pelaku.

""Pada saat korban lemas dan menahan rasa sakit akibat dianiaya, tersangka
memperkosa korban dan setelah itu langsung mengambil 1 ponsel milik korban,""
terang Zain.

Korban yang ditinggalkan pelaku begitu saja di persawahan kemudian melapor ke
polisi. Setelah mengidentifikasi pelaku, tim mendatangi rumah tersangka Endit.
Namun tersangka tidak ada di rumahnya.

""Selanjutnya tim melakukan pencarian kembali dan akhirnya tersangka kami
tangkap dan kami bawa ke Polresta Tangerang untuk pemeriksaan lebih lanjut.
Tersangka S alias Endit dijerat Pasal 365 dan 285 KUHP dengan ancaman hukuman
di atas 10 tahun penjara,"" tandas Zain.

 ",www.detik.com
Sidang Vonis Kolonel Priyanto di Kasus Handi-Salsa Digelar 7 Juni,"Selasa, 24 Mei  2022 15:44 WIB","\-

Majelis hakim menetapkan sidang vonis kasus dugaan pembunuhan sejoli Handi
Saputra (18) dan Salsabila (14) di Nagreg, Jawa Barat, dengan terdakwa Kolonel
Inf Priyanto digelar 7 Juni. Sidang vonis digelar setelah Kolonel Priyanto
membacakan duplik hari ini.

""Majelis hakim akan bermusyawarah untuk menyusun putusan yang akan dibacakan
pada Selasa tanggal 7 Juni 2022,"" kata Ketua majelis hakim Brigjen Faridah
Faisal di Pengadilan Militer Tinggi II Jakarta, Cakung, Jakarta Timur, Selasa
(24/5/2022).

Hakim Faridah menunda sidang untuk bermusyawarah menyusun putusan. Sidang
ditunda sampai Selasa (7/6/2022).

""Sidang akan saya tunda untuk memberikan kesempatan kepada majelis hakim untuk
bermusyawarah dan menyusun putusan sampai dengan hari Selasa, tanggal 7 Juni
2022,"" ujar Faridah.

Sebelumnya, oditur militer tetap menuntut Kolonel Inf Priyanto seumur hidup
penjara dalam kasus pembunuhan sejoli Handi dan Salsa di Nagreg. Oditur tetap
pada pendiriannya meski Priyanto meminta dibebaskan.

""Oditur militer tinggi berpendapat tidak ada kekeliruan dalam pembuktian unsur
dan penerapan hukum dalam tuntutan kami, sehingga oditur militer tinggi tetap
pada tuntutan yang dibacakan pada hari Kamis, tanggal 21 April 2022,"" kata
oditur militer Kolonel Sus Wirdel Boy saat membacakan replik di Pengadilan
Militer Tinggi II Jakarta, Cakung, Jakarta Timur, Selasa (17/5).

Wirdel Boy membantah jika dakwaan yang disusunnya itu keliru. Dia menyebut
surat dakwaan sudah sesuai dengan ketentuan dan cara pengambilan alat bukti
yang sah yang diatur dalam perundang-undangan.

""Kami pastikan bahwa kesimpulan tim penasihat hukum tersebut adalah keliru,
oditur militer tinggi dalam upaya membuktikan dakwaan terikat pada ketentuan
dan tata cara pengambilan alat bukti yang sah yang ditentukan oleh undang-
undang sebagaimana diatur dalam Pasal 172 Undang-Undang 31 Tahun 1997 tentang
Peradilan Militer,"" kata Wirdel Boy.

Kasus ini bermula dari Kolonel Priyanto dan dua anak buahnya menabrak Handi
dan Salsa di Nagreg. Bukannya menolong korban, Kolonel Priyanto cs malah
membawa mereka hingga keluar dari Jabar dan membuang tubuh kedua korban ke
anak Sungai Serayu. Salsa dibuang ke sungai dalam kondisi meninggal dunia.

Handi diduga dibuang ke sungai dalam kondisi masih hidup. Jasad kedua korban
ditemukan di Sungai Serayu. Dari ketiga tersangka, diketahui Kolonel Priyanto-
lah yang menolak membawa Handi-Salsa ke rumah sakit setelah kecelakaan akibat
tabrakan dengan mobilnya. Dia juga yang memiliki ide membuang tubuh Handi-
Salsa ke sungai.

Kolonel Priyanto diyakini oditur melanggar Pasal 340 KUHP, Pasal 338 KUHP,
Pasal 328 KUHP, Pasal 333 KUHP, dan Pasal 181 KUHP _juncto_ Pasal 55 ayat 1
ke-1 KUHP.

 ",www.detik.com
"Viral Pria Tercebur Selokan di Tangsel, Ternyata Pencuri Mobil Ekspedisi","Kamis, 07 Okt 2021 11:10 WIB","\-

Sebuah video memperlihatkan seorang pria tercebur ke selokan di Gading
Serpong, Tangerang Selatan, viral di media sosial. Usut punya usut, pria itu
ternyata pencuri mobil ekspedisi.

Pelaku tersebut sempat bersembunyi di bawah selokan untuk menghindari kejaran
warga. Peristiwa itu terjadi pada Rabu (6/10) malam.

Dalam video tersebut, terlihat pelaku sedang bersembunyi di bawah selokan dan
diteriaki oleh sejumlah warga agar pelaku tersebut naik dari tempat
persembunyian.

Terlihat juga dalam video tersebut, si kurir pemilik mobil menjelaskan
kronologi singkat saat pelaku mencuri mobilnya.

Saat kurir sedang keluar dari mobil dan hendak menanyakan alamat lokasi ke
salah satu warga, mobil tersebut dalam keadaan hidup.

Lalu, kurir tersebut menyadari mobilnya telah dikendarai oleh orang lain saat
dirinya sedang bertanya alamat. Sontak kurir tersebut langsung terkejut dan
menghampiri mobilnya.

Ia kemudian menjelaskan mobil itu adalah mobilnya. Kurir menjelaskan mobilnya
dicuri saat mesin dalam kondisi menyala.

""Memang kondisi mobil _nyala_ sama _nyala aja_ kuncinya. Pas saya ke mobil,
mobil jalan, loh kok mobil jalan,"" kata kurir ekspedisi dalam video yang
dilihat , Kamis, (7/10/2021).

Dalam video tersebut juga terlihat salah satu petugas polisi menanyakan
pemilik mobil tersebut kepada sang kurir.

""itu mobil punya Bapak nih?"" tanya petugas polisi.

""iya,"" jawab kurir.

Kapolsek Kelapa Dua AKP Fredy Yudha S membenarkan adanya kejadian itu. Polisi
telah mengamankan pelaku.

""Orangnya sudah diamankan. Masih kita periksa,"" kata Fredy.

 ",www.detik.com
Polisi Ditombak Saat Tangkap Begal di Jambi,"Rabu, 11 Mei  2022 08:10 WIB","\-

Penangkapan pelaku begal di Seberang, Kota Jambi, oleh tim Resmob
mengakibatkan Kepala Unit Resmob Ditreskrimum Polda Jambi, AKP Johan Silaen,
terluka serius dan kritis. Johan Silaen terluka akibat ditombak pelaku.

Dilansir _Antara_ , Rabu (11/5/2022), Dirreskrimum Polda Jambi Kombes Kaswandi
Irwan membenarkan kejadian itu. Johan disebut telah menjalani operasi dan
belum sadar karena pengaruh bius.

""Saat ini kondisi AKP Johan Silaen dalam perawatan medis setelah jalani
operasi dan dirawat di RSUD Raden Mattaher Jambi, dan mohon doanya agar
anggota kami selamat,"" katanya.

Sementara itu, pelaku penombakan adalah begal bernama Taufik Galing (32). Saat
akan ditangkap polisi di rumahnya, Galing menyerang dan menombak Johan Silaen,
sehingga ditembak di tempat oleh polisi lain.

Galing menombak Silaen di tempat kejadian perkara di Kelurahan Tanjung Pasir,
Kecamatan Danau Teluk, Seberang Kota Jambi. Irwan mengatakan peristiwa itu
terjadi pada Selasa (10/5) pukul 18.00 WIB, setelah polisi mendapat informasi
Galing tengah berada di rumahnya.

Menindaklanjuti informasi itu, tim gabungan dari Resmob Polda Jambi, Opsnal
Polresta Jambi, Polres Batanghari, dan Polres Muarojambi langsung mendatangi
rumah Galing.

""Di TKP, pelaku yang telah mengetahui kedatangan polisi sempat berteriak
'Silakan tangkap, saya sudah siap. Saya akan melakukan perlawanan'. Tim lalu
mengepung kediaman pelaku,"" kata Irwan.

Dia mengatakan Johan Silaen, yang saat itu memimpin penangkapan, langsung
masuk ke rumah bersama beberapa orang anggota. Namun, Galing, yang sudah
menunggu di dalam rumah, langsung menombak Johan Silaen.

""Anggota kami, AKP Silaen posisinya di depan, karena dia yang memimpin. Saat
itu dia mengenakan rompi (antipeluru), tetapi ditusuknya di perut kirinya,""
katanya.

Setelah Johan Silaen ditombak, anggota yang berada di belakangnya menembak
Galing karena sudah menyerang polisi. Irwan menyebut polisi melepaskan tiga
tembakan ke arah dada yang menyebabkan Galing tewas di tempat.

""Terkait kejadian ini, sudah kami berikan pengertian kepada keluarga pelaku
dan kami sampaikan apa adanya yang kemudian tindakan tegas diambil karena
tindakan pelaku juga berisiko terhadap anggota lainnya,"" kata dia.

Dia mengatakan Taufik Hardiansyah alias Galing merupakan buron 11 kasus begal
di sejumlah wilayah.

""Ke-11 TKP ada ada enam TKP pencurian dengan kekerasan di wilayah Polres
Batanghari, dua TKP di Polresra Jambi masing-masing satu kasus pencurian
kekerasan atau curas dan satu pencurian pemberatan (curat) serta tiga TKP di
Muarojambi,"" kata Irwan.

[Gambas:Video 20detik]

 ",www.detik.com
Pria Baubau Perkosa Wanita Modus Agama-Paksa Korban Berhubungan Sesama Jenis,"Rabu, 27 Apr 2022 20:14 WIB","\-

Pria inisial IR dilaporkan ke polisi atas tuduhan pemerkosaan remaja wanita
inisial Y (16) di Kota Baubau, Sulawesi Tenggara (Sultra) dengan modus
mengajarkan ilmu agama. IR juga memaksa korban Y untuk melakukan hubungan
sesama jenis dengan seorang wanita inisial A hingga direkam video.

""IR ancam akan sebar video intim klien kami korban Y ini jika tidak melakukan
hubungan sesama jenis,"" kata Safrin Salam, kuasa hukum Y kepada , Rabu
(27/4/2022).

Untuk diketahui, IR sebelumnya memperkosa korban Y sambil direkam video tanpa
sepengetahuan korban. Video tersebut lantas digunakan IR mengancam korban
melalui pesan singkat agar bisa kembali memperkosa korban.

  

Belakangan pesan singkat tersebut diketahui oleh wanita inisial A. Pelaku IR
justru tak gentar saat aksinya terungkap dan malah mendesak korban Y
berhubungan sesama jenis dengan A yang mana pelaku kembali mengancam
menyebarkan video pemerkosaan sebelumnya.

""Pelaku ditahu chatnya ternyata tidak gentar, lantas mencari tahu informasi A.
Kemudian, pelaku memaksa Y untuk melakukan hubungan badan dengan A (sesama
jenis) dan meminta aksinya direkam. Jika tidak mau melakukan, Y diancam
kembali oleh IR,"" katanya.

Y tak bisa berbuat banyak karena takut video asusilanya disebar pelaku. Korban
terpaksa menuruti keinginan pelaku melakukan hubungan sesama jenis dengan A
sambil direkam untuk dikirim ke pelaku.

""Korban merasa terancam kemudian membujuk A untuk membuat video asusila sesama
jenis menggunakan HP korban. A ini sempat nasehati Y jangan direkam nanti
bermasalah, tapi Y sangat takut dan membujuk A untuk menuruti keinginannya
membuat video tersebut,"" tambah dia.

Safrin Salam mengungkapkan kasus tersebut terbongkar pada Sabtu (2/4) yang
mana keluarga Y merasa ada yang aneh dengan korban. Keluarga kemudian mengecek
ponsel Y sehingga keluarga mendapati video asusila sesama jenis tersebut.

""Ternyata dicek lagi ditemukan chat pelaku yang mengancam korban. Keluarga
tidak terima dan melaporkan ke kami. Kami pun membuat laporan ke polisi pada
tanggal 8 April 2022 di Polres Baubau,"" papar dia.

Ia menambahkan korban Y ternyata mengalami ancaman dari pelaku IR tidak kurang
dari 2 tahun. Kini polisi sedang menyelidiki keberadaan pelaku Y.

""Saat ini anggota Opsnal saya berada di Kendari bersama Resmob Polda Sultra
untuk lidik keberadaan tersangka,"" ujar Kapolres Baubau AKBP Erwin Pratomo,
dalam wawancara terpisah.

## Pemerkosaan Modus Ajarkan Ilmu Agama

Sebelumnya, pelaku memperkosa korban dengan modus mengajarkan ilmu agama.
Korban awalnya diajarkan melakukan perbuatan baik.

""Pelaku bercerita dan mengajarkan keduanya tentang ilmu Agama Islam, ilmu
Tauhid dan mengarahkan korban ke hal-hal perbuatan baik,"" ujar Kapolres Baubau
AKPB Erwin Pratomo dalam keterangannya, Rabu (27/4/2022).

Peristiwa pemerkosaan tersebut terjadi pada April 2020 lalu. Awalnya korban Y
diajak wanita teman dekat pelaku berinisial E (19) menemui pelaku di kawasan
Keraton Baubau untuk diajari pengetahuan tentang agama.

Selang seminggu setelah itu, pelaku kembali memanggil Y dan E untuk bertemu.
Kali ini, pelaku mengajak keduanya bertemu di indekos pelaku di Kecamatan
Kokalukuna, Kota Baubau.

""Setiba di kos pelaku, keduanya diajak bercerita kurang lebih 30 menit.
Setelah itu keduanya diajak pelaku berhubungan suami istri,"" papar dia.

Saat melakukan aksi bejatnya, IR ternyata diam-diam sambil merekam video
menggunakan handphone miliknya. Hal ini dilakukan pelaku tanpa sepengetahuan
korban.

""Kedua korban disetubuhi oleh pelaku sambil direkam video pakai HP pelaku
sendiri,"" beber Erwin.

Belakangan video tersebut dipakai pelaku sebagai ancaman untuk mencabuli lagi
kedua korban. Jika keinginannya tidak dipenuhi, pelaku mengancam korban
menyebar video tersebut.

""Sebulan kemudian pelaku kembali mengajak kedua korban untuk melakukan
hubungan badan namun mereka menolak, pelaku mengancam akan menyebarkan video
yang pernah dibuat saat melakukan persetubuhan,"" bebernya.

  
  
  
[Gambas:Video 20detik]  

 ",www.detik.com
Eksepsi Perwira Polda Sulsel AKBP Mustari Bantah Dakwaan Perkosa ABG,"Jumat, 27 Mei  2022 08:30 WIB","\-

Perwira Polda Sulawesi Selatan (Sulsel) AKBP Mustari didakwa melakukan
pemerkosaan berkali-kali terhadap remaja putri. Namun dakwaan tersebut
dibantah sang perwira dengan mengatakan justru dia berjasa membantu biaya
sekolah korban.

AKBP Mustari awalnya menjalani sidang dakwaan di Ruangan Kartika, Pengadilan
Negeri (PN) Sungguminasa, Gowa pada Rabu (18/5). Jaksa penuntut umum Andi
Ichlazul Amal mendakwa AKBP Mustari bersalah melanggar Pasal 81 Ayat 1 dan
Ayat 2 UU 17 tentang Perlindungan Anak.

Dalam uraian dakwaannya, jaksa mengungkap terdakwa Mustari melakukan
pemerkosaan dengan dua cara. Cara pertama adalah pemerkosaan disertai ancaman
sebagaimana dakwaan Pasal 81 Ayat 1.

  

""Dakwaan dasarnya itu kan kalau dia Pasal 81 Ayat 1 itu ancaman kekerasan sama
kekerasan. Persetubuhan (pemerkosaan), tapi cara untuk melakukan persetubuhan
itu dengan kekerasan,"" kata Andi.

Lebih lanjut jaksa Andi memaparkan terdakwa Mustari juga melakukan pemerkosaan
yang disertai bujuk rayu. Uraian ini merujuk pada dakwaan Pasal 81 Ayat 2.

""Kalau 81 Ayat 2 tapi caranya itu bujuk rayu, tipu muslihat,"" kata Andi.

Seminggu berikutnya, Rabu (25/5), terdakwa AKBP Mustari membacakan eksepsi di
hadapan majelis hakim. Dalam pembelaannya, Mustari membantah pemerkosaan
dengan klaim selama ini dia justru membantu membayar biaya sekolah korban.

Terdakwa juga menegaskan tuduhan pemerkosaan yang dialamatkan jaksa bersifat
sepihak, yakni murni berdasarkan pengakuan korban. Mustari menegaskan dakwaan
jaksa tak sesuai prinsip hukum.

""Itu (eksepsi) dinyatakan tidak sesuai prinsip hukum atau dengan kata lain
hanya berdasarkan yang bersifat berdiri sendiri, atau bersifat kata-kata
omongan dari saksi (korban) sendiri,"" ujar jaksa Andi.

Andi mengungkapkan terdakwa dalam eksepsinya juga menegaskan ancaman dan
pemerkosaan itu hanyalah omongan kosong korban saja. Kemudian terkait visum,
terdakwa Mustari juga membantah dengan mengatakan luka vital korban merupakan
luka lama.

""Ada visum yang dia bantah itu karena di hasil visum kan ada luka bekas robek
yang lama. Jadi dia berusaha mengaburkan bahwa eksepsi bahwa apakah si Mustari
ini yang melakukan persetubuhan. Sehingga ada visum luka robek, artinya luka
lama,"" jelasnya.

Terdakwa Mustari juga mengklaim sebenarnya menolak korban bekerja di rumahnya
sebagai asisten rumah tangga. Dia berdalih telah mempertimbangkan usia korban
yang masih di bawah umur.

""Akhirnya dia jelaskan bahwa awalnya si terdakwa menolak anak itu bekerja di
situ. Dikarenakan masih anak-anak,"" ungkapnya.

Namun kenyataannya AKBP Mustari tetap mempekerjakan korban. Untuk ini Mustari
berdalih hal ini ia lakukan untuk membantu membayarkan uang sekolah korban.

Terdakwa Mustari juga berdalih hanya memerintahkan korban membersihkan area
luar rumahnya di Kecamatan Barombong, Kabupaten Gowa. Sementara di dalam rumah
terdakwa mengaku tidak pernah meminta korban melakukannya.

Mustari juga mengaku tidak mengikat jam kerja korban. Dia mengaku korban hanya
bekerja jika segala urusan sekolahnya sudah selesai.

""Dia (AKBP Mustari) bilang datang saja kapan ada waktumu. Datang saja ke rumah
kalau ada waktu mu, kamu datang. Tetap saya biayai sekolahmu Rp 350 ribu per
bulan. Dia katanya hanya membersihkan di pekarangan rumah. Tidak masuk ke
rumah,"" jelasnya.

  
  
  
[Gambas:Video 20detik]  

 ",www.detik.com
Kisah Durhaka Anak Bunuh Ibu di Kendal Gegara Uang Warisan,"Jumat, 20 Mei  2022 06:30 WIB","\-

Setelah melakukan penyelidikan selama 5 bulan, tim Reskrim Polres Kendal
akhirnya dapat mengungkap kasus pembunuhan Suratmi yang terjadi pada Desember
2021. Warga Desa Korowelang Anyar, Kecamatan Cepiring, Kendal, itu diduga
dibunuh anak kandungnya sendiri, Sunarto alias Tumian.

""Butuh waktu lama untuk mengungkap kasus ini. Saat itu kesulitan kami karena
minimnya saksi dan alat bukti di lokasi kejadian,"" kata Kasatreskrim Polres
Kendal, AKP Daniel A Tambunan, Rabu (18/5).

Dari data yang dihimpun dari Polres Kendal, kasus itu berawal saat Sunarto
yang berkunjung ke rumah ibunya berteriak meminta pertolongan warga. Rumah
Sunarto dan Suratmi terpisah, tapi masih di satu desa yang sama.

Saat itu Suratmi bersimbah darah karena luka di kepalanya akibat benda tajam.
Mengetahui Suratmi masih hidup, warga membawanya ke puskesmas. Belakangan
diketahui Sunarto melepas selang oksigen ibunya saat di puskesmas.

Hal itu terungkap dari rekaman CCTV di puskesmas, salah satu bukti yang
menguatkan polisi untuk menangkap Sunarto di rumahnya, Rabu lalu. ""Tersangka
melepas selang oksigen yang dipakai korban,"" ungkap Kapolres Kendal AKBP
Yuniar Ariefianto, Kamis (19/5/2022). Selain itu, polisi akhirnya juga
menemukan kaus tersangka yang terkena darah.

![Tim Reskrim Polres Kendal menangkap Sunarto, tersangka pembunuhan ibu
kandung, Rabu
\(18/5/2022\).](https://akcdn.detik.net.id/community/media/visual/2022/05/18/tim-
reskrim-polres-kendal-menangkap-sunarto-tersangka-pembunuhan-ibu-kandung-
rabu-1852022_43.jpeg?w=480)Tim Reskrim Polres Kendal menangkap Sunarto,
tersangka pembunuhan ibu kandung, Rabu (18/5/2022). Foto: dok Polres Kendal  
  
---  
  
""Kami amankan barang bukti berupa sebilah sabit, kaus milik tersangka dan
sepeda motor. Tersangka kami jerat dengan pasal 340 KUHP atau 338 KUHP atau
351 KUHP dengan ancaman pidana maksimal 20 tahun penjara,"" ujar Yuniar.

Namun, Sunarto berkukuh tidak membunuh ibunya. ""Saya tidak membunuh, saya
dijebak dan difitnah,"" kata Tumian saat digelandang petugas.

Sebelum menemukan barang bukti rekaman CCTV dan kaus bernoda darah itu, polisi
sudah memeriksa 26 saksi termasuk Sunarto. Awalnya, Sunarto mengatakan kepada
warga bahwa ibunya menjadi korban kejahatan. Setelah ibunya dipastikan
meninggal, Sunarto melapor ke polisi dan mengatakan ibunya dibunuh orang tak
dikenal.

Yuniar mengatakan, polisi juga sudah mendapatkan motif dari kasus pembunuhan
itu. Sebelum kejadian, korban menitipkan uang hasil penjualan tanah warisan
sebesar Rp 118 juta kepada tersangka. Menurut Yuniar, uang tersebut digunakan
tersangka dan tersisa Rp 10 juta.

""Korban selalu menanyakan uangnya, tapi tersangka malah emosi, Tersangka kalap
dan akhirnya membacok korban dengan sabit,"" kata Yuniar.

Setelah membacok ibunya, Yuniar menambahkan, tersangka berbuat seolah-olah
menemukan tubuh ibunya sudah bersimbah darah karena menjadi korban kejahatan
orang tak dikenal.

  
  
  
[Gambas:Video 20detik]  

 ",www.detik.com
"Jadi Saksi Kunci Kasus Amaq Sinta, Ini Pengakuan 2 Begal Selamat","Sabtu, 16 Apr 2022 10:08 WIB","\-

Penetapan korban begal Amaq Sinta menjadi tersangka pembunuhan atas 2 pelaku
begal di Lombok Tengah, Nusa Tenggara Barat (NTB) tidak terlepas dari
kesaksian 2 pelaku begal lainnya yang selamat. Kepolisian menyebut, Amaq Sinta
ditetapkan tersangka atas dasar bukti bukti yang ditemukan dari olah tempat
kejadian perkara serta kesaksian kedua pelaku begal.

Kedua begal yang selamat, Wahid dan Holidi, kini ditahan di Polda Nusa
Tenggara Barat atas kasus pencurian dengan kekerasan (curas) dengan Amaq Sinta
sebagai korbannya. Namun dalam kasus pembunuhan dengan tersangka Amaq Sinta,
keduanya dijadikan saksi kunci.

Lalu, apa kesaksian mereka yang membuat Amaq Santi jadi tersangka?

  

Berdasarkan keterangan Wakapolres Lombok Tengah Kompol I Ketut Tamiana, Wahid
dan Holidi telah mengakui bahwa pembegalan itu direncanakan sejak awal.
Pembegalan dilakukan usai keempat begal minum minuman keras bersama.

""Keterangan saksi Wahid dan Holidi, saat itu sudah direncanakan kasus curas
ini. Saat mereka minum minum di rumah Pendi bersama Oki (dua begal yang
tewas). Setelah selesai minum miras, bergeraklah mereka berempat ke TKP
(tempat kejadian perkara),"" kata Tamiana dalam jumpa pers di Mapolres Lombok
Tengah pada Selasa (12/4/2022).

Masih menurut Wahid dan Holidi, saat itu Oki dan Pendi mengendarai
kendaraannya lumayan kencang ke arah timur. Akibatnya, Wahid dan Holidi
ketinggalan di belakang.

""Tapi dibuntuti dari belakang oleh mereka. Saat ketemu, tiba tiba liat Pendi
dan Oki berkelahi dengan pelaku pembunuhan,"" kata Tamiana.

Wahid dan Holidi lantas membantu Oki dan Pendi menghadapi Amaq Sinta.

""Setelah dibantu, tiba tiba Pendi tersungkur. Setelah Pendi tersungkur, mundur
dua orang ini, akhirnya melarikan diri,"" ujarnya.

""Nah, setelah itu, oki melarikan diri menggunakan kendaraan dari pelaku. Saat
berbelok, Oki jatuh. Dia ditusuk dari belakang. Oki ditusuk oleh calon korban
percobaan pencurian dengan kekerasan,"" tambah Tamiana.

Tamiana menyebut ada 4 bilah sajam dan 3 unit kendaraan yang disita polisi
dari peristiwa itu. Empat sajam tersebut terdiri dari tiga parang berbagai
ukuran milik para begal, dan satu buah pisau milik Amaq Sinta. Sementara 3
buah sepeda motor yang disita terdiri atas dua sepeda motor milik pelaku begal
dan 1 sepeda motor milik Amaq Sinta.

""Terkait dengan proses penanganan kasus ini, kurang dr 24 jam kasus ini
terungkap dengan alat bukti berupa keterangan saksi dan hasil olah TKP,"" kata
dia, menyebut kesaksian Wahid dan Holidi termasuk diantaranya.

""Jadi total pelaku pembunuhan 1 orang, yang juga calon korban kasus pencurian
dengan kekerasan.Dan yang kita amankan juga, kita jadikan tersangka, teman
korban yang lakukan percobaan pencurian dengan kekerasan, dua orang,""
tambahnya.

Diberitakan sebelumnya, Amaq Sinta kini menyandang status tersangka atas
pembunuhan dua orang begal di Lombok Tengah, Nusa Tenggara Barat (NTB). Hal
itu terjadi setelah ia lolos dari maut usai menghadapi empat orang begal pada
malam harinya.

Keempat begal menghadangnya di jalan raya Desa Ganti, Lombok Tengah, saat ia
hendak menuju sebuah rumah sakit di Lombok Timur untuk membesuk ibunya yang
sakit. Amaq Sinta menghadapi keempat begal yang membawa senjata tajam itu
sendirian, dan berhasil melumpuhkan dua begal. Sedangkan dua begal lainnya
melarikan diri.

  
  
  
[Gambas:Video 20detik]  

 ",www.detik.com
Penjaga Gudang Mebel di Medan Labuhan Tewas Dipukul Pakai Martil,"Selasa, 24 Mei  2022 20:29 WIB","\-

Kisen (38) warga Pasar 5, Gang Rawit, Kecamatan Medan Labuhan Deli, meninggal
dunia setelah kepalanya dipukul pakai martil dua kali oleh tetangganya
sendiri. Hal itu disampaikan oleh Abang Kisen bernama Sures saat dijumpai
detikSumut di RS Bhayangkara, Selasa (24/5/2022).

""Ceritanya, awalnya Kisen bersama kawan - kawannya serta pelaku (tetangganya)
bernama Arjun sedang duduk berbincang - bincang sambil minum di dekat gudang
mebel,"" katanya.

""Nah, Kisen kan sedang jaga malam di gudang itu. Jadi saat si Arjun ini
seperti tidak terima (diduga iri hati) karena Kisen jadi penjaga malam di
gudang tersebut. Tiba - tiba, kepala adik saya dihantam pakai martil dua kali
di dekat bagian otak,"" tambahnya.

  

Dia mengatakan kejadian tersebut terjadi sekitar pukul 12.00 WIB Senin,
(23/5/2022). Tak lama, keluarga Kisen pun menghampiri lokasi dan membawanya ke
Rumah Sakit Sinar Rusni.

Kisen sempat dirawat di rumah sakit tersebut. Akan tetapi, sekitar pukul 09.30
WIB kondisinya memburuk sehingga tidak bisa diselamatkan lagi. Kini, jenazah
Kisen langsung dibawa ke RS Bhayangkara untuk menjalani autopsi.

""Setelah kejadian itu kami sudah membuat laporan ke Polsek Medan Labuhan,""
ujarnya.

Di lain pihak, Kapolsek Medan Labuhan, Kompol Mustafa Nasution menjelaskan
telah menerima laporan terkait persoalan tersebut.

""Iya kami sudah terima laporan dari korban. Saat ini kami sedang lakukan
proses penyelidikan. Pelaku sedang kami buru,"" tutupnya.

  
  
  
[Gambas:Video 20detik]  

 ",www.detik.com
"Heboh Emak-emak di Boyolali Ngaku Dibegal, Tapi Ternyata...","Rabu, 27 Apr 2022 11:27 WIB","\-

Jagat maya Boyolali sempat dihebohkan dengan kabar seorang emak-emak menjadi
korban begal, Selasa (26/4) malam. Bahkan informasi itu disertai foto korban
terbaring di fasilitas kesehatan.

Keterangan foto itu menyebutkan emak-emak tersebut merupakan korban begal di
wilayah Jambean, Desa Cepogo, Kecamatan Cepogo, Kabupaten Boyolali.

Lalu seperti apa faktanya?

""Benar, ada warga yang mengaku telah menjadi korban curas (pencurian dengan
kekerasan). Tetapi setelah kita lakukan penyelidikan lebih lanjut ternyata
pernyataan warga tersebut tidak benar,"" kata Kapolsek Cepogo, AKP Agung
Setiawan, kepada , Rabu (27/4/2022).

Agung mengungkap begitu mendapat informasi terjadinya pembegalan seperti yang
tertera dalam postingan itu, pihaknya langsung menerjunkan anggota untuk
mendatangi lokasi. Polisi menyelidiki kebenaran informasi tersebut. Wanita
dalam foto tersebut diketahui berinisial M, warga Sambungrejo, Desa Mliwis,
Kecamatan Cepogo.

Lebih lanjut Agung menjelaskan peristiwa itu bermula ketika M mengaku telah
dibegal di Jalan Cepogo-Ampel, Desa Cepogo, pukul 17.54 WIB, kemarin. Lokasi
tersebut tepatnya di jalan arah puskesmas atau 100 meter dari Pasar Sayur
Cepogo.

Kepada warga, M mengaku dibegal hingga akhirnya segera dilarikan ke puskesmas.
Kemudian polisi mendatangi Puskesmas Cepogo meminta keterangan M.

Dari hasil penyelidikan, ternyata M tidak memberikan keterangan yang jelas.
Warga terdekat dengan lokasi kejadian juga mengaku tak mendengar apapun, baik
tangisan maupun teriakan M minta tolong. Ketika dicek di puskesmas, M juga
dalam kondisi sehat dan tidak mengalami luka.

""Kondisi (M) sehat, tidak ada luka,"" jelasnya.

  
Polisi terus melakukan pendalaman dan diketahui M ternyata mengarang cerita.
Dia mengaku dibegal karena sebelumnya kehilangan uang Rp 3 juta dan takut
kepada suaminya.

""Warga tersebut mengaku telah mengarang cerita seolah-olah telah dibegal
karena yang bersangkutan sebelumnya kehilangan uang dan karena takut tidak
punya alasan kepada suaminya,"" kata Agung.

Selanjutnya, M dipulangkan ke rumahnya oleh jajaran Polsek Cepogo pada hari
yang sama. Agung mengimbau agar masyarakat tetap waspada dan selalu
mengkroscek informasi yang diterima.

  
  
  
[Gambas:Video 20detik]  

 ",www.detik.com
Aksi Driver Ojol Kejar Pencuri Motor di Suramadu hingga Tertangkap,"Kamis, 21 Okt 2021 20:51 WIB","\- Driver ojol di Surabaya menangkap pencuri motor miliknya. Aksi pengejaran
dan penangkapan maling motor itu terjadi di Jembatan Suramadu.

Mahur, pemilik motor mengatakan, pencurian itu terjadi pada Rabu (20/10)
sekitar pukul 12.00 WIB. Ia menyebut penangkapan maling hanya membutuhkan
waktu sekitar 2 jam.

Mahur kemudian menuturkan, pencurian motornya itu berawal saat ia sedang
mendapat order mengambil makanan di Jalan Embong Malang. Tapi usai mengambil
order, tahu-tahu Honda BeAT bernomor pelat L 6432 LI miliknya telah hilang.
Padahal motor tersebut telah dikunci ganda.

""Awalnya saya dapat order. Motor kemudian saya parkir dan saya ambil order.
Tapi tahu-tahu motor sudah hilang. Padahal sudah saya kunci,"" tutur Mahur
kepada detikcom, Kamis (21)10/2021).

Mengetahui motor hilang, Mahur kemudian melaporkannya ke Polsek Genteng.
Namun, ia bersama saudaranya kemudian berinisiatif menunggu pencuri di
Jembatan Suramadu.

Benar saja, setelah ditunggu sekitar 1 jam, motornya bersama pelaku terlihat
melintas akan masuk Jembatan Suramadu. Tak ingin kehilangan momen, Mahur dan
keempat saudaranya yang menunggangi motornya masing-masing langsung mengejar
pelaku.

Aksi kejar-kejaran Mahur dan keempat saudaranya dengan pencuri tersebut tak
terhindarkan. Tapi pencuri itu tetap tak mau berhenti dan terus menghindari
kejaran.

""Iya, kejar-kejaran di atas jembatan. Terus di tengah itu saya sempat mepet
dan saya bilang agar turun. Tapi tetap gak mau. Akhirnya saya nyoba nendang
tapi saya malah jatuh,"" ujar Mahur.

""Tapi saudara saya akhirnya tetap ngejar. Dan saya ikut lagi ngejar sampai
turun dari jembatan sisi Bangkalan sana,"" imbuhnya.

Menurut Mahur, usai turun dari jembatan, pencuri itu kemudian meninggalkan
motor dan kabur ke lahan kosong. Nah, di situ kemudian pelaku menyerah lalu
ditangkap.

""Turun jembatan dia meninggalkan motor dan kabur lagi. Tapai saya sama saudara
saya tetap kejar. Sampai di lahan kosong dia angkat tangan dan nyerah,"" kata
Mahur.

Selanjutnya __

Halaman

1  2

 ",www.detik.com
Polisi Tangkap 3 Begal Viral yang Todong Warga-Rampas HP di Jakbar!,"Kamis, 09 Jun 2022 09:15 WIB","\-

Polisi menangkap tiga begal yang menodongkan senjata tajam kepada korban di
Roa Malaka, Tambora, Jakarta Barat. Ketiga pelaku berinisial TB (24), NDO (21)
dan Ap (17).

Kapolsek Tambora Kompol Rosana Albertina Labobar menjelaskan kronologi
kejadian bermula saat korban didatangi pelaku usai menutup pintu gedung tempat
korban bekerja. Dia menyebut pelaku berboncengan tiga menggunakan satu motor.

""Salah satu pelaku TB turun menghampiri korban dan mengeluarkan sajam jenis
parang dan rekan pelaku AR meminta agar korban menyerahkan handphone
miliknya,"" katanya kepada wartawan, Kamis (9/6/2022).

Setelah berhasil merampas barang milik korban, para pelaku langsung melarikan
diri. Dia menyebut para pelaku telah merencanakan aksi kejahatan.

""Pelaku berkumpul di depan kosan di Jalan Terate I, kemudian berputar-putar
untuk mencari sasaran korban,"" katanya.

Setelah dilakukan penyelidikan, polisi pun berhasil mengidentifikasi pelaku.
Pelaku diamankan di kediaman masing-masing.

""Kami juga mengamankan barang bukti berupa satu buah parang berukuran 80 cm
dan satu unit sepeda motor,"" katanya.

Saat ini pelaku telah diamankan di Polsek Tambor. Akibat perbuatannya pelaku
dikenakan pasal 365 KUHP tentang pencurian dengan kekerasan.

Sebelumnya, aksi begal bersenjata tajam di Roa Malaka, Tambora, Jakarta Barat,
viral di media sosial. Seorang pria yang pulang kerja ditodong senjata tajam
(sajam) hingga dirampas ponselnya oleh pelaku.

Dalam video tersebut, tampak pelaku berjumlah dua orang berboncengan sepeda
motor. Dari narasi yang beredar, pelaku menodongkan senjata tajam kepada
korban.

Peristiwa itu terjadi pada Minggu (22/5) dini hari. Modus pelaku berpura-pura
menanyakan alamat kepada korban.

[Gambas:Video 20detik]

  
  
  

 ",www.detik.com
Juragan Air Isi Ulang di Surabaya Ditemukan Tewas dengan Luka Tusuk,"Jumat, 07 Jan 2022 11:14 WIB","\- Seorang pria paruh baya ditemukan tewas di ruko di Jalan Manukan Tama,
Manukan Kulon, Tandes. Pria tersebut merupakan korban pembunuhan.

""Jadi telah terjadi pembunuhan di Manukan Tama Kecamatan Tandes. Kami dari
Polsek Tandes dan Satreskrim Polrestabes Surabaya kita olah TKP dan sudah
dilaksanakan,"" kata Kapolsek Tandes Kompol Hendri Ibnu Indarto kepada wartawan
di lokasi, Jumat (7/1/2022).

Pria berusia sekitar 65 tahun bernama Suryatyo itu tewas di ruko yang ia huni
bersama istrinya. Ruko tersebut merupakan tempat isi ulang air mineral. Hendri
menyebut pria yang tewas menjadi korban pembunuhan karena ditemukan luka
akibat senjata tajam.

Diduga, tewasnya korban diawali oleh perampokan di ruko miliknya. Namun polisi
belum menyebut barang apa saja yang hilang dari ruko tersebut. Kejadian
pembunuhan ini terjadi subuh sekitar pukul 05.00 WIB.

""Ada luka bekas tusukan senjata sajam. Kita masih bekerja doakan saja . Doakan
pelaku bisa kita ungkap,"" imbuh Hendri.

Hendri menyebut pihaknya saat ini masih menyelidiki apakah pembunuhan ini juga
diikuti dengan perampokan. Hendri membeberkan, polisi masih mendalami kasus
ini. Menurutnya, ada satu saksi kunci yakni istri dari korban.

""Ke depan motif akan kita dalami, akan kita laksanakan pendalaman guna
menangkap pelakunya. Satu yang selamat, saksi itu istrinya masih kita dalami
itu masih hidup mudah-mudahan nanti ada titik terang,"" jelas Hendri.

Hendri menambahkan polisi telah mengumpulkan sejumlah rekaman CCTV dan
sejumlah barang bukti.

""Pastinya kita lakukan penyelidikan, termasuk CCTV dan bukti lainnya.
Kesimpulannya nanti apakah perampokan atau tidak,kita masih dalami. Karena,
dari laporan awal di TKP ini kasus pembunuhan, dan tadi yang laporan dari RT,""
tandas Hendri.

 ",www.detik.com
"Laptop Eks Ketua DPR Hilang di Rest Area Tol Purbaleunyi, Pengelola Minta Maaf","Minggu, 10 Apr 2022 03:15 WIB","\-

Mantan Ketua DPR RI Marzuki Alie kehilangan laptop saat mobilnya dibobol
maling di rest area Tol Purbaleunyi. Pihak pengelola rest area KM 147 A Tol
Purbaleunyi pun meminta maaf.

""PT Bali Nuansa Sukses Pratama selaku pengelola Rest Area KM 147 A dan PT
Jasamarga Related Business (JMRB) selaku service provider pengelolaan rest
area menyampaikan permohonan maaf atas kejadian tersebut,"" kata Irra Susiyanti
Marketing and Communication Department Head Jasamarga Metropolitan Tollroad
dalam keterangan yang diterima detikJabar, Sabtu (9/4/2022).

Irra mengatakan petugas keamanan yang mendapat laporan kehilangan itu langsung
bergegas membantu. Menurutnya, petugas itu membantu korban melapor ke polisi.

""Satpam langsung membantu korban melakukan pelaporan ke pihak Kepolisian
Sektor Rancasari yang selanjutnya dilakukan pengecekan lokasi kejadian oleh
pihak kepolisian,"" ucapnya.

Irra menegaskan PT Bali Nuansa Sukses Pratama bersama PT JMRB berkomitmen
melakukan upaya peningkatan pengamanan di sekitar area parkir. Dia memastikan
kejadian seperti itu tak terulang lagi.

""Memastikan keberfungsian CCTV, serta melakukan pembinaan kepada seluruh
petugas keamanan agar kejadian tersebut tidak terulang kembali,"" tutup Irra.

Simak selengkapnya di sini.

[Gambas:Video 20detik]

  
  

 ",www.detik.com
"Kronologi Petugas PPSU Diserang Begal di Kelapa Gading, Pelaku 4 Orang","Selasa, 22 Feb 2022 12:36 WIB","\-

Seorang petugas Penanganan Prasarana dan Sarana Umum (PPSU) terluka akibat
diserang sejumlah orang. Pelaku diduga hendak membegal korban.

""Pelaku diketahui empat orang laki-laki tidak dikenal dengan menggunakan dua
unit sepeda motor dan dua orang pelaku membawa sajam,"" kata Kapolsek Kelapa
Gading Kompol Rio M Tobing, Selasa (22/2/2022).

Peristiwa itu terjadi pagi tadi sekitar pukul 04.00 WIB di Jalan Arcodion RT
05/07 Kelurahan Pegangsaan Dua, Kelapa Gading, Jakarta Utara (Jakut).

Korban bernama Aris Pajriansyah awalnya mengendarai sepeda motor di Jalan
Boulevard Timur, tepatnya depan RS Gading Pluit. Sedangkan para pelaku melaju
dari arah berlawanan, dari Pintu I Pegangsaan Dua.

Kemudian para pelaku berusaha mendekati korban dan terjadi pengejaran hingga
di TKP. Para pelaku lalu menyerang korban.

Setelah di TKP, korban berhenti dan terduduk berusaha menangkis sabetan sajam
pelaku dengan menggunakan helm. Namun mengenai pinggiran telapak tangan
sebelah kiri dan korban berusaha meminta tolong di sekitar TKP,"" ucap Kompol
Rio.

Korban sempat meminta tolong warga yang menjaga portal RW 07. Korban lalu
diminta masuk ke pos sekuriti.

""Lalu saksi didatangi pelaku sejumlah empat orang dengan menggunakan dua
sepeda motor. Saksi melakukan perlawanan sehingga pelaku langsung meninggalkan
korban,"" ucapnya.

Akibat serangan tersebut, korban mengalami luka sobek di bagian telapak kiri
sepanjang sekitar 10 cm.

""Saat ini korban sedang dilakukan penanganan di Ruang IGD RS Koja, Jakut,""
ucapnya.

Kasus ini telah dilaporkan ke Polsek Kelapa Gading. Polisi tengah memburu
pelaku.

[Gambas:Video 20detik]

  
  

 ",www.detik.com
2 Residivis Curanmor dan Jambret di Surabaya Ini Sekali Lagi Tertangkap,"Jumat, 05 Nov 2021 00:09 WIB","\- Unit Jatanras Polrestabes Surabaya menangkap dua bandit spesialis pencurian
kendaraan bermotor. Keduanya merupakan pencuri yang kerap meresahkan warga
Surabaya.

Kedua pelaku yakni, BPS (50), warga Petukangan Gang Baru dan ED (46), warga
Indrapura, Surabaya. Dari catatan kepolisian keduanya merupakan residivis
kasus kriminal ranmor dan jambret.

Kasat Reskrim Polrestabes Surabaya Kompol Mirzal Maulana mengatakan kedua
pelaku ditangkap berdasarkan laporan dua korban di TKP dilokasi berbeda.
Kejadian pertama di Jalan Satelit Utara Surabaya dan di Jalan Kupang Jaya,
Surabaya.

""Kami cek CCTV di lokasi kejadian untuk mengetahui ciri-ciri pelaku dan
menangkapnya,"" kata Mirzal, Kamis (4/11/2021).

Mirzal menambahkan mereka beraksi bersama pelaku lain yang saat ini masih
buron. Perannya yakni, mengawasi lokasi sekitar di dalam mobil, sedangkan dua
residivis itu yang mengeksekusi dengan merusak dengan kunci T.

""Pelaku menggunakan kunci T saat beraksi. Setelah mesin motor menyala, mereka
langsung pergi meninggalkan lokasi,"" ungkap Mirzal.

Sementara itu, Kanit Jatanras Polrestabes Surabaya AKP Agung Kurnia Putra
menambahkan tersangka BPS merupakan residivis curanmor pada tahun 2020 yang
tertangkap di Polsek Pati, Jawa Tengah.

""Yang tersangka ED kasus jambret tahun 1997 di Polsek Tambaksari, Surabaya,""
ungkap Agung.

Saat ini, kepolisian masih melakukan pengembangan terhadap kasus ini, sebab
masih ada satu pelaku yang belum tertangkap.

Atas kejahatan yang dilakukan oleh kedua pelaku, mereka terancam di jerat
Pasal 363 KUHP terkait Tindak Pidana Pencurian dengan Pemberatan, ancaman
hukumannya tujuh tahun penjara.

 ",www.detik.com
"2 Maling yang Curi Motor MIlik Pasutri di Pasuruan Ditangkap, Kaki Ditembak","Jumat, 25 Feb 2022 15:59 WIB","\-

Dua pelaku pencurian motor (curanmor) milik pasangan suami istri (pasutri) di
Kota Pasuruan tertangkap. Petugas menembak kaki kedua pelaku karena melakukan
perlawanan saat ditangkap.

Dua pelaku itu yakni Subhan (25) dan Ropet (22), warga Desa Kedungpengaron,
Kecamatan Kejayan, Kabupaten Pasuruan. Mereka ditangkap setelah bersembunyi
selama 13 hari.

Kapolres Kota Pasuruan AKBP R. M Jauhari mengatakan kedua pelaku ditangkap
pada Rabu (23/2) sekitar pukul 04.00 WIB. Mereka berhasil ditangkap oleh tim
gabungan reskrim polres dan Jatanras Polda Jatim.

""Penangkapan dilakukan pada Rabu (23/2/2022) pukul 04.00 WIB di sekitar halte
Jalan Untung Suropati oleh tim gabungan reskrim polres dan Jatanras Polda.
Mereka melakukan perlawanan kepada petugas terpaksa melumpuhkan pelaku,"" kata
Jauhari, Jumat (25/2/2022).

Menurut Jauhari, setiap beraksi, kedua pelaku ini selalu berbagi tugas Subhan
sebagai eksekutor dan Ropet sebagai joki. Selain sebagai spesialis curanmor,
mereka juga tercatat sebagai residivis.

""Ropet ini residivis kasus sajam. Sedangkan Subhan DPO polres lain,"" jelas
Jauhari.Jauhari mengungkapkan salah satu tersangka merupakan seorang
residivis. Sedangkan satu tersangka lainya berstatus daftar pencarian orang
(DPO).

Selain kedua tersangka, polisi juga menyita barang bukti motor Honda Vario 125
nopol P 5590 VM dan CB 150 R. Kedua motor ini merupakan milik korban pasutri
di Kota Pasuruan.

""Motor Vario warna hitam ini langsung diserahkan ke korban. Motor CB sudah
dijual pengakuannya,"" kata Jauhari.

Subhan, salah satu pelaku mengaku motor CB tersebut telah dijual seharga Rp 3
juta. Sedangkan motor Vario belum sempat ia jual dan terburu ditangkap. ""Saya
jual Rp3 juta,"" kata Subhan.

Dalam pengakuannya, mereka telah melakukan curanmor di 10 titik di Pasuruan
Raya. Adapun hasil kejahatannya selalu dipakai untuk foya-foya dan judi
online.

Pencurian dua motor terjadi di rumah kos Jalan Ahmad Yani, Kelurahan Sebani,
Kecamatan Gadingrejo, Kamis (10/2/2022) pukul 03.40 WIB.Sebelumnya, maling
motor beraksi di Kota Pasuruan. Dua motor milik pasutri digondol maling dalam
sekali waktu.

Motor yang hilang adalah Honda CB 150 R nopol S 2056 AA dan Honda Vario 125
nopol P 5590 VM.

""Itu motor saya dan istri saya,"" kata korban Andika Dwi Putra Pamungkas (28)
kepada detikJatim.

  
  
  
[Gambas:Video 20detik]  

 ",www.detik.com
"Anak di Jaksel Diperkosa Ayah Tiri Sejak 2016, Takut Lapor karena Diancam","Kamis, 31 Mar 2022 15:38 WIB","\-

Pria inisial GB (37) ditangkap atas dugaan pemerkosaan anak tirinya yang
berusia 17 tahun. Tersangka melakukan perbuatan bejat itu sejak korban masih
berusia 11 tahun.

""Dari umur 11 tahun itu pelaksanaan pelecehan korban. Pada saat korban umur 11
tahun, jadi dari tahun 2016 itu awal pelecehan seksual,"" ujar Wakapolres Metro
Jakarta Selatan AKBP Harun di Polres Metro Jakarta Selatan, Kamis (31/3/2022).  
  
Diketahui, awalnya pelaku melakukan pemerkosaan sejak Juni 2016. Saat itu,
pelaku, ibu korban, dan korban tengah mengunjungi kediaman saudaranya di
Bekasi.

""Niat jahat dari Tersangka ini terjadi pada saat korban tidur di kamar,
kemudian dilakukan persetubuhan oleh tersangka, namun tidak sampai lama karena
ada suara motor dari pelapor atau ibu korban,"" sambungnya.

Kelakuan bejat tersangka tak hanya terjadi sekali itu saja. Perbuatan asusila
tersangka berlanjut hingga 2022, hampir setiap hari di rumahnya.

Butuh waktu bagi korban untuk berani melaporkan perbuatan bejat ayah tirinya
itu hingga bertahun-tahun lamanya. Ini dikarenakan pelaku mengancam korban.

""Sesuai keterangan korban tidak pernah ada kekerasan fisik selalu mengancam,
diancam untuk jangan mengadukan,"" jelas Harun.

Dari kejadian tersebut, polisi turun mengamankan sejumlah barang bukti, yaitu
satu set _underwear_ , kaus, dan hasil visum dari RSCM. Atas perbuatannya,
tersangka kita kenai Pasal 76 huruf D _juncto_ Pasal 81 ayat 1 dan 3, juga
kita _juncto-_ kan dengan Pasal 76 huruf E _juncto_ Pasal 82 UU No 17 Tahun
2016, yang merupakan perubahan kedua atas UU No 23 Tahun 2002 tentang
Perlindungan Anak dan UU KDRT Pasal 46 UU No 23 Tahun 2004.

 ",www.detik.com
Alasan Polda NTB Ambil Alih Kasus Korban Begal Jadi Tersangka,"Sabtu, 16 Apr 2022 02:00 WIB","\-

Usai jadi 'bulan-bulanan' nyinyiran netizen, Kepolisian Daerah Nusa Tenggara
Barat (Polda NTB) telah mengambil alih kasus Amaq Sinta alias M (34), korban
begal yang ditetapkan jadi tersangka karena melawan dan membunuh pelaku begal.

Sebelumnya, kasus ini ditangani oleh Polres Lombok Tengah.

""Kasus ini menjadi atensi pimpinan dan penanganannya lebih maksimal,"" kata
Kabid Humas Polda NTB, Kombes Artanto Jumat (15/4/2022).

  

  
Pengambilalihan perkara kasus Amaq Sinta dilakukan sejak polisi mengabulkan
permintaan keluarga untuk penangguhan penahanan terhadap Amaq Sinta.

Kini Amaq Sinta sudah tidak ditahan namun tetap menjadi tersangka.

Kedua pelaku begal yakni W dan P yang sebelumnya ditahan di Polres Lombok
Tengah, kini juga telah dipindahkan ke tahanan Mapolda NTB.

Sementara Direktur Reserse Kriminal Umum (Dir Reskrimum) Polda NTB, Kombes
Hari Brata menegaskan, kasus begal ini menjadi atensi dan akan diselesaikan
secepatnya dengan melakukan proses penegakan hukum sesuai aturan yang berlaku.

""Kasus ini sudah kita tarik, kita maraton kasus ini,"" tegas Hari Brata.

  
  
  
[Gambas:Video 20detik]  

 ",www.detik.com
5 Kabar Terkini Kasus Cinta Segitiga Maut Tewaskan Dini Nurdiani,"Jumat, 20 Mei  2022 05:53 WIB","\-

Kasus pembunuhan Dini Nurdiani (26) oleh tersangka Neneng Umaya (26) masih
diselidiki polisi. Sejumlah fakta baru terungkap terkait pembunuhan motif
cinta segitita itu.

Terbaru, polisi mengungkap siasat tersangka Neneng Umaya menghilangkan jejak
pembunuhan sadis itu. Polisi juga mengungkap jika Neneng sebelumnya pernah
memperingatkan Dini untuk menjauhi suaminya, ID (27), tetapi tak digubris
hingga Neneng nekat membunuhnya.

Sebagai informasi, pembunuhan ini _dilatari_ motif cinta segitiga. Neneng
Umaya merencanakan pembunuhan Dini Nurdiani setelah mengetahui ID berselingkuh
dengan korban.

Perselingkuhan ID dengan Dini Nurdiani terbongkar setelah Neneng menemukan
'chat mesra' di ponsel sang suami. Neneng murka setelah mengetahui suaminya
menjanjikan Dini Nurdiani untuk menceraikan dirinya.

""Tersangka merasa sakit hati dan dendam terhadap korban, karena korban
memiliki hubungan kedekatan dengan suami daripada tersangka,"" ujar Kabid Humas
Polda Metro Jaya Kombes Endra Zulpan kepada wartawan di Polda Metro Jaya,
Jakarta, Kamis (19/5/2022).

Pembunuhan terjadi pada 26 April 2022. Jasad Dini Nurdiani ditemukan pada 1
Mei 2022, di tepi Sungai Cikeas, Kelurahan Kranggan, Kecamatan Jatisampurna,
Kota Bekasi.

##

![Pelaku pembunuhan Dini Nurdiani \(26\) adalah seorang perempuan, ini
tampangnya](https://akcdn.detik.net.id/community/media/visual/2022/05/14/pelaku-
pembunuhan-dini-nurdiani-26-adalah-seorang-perempuan-ini-
tampangnya-4_169.jpeg?w=620)

 _Neneng Umaya (24) mengakui membunuh Dini Nurdiani, selingkuhan suaminya
(Nahda Rizki/detikcom)_  
  
---  
  
##

## Neneng Pernah Peringatkan Dini untuk Jauhi Suaminya

Sebelum akhirnya memutuskan mengambil jalan pintas untuk membunuh Dini
Nurdiani, Neneng disebut pernah memperingatkan korban agar menjauhi suaminya.
Akan tetapi, peringatan Neneng ini tidak digubris hingga tersangka
merencanakan pembunuhan keji itu.

""Setelah mendapat percakapan di handphone suaminya, tersangka sudah berikan
peringatan ke korban, menurut pengakuannya,"" kata Zulpan.

Namun peringatan Neneng Umaya ini tidak dihiraukan. Dini Nurdiani masih
melanjutkan hubungan asmara terlarang dengan suami Neneng hingga membuat
Neneng murka.

""Namun hubungan korban dan suaminya masih berlanjut. Inilah yang buat
tersangka melakukan perencanaan pembunuhan korban,"" tuturnya.

[Gambas:Video 20detik]

  

Selanjutnya __

Halaman

1  2  3

 ",www.detik.com
Polisi Gagalkan Begal Motor yang Hadang Pemudik di Jalinsum Mesuji,"Sabtu, 30 Apr 2022 18:47 WIB","\-

Seorang pemudik, Ferdy (35), dibegal komplotan saat melintas di Jalan Lintas
Timur, Mesuji, Lampung. Beruntung, aksi pelaku bisa digagalkan oleh polisi,
dan para pelaku kabur dengan tangan kosong.

Kapolres Mesuji AKBP Yuli Haryudo mengatakan Ferdy dibegal pada Sabtu
(30/4/2022) dini hari. Ferdy saat itu melakukan perjalanan mudik dari Jambi ke
Lampung.

""Korban ini sedang melakukan perjalanan mudik dari Jambi ke Lampung naik
motor, tiba-tiba di Jl Lintas Timur dipepet oleh pelaku,"" ujar Yuli dalam
keterangannya kepada , Sabtu (30/4/2022).

Pelaku kemudian menghentikan Ferdy dan merampas kunci motornya. Pada saat
bersamaan, datang Tim Tekab 308 Polres Mesuji datang melintas dan menggagalkan
aksi pelaku.

""Kedua pelaku tidak berhasil merampas barang milik korban karena pada saat itu
melintas Tim Tekab 308 sebagai Satgas Tindak Antibegal Polres Mesuji yang
sedang melaksanakan kegiatan patroli,"" imbuh Yuli.

Mengetahui kedatangan Tim Tekab 308 ini, kedua pelaku pun melarikan diri
meninggalkan korban dan hanya membawa kunci motor korban. Korban pun selamat
dari ancaman kedua pelaku.

""Kemudian korban bersama kendaraannya kami bawa ke Polres Mesuji untuk
dimintai keterangan. Pelaku tetap akan kita lakukan pengejaran,"" tuturnya.

### Korban Dikawal hingga ke Lampung

Meski kunci motor dibawa pelaku, Ferdy masih bisa tetap mudik. Ferdy mudik
dengan pengawalan polisi.

""Selanjutnya korban mendapatkan perlindungan dan pengamanan. Korban kami kawal
untuk menuju Lampung,"" ujar Yuli.

Korban pun menyampaikan terima kasih kepada Tim Tekab 308 atas pertolongan dan
bantuannya.

""Kalau tidak ada anggota yang sedang patroli, mungkin saya sudah jadi korban,""
ujar Ferdy.

[Gambas:Video 20detik]

  
  

 ",www.detik.com
Heboh Video Wanita Asal Klaten Menggelandang-Ngaku Habis Diperkosa,"Selasa, 15 Mar 2022 15:13 WIB","\-

Sebuah rekaman video penemuan seorang wanita muda menggelandang yang mengaku
berasal dari Klaten viral. Wanita tersebut mengaku sebagai korban perkosaan.

Rekaman video tersebut diunggah di grup Facebook info seputar Klaten (ISK)
Selasa (15/3/2022) pukul 12.45 WIB.

"" _Mungkin ada yg kenal odgj mengaku orang Klaten ingin pulang ke Klaten. Saya
kesulitan screen shot wajah. Bisa di lihat di video. Yang bisa inbok atau
komentar untuk saya hubungkan dengan mas Purnomo_ ,"" tulis admin grup
Sugiyanto seperti dikutip Selasa (15/3/2022).

""N _gakunya_ _Klaten, wanita tanpa busana habis diperk..dan_ ,"" sambungnya.

Rekaman video berdurasi sekitar 30 detik itu tampak dua pengendara mobil
sedang mencari wanita tersebut di tepi jalan raya. Setelah melewati truk
tronton merah, terlihat sebuah rumah bedeng.

Mobil itu kemudian berhenti di tepi jalan dan seorang wanita muda menghampiri
mobil dengan berjalan kaki. Wanita berambut dicat itu hanya mengenakan sarung
kotak merah menutup dada ke bawah dan rambut memakai syal warna biru.

Saat diajak komunikasi oleh pengemudi mobil, wanita tersebut lancar menjawab
pertanyaan. Termasuk mengakui keinginannya mau pulang.

""Baju saya tak robek, kotor. Rumah saya Jawa Tengah, saya mau pulang. Mau
numpak bus juga ndak ada,"" kata wanita yang mengaku bernama Bestiana Hidayati
itu saat ditanya pria penumpang mobil.

Di rekaman itu, wanita tersebut saat ditanya alamat rumahnya mengaku warga
Klaten, Jawa Tengah. Ana panggilan karibnya, mengaku berjalan hingga ke lokasi
tersebut karena patah hati.

""Karena lagi patah hati,"" terang Ana sambil duduk saat diminta mandi untuk
diberi baju dan diantar pulang.

![Viral wanita asal Klaten tanpa busana mengaku
diperkosa](https://akcdn.detik.net.id/community/media/visual/2022/03/15/viral-
wanita-asal-klaten-tanpa-busana-mengaku-diperkosa_43.jpeg?w=480)Viral wanita
asal Klaten tanpa busana mengaku diperkosa Foto: dok. tangkapan layar video
viral  
  
---  
  
Pengunggah video, Sugiyanto menjelaskan rekaman itu diambil dari akun YouTube
Purnomo Belajar Baik yang memang sering menolong orang dengan gangguan jiwa
dan gelandang (ODGJ). Video itu dia unggah agar keluarga segera mengetahui
keberadaan Ana.

""Saya unggah agar jika benar orang Klaten bisa segera diketahui keluarga dan
dibawa pulang,"" sebut Sugiyanto, saat dimintai konfirmasi , Selasa
(15/3/2022).

Sugiyanto menerangkan awalnya rekaman itu diunggahnya di aplikasi TikTok.
Namun pengakuan soal wanita itu diperkosa dipotong karena khawatir kena
sensor.

""Video YouTube-nya ada pengakuan diperkosa tapi di unggahan saya potong,
khawatir tidak lolos,"" ucap Sugiyanto.

Sugiyanto mengaku tidak tahu kebenaran pengakuan wanita itu. Yang jelas lokasi
wanita itu saat ditemukan berada di Jalur Pantura.

""Lokasinya di jalan Pantura. Kalau tidak salah di Kabupaten Batang,"" sambung
Sugiyanto.

Di akun YouTube Purnomo Belajar Baik, video utuh berdurasi 14 menit 3 detik.
Dalam video itu setelah mandi, Ana diberi kaus biru. Dia kemudian mengaku
kehilangan ponselnya dan diperkosa dua orang.

""Betul (diperkosa), lha dua orang kok,"" kata Ana sambil duduk di balai bambu
tepi jalan raya.

  
  
  
[Gambas:Video 20detik]  

 ",www.detik.com
"Kecanduan Judi Slot Online, Pembunuh Sadis di Sumsel Jadi Begal","Kamis, 09 Sep 2021 15:05 WIB","\-

Polda Sumatera Selatan (Sumsel) menangkap residivis kasus pembunuhan sadis
Nanda Efreyadi (21). Dia ditangkap di Palembang setelah beberapa kali
melakukan pembegalan karena kecanduan judi _online_.

""Benar, tersangka yang kita tangkap ini merupakan residivis kasus pembunuhan
sadis yang korbannya tewas dengan puluhan luka tusuk,"" kata Kasubdit Jatanras
Ditreskrimum Polda Sumsel Kompol Christoper Panjaitan di Mapolda Sumsel, Kamis
(9/9/2021).

Tersangka Nanda ditangkap karena terlibat kasus pencurian dengan kekerasan
atau pembegalan HP bersama seorang rekannya berinisial D. Saat ini D masih
diburu polisi.

Penangkapan Nanda dipimpin Kanit III AKP I Putu Suryawan pada Selasa (7/9)
kemarin saat sedang berjudi. Selain merupakan residivis kasus pembunuhan,
Nanda pernah dibui terkait kasus pencurian dengan kekerasan juga.

""Ditangkap Selasa kemarin oleh Unit III, sedang di warnet, berjudi. Tersangka
ini juga residivis kasus 365 (KUHP) pencurian dengan kekerasan,"" kata
Christoper.

### Rebut HP Wanita Bermotor hingga Jatuh

Dalam aksi terakhir, tersangka melakukan aksi begal HP bersama rekannya
berinisial D terhadap korban seorang wanita. Para pelaku merebut paksa ponsel
korban wanita yang tengah mengendarai motor, sehingga korban pun terjatuh dari
atas motor.

""Tersangka ini mengambil HP korban secara paksa. Terjadi tarik-menarik
sehingga korban terjatuh dari motor dan tersangka bersama DPO kabur melarikan
diri,"" katanya.

Para pelaku yang terjatuh kemudian kabur dengan meninggalkan motor yang mereka
gunakan untuk membegal HP korban. Motor tersebut sudah diamankan di
Mapolrestabes Palembang.

""Karena panik terjatuh, para pelaku meninggalkan motornya di TKP. Motor itu
kini sudah diamankan di Mapolrestabes,"" terangnya.

Dari laporan korban di Mapolrestabes Palembang, polisi kemudian menyelidiki
dan menangkap tersangka tanpa perlawanan. Tersangka mengakui perbuatannya.
Hasil kejahatan digunakan tersangka untuk judi _online_ ( _slot_ ).

""Laporan korban ada di Polrestabes. Dari laporan itu kita menangkap tersangka
tanpa perlawanan. Tersangka juga mengakui perbuatannya dan hasil kejahatan
menurut tersangka ia gunakan untuk judi _slot_ (judi _online_ ),"" kata
Christoper.

""Tersangka kini ditahan dan dijerat Pasal 365 KUHP tentang pencurian dengan
kekerasan. Satu pelaku lagi sedang kita buru,"" jelasnya.

 ",www.detik.com
"Bejat! Ayah di Aceh Perkosa Anak Kandung 8 Kali, Berujung Ditangkap Polisi","Jumat, 22 Apr 2022 04:38 WIB","\-

Polisi menangkap seorang ayah berinisial JM (43) di Aceh Besar yang diduga
melakukan pemerkosaan dan pelecehan seksual terhadap anak kandungnya yang
berusia 14 tahun. Pelaku memperkosa korban hingga delapan kali.

""Pelaku merupakan ayah kandung korban, tega melakukan hal bejat tersebut
terhadap anaknya sendiri sebanyak delapan kali,"" kata Kasat Reskrim Polresta
Banda Aceh Kompol M Ryan Citra Yudha, Seperti dilansir _Antara_ , Jumat
(25/4/2022).

Polisi menangkap JM di rumahnya di Kecamatan Mesjid raya Aceh Besar usai
menerima laporan dari ibu korban. Aksi bejat itu dilakukan JM di rumahnya
sejak awal 2021 hingga pertengahan April 2022.

""Pertama kali terjadi November 2021, saat itu korban tidur sendirian, pelaku
masuk dan melakukan aksinya. Korban mencoba melawan namun pelaku tidak peduli,
korban hanya bisa nangis ketakutan kala itu,"" ujarnya.

Ryan menyampaikan kasus pemerkosaan terungkap setelah korban memberanikan diri
memberitahu peristiwa tersebut kepada ibunya. Hingga akhirnya ibu korban
membuat laporan polisi di SPKT Polresta Banda Aceh.

""Setelah kita menerima laporan dari ibu korban, pelaku langsung kita tangkap
di hari yang sama sekitar pukul 15.00 WIB,"" katanya.

Dalam kasus ini, polisi juga mengamankan sejumlah pakaian korban sebagai
barang bukti. Pelaku kini masih diamankan di Mapolresta Banda Aceh untuk
diproses hukum lanjut.

""Pelaku dipersangkakan melanggar Pasal 49 Jo Pasal 47 Qanun Aceh Nomor 6 Tahun
2014 tentang Hukum Jinayat,"" demikian Kompol Ryan.

 ",www.detik.com
"Mencekam Aksi Begal di Bogor, Bacok Korban hingga Rampas Motor","Selasa, 17 Mei  2022 08:04 WIB","\-

Begal di kawasan Bogor, Jawa Barat, kembali beraksi. Kali ini, kelompok
penjahat itu beraksi sambil melukai korban dengan samurai.

Korban adalah Gustian Ferdi (24) warga asal Kebon Pedes, Kota Bogor. Ferdi
dibegal di Jalan Kebon Pedes, Tanah Sareal, Bogor, dini hari kemarin.

Gustian bercerita, peristiwa itu terjadi ketika ia dalam perjalanan pulang
menuju rumahnya yang tidak jauh dari lokasi kejadian. Gustian saat itu
berboncengan dengan rekannya bernama Farhan.

Namun tiba-tiba Gustian diadang dua pria tidak dikenal yang menggunakan motor.
Pria yang dibonceng mengeluarkan samurai dan mengacungkan ke arah Gustian.

Akibatnya, Gustian mengalami luka di punggung akibat sabetan samurai. Saat
Gustian ambruk, motornya dirampas oleh pelaku.

""Terus itu pelaku naik ke motor saya, dari belakang samurainya ditempelkan ke
punggung, ke pundak saya, terus dia minta kunci motor saya,"" ujar Gustian
kepada , Senin (16/5/2022).

Berhasil merampas motor milik Gustian, kedua pelaku kemudian kabur ke arah
Jalan Sholeh Iskandar, Kota Bogor, setelah membacok punggung Gustian.

""Punggung saya kena sabetan samurai. Motor saya langsung dibawa. Motor saya
Beat warna hitam,"" kata Gustian.

[Gambas:Video 20detik]

 _Simak penjelasan polisi di halaman selanjutnya._

Selanjutnya __

Halaman

1  2

 ",www.detik.com
Pelaku Begal 2 TNI di Jaksel Sempat Bohong ke Warga-Ucap 'Demi Allah',"Selasa, 10 Mei  2022 00:05 WIB","\-

Dua prajurit TNI AD berhasil menggagalkan dan menangkap satu dari 9 pelaku
begal di Kebayoran Baru, Jakarta Selatan. Komandan Batalyon Arhanud 10/ABC
Letkol Arh Syarief SB mengapresiasi aksi dua prajuritnya tersebut.

""Sangat bangga dan mengapresiasi tindakan dua anggota Batalyon Arhanud 10/ABC
tersebut bahwa ini merupakan contoh tindakan sebagai prajurit TNI, yang
bertugas menjaga keamanan negara termasuk aksi kriminalitas begal jalanan.
Kepada seluruh masyarakat agar tetap selalu berhati-hati dan waspada terhadap
segala bentuk ancaman kriminalitas di jalan,"" kata Letkol Syarief, Senin
(9/5/2022).

### Kronologi 1 Pelaku Begal Ditangkap

  
  

Prada Ardian Sapta Savela mengatakan peristiwa itu terjadi saat dirinya dan
Prada Junior Noval hendak belanja kebutuhan logistik Batalyon sekitar waktu
subuh. Pelaku begal beraksi saat Prada Ardian dan Prada Junior pulang dari
pasar.

""Kami berangkat dari Batalyon pukul 04.45 WIB, kami jalan ke sana berboncengan
dengan kendaraan roda dua menuju pasar, setelah sampai ke pasar kami belanja
kebutuhan untuk memasak tersebut,"" kata Ardian.

  

Ardia mengatakan sekitar pukul 05.00 WIB, dia bersama Prada Junior kembali ke
Batalyon setelah belanja. Mereka melewati Senayan ke arah Polsek Kebayoran
Baru.

### 1 Motor Memepet, 2 Motor Menghadang

Dia mengatakan dirinya mulai dipepet pelaku di sekitar SMPN 29, Kebayoran
Baru, Jakarta Selatan. Dua motor pelaku lainnya menghadang di depan dan
melemparkan sebuah batu.

""Tepatnya di depan SMPN 29 di Jl Bumi Raya mereka memepet kami, kendaraan
mereka memepet kami, satu kendaraan memepet, dua kendaraan sudah menunggu di
depan,"" ujarnya.

Setelah itu sepeda motor mereka diarahkan ke pinggir jalan. Mereka berhenti
dan tetap menjaga jarak terhadap pelaku begal.

""Setelah itu nggak tahunya yang di depan sudah menyiapkan batu, ukuran besar,
di situ kita dilempar, sempat menghindar,"" sambungnya.

![Penampakan Lokasi 9 Begal Serang 2 Anggota TNI di Kebayoran Baru \(Wilda-
detikcom\)](https://akcdn.detik.net.id/community/media/visual/2022/05/09/penampakan-
lokasi-9-begal-serang-2-anggota-tni-di-kebayoran-baru-wilda-
detikcom.jpeg?w=4000)Penampakan lokasi 9 begal serang 2 anggota TNI di
Kebayoran Baru (Wilda-detikcom)  
  
---  
  
Setelah gagal melempar batu, ketiga motor pelaku berpencar melarikan diri. Dia
mengatakan dirinya sempat menahan salah satu pelaku namun pegangan itu
terlepas.

""Saya turun dari motor saya kejar yang berkendara yang mepet kami, sayangnya
pegangan saya kurang kuat dia tancap gas lepas, habis itu kami mulai mengejar
mereka pakai kendaraan roda dua,"" ucapnya.

### Prajurit TNI-Pelaku Begal Tendang-tendangan

Ardian mengatakan dirinya dan Prada Junior terlibat aksi tendang-tendangan
dengan pelaku begal yang menggunakan motor Mio. Tendang-tendangan itu
berlangsung di atas motor saat aksi kejar-kejaran.

""Mereka menuju ke arah Kebayoran Lama yang arah polsek tapi berlawanan arah,
dari situ kami mulai tendang-tendangan di atas motor, mulai dia ada perlawanan
juga di tikungan mau tepatnya jalan satu arah jalan besarnya arah ke Polsek
Kebayoran Lama, kami mulai berbenturan di situ,"" ucapnya.

 _Simak selengkapnya di halaman berikutnya._

Selanjutnya __

Halaman

1  2

 ",www.detik.com
Urutan Perencanaan hingga Pembunuhan Dini Nurdiani secara Keji,"Sabtu, 14 Mei  2022 21:48 WIB","\-

Pembunuhan Dini Nurdiani (26), direncanakan oleh seorang perempuan berinisial
NU (24). NU menyusun perencanaan pembunuhan itu dengan matang.

Dini Nurdiani dibunuh oleh NU pada 26 April 2022 di Jatisampurna, Bekasi.
Mayatnya baru ditemukan pada 29 April 2022 dan NU baru ditangkap pada Jumat
(13/5).

Pembunuhan dilatari kecemburuan NU karena suaminya, ID (27), berselingkuh
dengan korban. NU murka.

""Isinya bahwa kapan kamu mau nyerain istrinya, balas suaminya 'iya nanti abis
lebaran saya akan urus perceraian saya' 'apa perlu saya temenin?' Nah itu
berawal dari situ, makannya dia emosi,"" kata Kapolsek Cengkareng Kompol Ardhie
Dimasetyo saat jumpa pers di Mapolsek Cengkareng, Sabtu (14/5/2022).

### NU Rencanakan Pembunuhan

Karena terbakar api cemburu, NU mempunyai niat untuk menghabisi nyawa Dini
Nurdiani. NU kemudian menyusun rencana pembunuhan itu.

""Jadi setelah baca SMS pada malam hari, (Tersangka) melihat adanya komunikasi.
Tersangka cemburu dan mempunyai niat untuk menghabisi,"" jelas Ardhie.

###  
NU Pancing Korban Bertemu

Pada 26 April 2022, NU berpura-pura menjadi suaminya dan mengajak Dini untuk
buka puasa bersama. Sampai akhirnya, NU bertemu dengan Dini di halte bus di
sekitar Taman Mini Indonesia Indah (TMII), Jakarta Timur.

""Jadi dia WA kepada korban bahwa 'kita bukber nanti, yang jemput adalah
ponakan saya',"" ujar Ardhie.

NU menjemput Dini di halte tersebut. Saat menjemput Dini, NU berpura-pura
menjadi keponakan suaminya.

""Jadi, pada saat ketemu di halte, mungkin korban mengetahui 'itu adalah
ponakan dari pacarnya',"" jelasnya.

  
 _Baca di halaman selanjutnya: NU membunuh korban di Jatisampurna._

 _

Selanjutnya __

Halaman

1  2

_

 ",www.detik.com
"Bukannya Belajar, Siswa di Banda Aceh ini Malah Curi Motor Guru","Selasa, 19 Apr 2022 15:44 WIB","\-

Ada-ada saja kelakuan siswa SMA di Banda Aceh berinisial HM (16) ini. Bukannya
belajar, dia malah mencuri sepeda motor gurunya.

Akibat kelakuannya itu, HM harus berurusan dengan polisi. Saat ini, dia masih
mendekam di kantor polisi karena kasus pencurian.

Polisi menyebut, HM mencuri sepeda motor milik gurunya itu, sesaat setelah jam
keluar. Dia menjalankan aksinya bermodalkan kunci duplikat.

  

""HM ini sudah mencuri dua motor, salah satunya milik guru di sekolahnya,"" kata
Kasat Reskrim Polresta Banda Aceh Kompol M Ryan Citra Yudha kepada wartawan,
Selasa (19/4/2022).

Penangkapan HM bermula dari laporan kehilangan yang dilaporkan seorang guru
berinisial S ke Polsek Banda Raya, Sabtu (16/4). S mengaku motornya yang
diparkir di Kompleks Stadion Harapan Bangsa Banda Aceh raib.

Personel Polsek Banda Raya turun tangan melakukan penyelidikan dan menciduk HM
pada Senin (18/4). Dalam pemeriksaan, HM mengaku mencuri motor milik S dengan
kunci duplikat yang dibawanya saat ke sekolah.

""Pelaku mengambil sepeda motor itu pada saat pulang sekolah dengan menggunakan
kunci duplikat yang telah ia tempah. Aksi itu dilakukannya sendiri, tidak
melibatkan pihak lain,"" jelas Ryan.

Dalam pemeriksaan juga terungkap HM pernah mencuri motor di kawasan Batoh,
Banda Aceh. Motor yang dicurinya milik jemaah salat Jumat di masjid desa
setempat.

Ryan mengatakan, motor yang dicuri saat itu telah dikembalikan ke pemiliknya
oleh orangtua pelaku. Kasus pertama itu diselesaikan lewat jalur media dengan
melibatkan perangkat desa.

Menurut Ryan, polisi bakal memproses pelaku sesuai dengan laporan pencurian
yang dilaporkan S. Pelaku dan barang bukti saat ini diamankan di Polresta
Banda Aceh.

""Kita masih menyelidiki motif yang bersangkutan melakukan pencurian,"" ujarnya.

  
  
  
[Gambas:Video 20detik]  

 ",www.detik.com
Reka Adegan di Rumah Eks Kasatpol PP Makassar Digelar Tertutup,"Kamis, 19 Mei  2022 15:27 WIB","\-

Rekonstruksi kasus Eks Kasatpol PP Makassar Iqbal Asnan membunuh pegawai
Dishub Najamuddin Sewang di rumah korban telah selesai. Rekonstruksi kini
berlanjut ke rumah tersangka Iqbal dan digelar tertutup.

Pantauan di lokasi, Kamis (19/5/2022), polisi sebelumnya merekonstruksi adegan
eks anak buah Iqbal melempar santet ke rumah korban. Selanjutnya rekonstruksi
berpindah ke area gerbang perumahan korban di Residence Alauddin Blok K, Jalan
Sultan Alauddin.

Khusus di area gerbang perumahan korban, terlihat tersangka polisi Chaerul
Akmal sedang memarkir sepeda motornya di dekat pos sekuriti perumahan.
Selanjutnya Chaerul duduk di atas motornya memantau situasi.

  

Selanjutnya rekonstruksi menunjukkan korban yang melintas menggunakan sepeda
motor. Selanjutnya rekonstruksi berlanjut ke rumah terangka Iqbal Asnan di
Jalan Beringin, Makassar.

Pantauan di rumah Iqbal, tersangka Muh Iqbal masuk ke dalam sebuah rumah di
Jalan Beringin Timur, Kecamatan Rapoccini, Makassar. Iqbal masuk bersama
aparat kepolisian ke sebuah bangunan di belakang rumah kayu berwarna cokelat
itu.

Tidak diketahui adegan seperti apa yang diperankan di sana. Sejumlah aparat
kepolisian menjaga pagar rumah itu agar awak media dan warga tidak masuk.

Untuk diketahui, rekonstruksi kasus pembunuhan Najamuddin yang diotaki Iqbal
Asnan dimulai rumah milik Rachma Dishub Makassar. Rachma adalah wanita di
pusaran cinta segitiga korban dan tersangka Iqbal.

Iqbal diketahui bertemu dengan tersangka lainnya, Muhammad Asri di rumah
Rachma. Namun belum diketahui ada apa di balik pertemuan kedua tersangka di
rumah Rachma.

Sementara di rumah korban. tersangka Asri memperagakan melempar santet ke
rumah korban. Asri dan seorang saksi bernama Sahabuddin melempar telur dan
botol mineral ke arah teras rumah korban.

  
  
  
[Gambas:Video 20detik]  

 ",www.detik.com
"Apes, Tak Tahu Beli Barang Curian, 3 Pria di Bima Malah Ditangkap","Jumat, 20 Mei  2022 20:20 WIB","\-

Nasib apes dialami oleh RM (27), IU (25) dan GU (38) warga Rasa Nae Barat,
Kota Bima Nusa Tenggara Barat (NTB). Mereka tak tahu barang yang dibeli
merupakan hasil curian dari pria berinisial DL. Mereka pun ditangkap karena
diduga sebagai penadah.

  
""Tim Puma telah mengamankan 3 orang pelaku yang terlibat dalam penadahan
barang bukti laptop hasil curian,"" ujar Kasat Reskrim Polres Bima Kota, Iptu M
Rayendra Jumat (20/5/2022).

  
Ketiga pemuda tersebut ditangkap pada Jumat sore tadi atau tepatnya sekitar
pukul 16.00 Wita. Sementara DL yang diduga pelaku pencurian kini tengah dalam
pengejaran polisi.

  

  
""DL masih dalam pengejaran oleh Tim,"" ungkapnya.

  
Kepada polisi tiga orang rekanan itu membeli laptop senilai Rp 800 ribu yang
dijual oleh DL. Mereka tak tahu barang tersebut adalah hasil curiannya.

  
""Ketika dilakukan interogasi, pelaku mengaku membeli laptop tersebut sebesar
Rp 800 ribu kepada DL,"" ujarnya.

  
Ketiga terduga penadah itu ditangkap setelah pihaknya melakukan penyelidikan
terhadap laporan kehilangan barang yang diadukan oleh korban Nasution pada
awal bulan Mei.

  
Para terduga tersebut kini telah diamankan di Mapolres Bima Kota untuk
dimintai keterangan dan pertanggungjawaban.

  
  
  
[Gambas:Video 20detik]  

 ",www.detik.com
Tampang Pegawai Bank Tersangka Perampok Bank Gegara Kejaran Utang,"Rabu, 06 Apr 2022 15:27 WIB","\-

Seorang pria berinisial BS (43) melakukan perampokan bersenjata _airsoft gun_
di sebuah bank di Cilandak, Jakarta Selatan. BS diketahui juga merupakan
pegawai bank swasta di Jakarta.

Ketika dihadirkan dalam jumpa pers di Polres Metro Jakarta Selatan siang tadi,
BS terlihat menggunakan baju tahanan berwarna biru. Kedua tangannya diborgol.

BS ditangkap setelah melakukan percobaan perampokan di Bank BJB Cabang
Fatmawati, Cilandak, Jakarta Selatan, pada Selasa (5/4/2022). BS sempat
melepaskan tembakan ke arah _teller,_ tetapi beruntung tidak ada korban jiwa.

Proses penangkapan dibantu oleh F, petugas satpam bank tersebut. Pada saat
bersamaan, polisi yang sedang melaksanakan patroli mendapatkan informasi
terkait adanya perampokan di bank tersebut hingga menangkap pelaku.

""Pada saat itu juga ada patroli di sekitar. Karena melihat orang berhamburan
dan ada permintaan tolong, kemudian secara refleks anggota segera turun dari
mobil patroli dan langsung menuju ke TKP,"" kata Kapolres Metro Jakarta Selatan
Kombes Budhi kepada wartawan, Selasa (6/4).

Budhi mengatakan saat itu satpam berduel dengan tersangka. Polisi kemudian
menangkap tersangka berikut barang bukti _airsoft gun_ dan pisau lipat.

""Di situlah kemudian bersama dengan saksi F tadi melakukan penangkapan
terhadap tersangka, yang saat itu sedang ada pergumulan dengan saksi F ini,""
sambungnya.

""Dari penggeledahan yang kami lakukan, kami menemukan beberapa barang bukti.
Selain tadi senjata yang menyerupai senjata api yang ternyata _airsoft gun,_
kami juga menemukan pisau lipat,"" jelasnya.

 _Baca di halaman selanjutnya: perampok bank adalah pegawai bank swasta._

[Gambas:Video 20detik]

  
  

Selanjutnya __

Halaman

1  2

 ",www.detik.com
Ngeri! Pria Tewas Luka Bacok Ditemukan Tergeletak di Pinggir Tol Tangerang,"Rabu, 01 Jun 2022 14:16 WIB","\-

Sesosok mayat pria tanpa identitas ditemukan tergeletak di pinggir tol di
Cipondoh, Kota Tangerang. Korban tewas dengan sejumlah luka bacok di tubuhnya.

Kapolres Metro Tangerang Kota Kombes Pol Zain Dwi Nugroho membenarkan adanya
penemuan mayat pada pagi tadi. Mayat pria itu ditemukan di jalan menuju Tol
Merak.

""Tadi pagi kita terima informasi dari sekuriti dari perumahan Puri 11 Karang
Tengah telah ditemukan seorang laki-laki tidak dikenal. Karena tanpa
identitas, (ditemukan) di pinggir jalan menuju arah Tol Merak,"" kata Zain saat
dihubungi wartawan, Rabu (1/6/2022).

Dari foto yang diperoleh , terlihat korban mengalami luka bacok di beberapa
bagian tubuhnya. Korban ditutupi selimut.

Zain menambahkan, dari hasil olah TKP sementara, ditemukan tanda-tanda
kekerasan pada korban. Namun, Zain enggan berspekulasi terkait penyebab
kematian korban ini.

""Dari hasil Olah TKP sementara memang ditemukan tanda-tanda kekerasan,""
ujarnya.

Zain menuturkan hingga saat ini pihaknya masih melakukan penyelidikan lebih
mendalam terkait penemuan mayat pria tersebut. Termasuk mengungkap identitas
korban.

""Saat ini kita sedang terus melakukan pengumpulan barbuk maupun saksi yang ada
di sekitar TKP dan kita segera bentuk tim untuk bisa mengungkap identitas
maupun penyebab kematian. Kita lakukan autopsi dan kita juga akan membentuk
tim untuk melakukan penyidikan lebih lanjut,"" pungkasnya.

[Gambas:Video 20detik]

  
  
  

 ",www.detik.com
"Video Dibegal-Adu Silat Rekayasa Bikin Heboh, Ustaz di Lampung Minta Maaf","Selasa, 26 Okt 2021 05:50 WIB","\-

Pria di Lampung yang dikenal dengan panggilan Ustaz Nasihin bikin heboh karena
video viral dibegal di tengah jalan. Kepada polisi, Nasihin mengakui video
tersebut hanya rekayasa untuk konten YouTube.

""Klarifikasi yang dilakukan, yang bersangkutan menyatakan bahwa video tersebut
adalah tidak benar adanya di mana yang bersangkutan menjadi korban begal,""
kata Kabid Humas Polda Lampung Kombes Zahwani Pandra Arsyad kepada , Senin
(25/10/2021).

Nasihin dimintai keterangan bersama tiga orang lainnya yakni kamerawan, dan
dua orang yang berperan sebagai pelaku begal. Nasihin juga menyampaikan
klarifikasinya tersebut bersama Kombes Pandra dan Dirkrimum Polda Lampung AKBP
Reynold Hutagalung usai pemeriksaan.

Nasihin yang sehari-hari bekerja sebagai pelaku pengobatan alternatif mengaku
tidak tahu bahwa videonya berdampak pada munculnya stigma Lampung yang tidak
aman. Dia membuat tersebut untuk kepentingan konten di kanal YouTube-nya.

""Dia mengaku video itu sebagai unggahan pribadi sebagai YouTuber. Untuk
tingkatkan subscribers dan edukasi serta hiburan,"" ujar Pandra.

![Video Ustaz Nasihin dibegal sejumlah orang di Lampung ramai beredar di
medsos. Polisi memanggil Nasihin untuk diklarifikasi terkait video tersebut
\(YouTube Ustadz
Nasihin\)](https://akcdn.detik.net.id/community/media/visual/2021/10/25/video-
ustaz-nasihin-dibegal-sejumlah-orang-di-lampung-ramai-beredar-di-medsos-
polisi-memanggil-nasihin-untuk-diklarifikasi-ter_169.png?w=620)Video Ustaz
Nasihin dibegal sejumlah orang di Lampung ramai beredar di medsos. Polisi
memanggil Nasihin untuk diklarifikasi terkait video tersebut (YouTube Ustadz
Nasihin)  
  
---  
  
Nasihin juga tidak mencantumkan keterangan bahwa video adu silat melawan begal
tersebut ialah rekayasa. Kepada polisi, Nasihin mengaku video itu dibuat untuk
edukasi.

""Konten yang dibuat selama ini katanya agar kita harus mendekatkan kepada
Allah. Namun tidak semua video diterangkan bahwa yang bersangkutan bahwa video
itu adalah rekayasa untuk edukasi,"" katanya.

Video tersebut dibuat di sebuah jalanan di Lampung dan juga diunggah pada Rabu
(13/10). Nasihin mengaku berterima kasih atas pemeriksaan dan siap memberi
keterangan lagi jika dibutuhkan penyidik.

Nasihin pun memohon maaf atas video tersebut. Dia juga berjanji terhadap video
yang sudah beredar akan diperbaiki dan akan ditulis 'video ini rekayasa' agar
penontonnya bisa paham.

""Yang bersangkutan sudah minta maaf kepada masyarakat Lampung pada umumya atas
beredarnya video viral. Karena video itu dapat membuat warga yang mau datang
ke Lampung takut. Tapi situasi di Lampung saat ini aman,"" jelas Pandra.

 _Simak berita selengkapnya di halaman selanjutnya._

Selanjutnya __

Halaman

1  2

 ",www.detik.com
Cerita Ketegangan Staf Minimarket di Jakpus Setengah Jam Diikat Perampok,"Rabu, 18 Mei  2022 14:32 WIB","\-

Minimarket di Letjen Suprapto, Bungur, Senen, Jakarta Pusat menjadi sasaran
perampokan. Pelaku sempat mengikat staf minimarket dan menodongkan senjata
tajam saat melakukan aksinya.

Perampokan terjadi pada Rabu (4/5) malam saat minimarket sedang tutup. Seorang
staf minimarket, wanita inisial F mengatakan perampokan itu berlangsung
sekitar setengah jam lamanya.

""Setengah jam ada kayanya (kejadian berlangsung),"" kata F saat ditemui di
lokasi, Rabu (18/5/2022).

###

### Pelaku Todong-Ikat Korban

F mengatakan pelaku datang membawa senjata tajam jenis pisau dan menodongnya.
Kemudian, pelaku memaksanya untuk membuka brankas.

""Bawa pisau. Iya (ngambil uang) di kasir sama brangkas,"" katanya.

Setelah mengambil uang, pelaku pun mengikat tangan korban. F mengaku tidak ada
luka lantaran tidak melawan.

""Uang _aja_ (yang diambil), nggak ada luka, cuma karena nggak _ngelawan_ juga
keburu takut duluan,"" katanya.

 _Baca kisah F selengkapnya di halaman selanjutnya._

Selanjutnya __

Halaman

1  2

 ",www.detik.com
Sidang Vonis Kasus Begal Diduga Salah Tangkap di Bekasi Ditunda,"Kamis, 21 Apr 2022 15:27 WIB","\-

Sidang kasus begal diduga salah tangkap dengan terdakwa Fikry, Abdul Rohman,
Randy Apriyanto, dan Muhammad Rizky ditunda. Persidangan ditunda karena ketua
majelis hakim sakit.

""Kali ini adalah pembacaan putusan dari majelis hakim, namun oleh karena ketua
majelisnya sedang sakit dan tidak enak badan, jadi sidang ini tidak dapat
dilanjutkan,"" ujar hakim anggota Yudha Dinata di ruang sidang PN Cikarang,
Kamis (21/4/2022).

Sidang ditunda hingga Senin (25/4). Nantinya sidang dibuka lagi untuk
mendengarkan pembacaan putusan oleh majelis hakim.

""Untuk penundaan, kita tunda sampai hari Senin, tanggal 25 April 2022,
agendanya tetap putusan,"" ujarnya.

Sebelum sidang selesai, tim advokasi dari terdakwa memberikan sejumlah berkas
dari Komnas HAM kepada hakim. Sementara itu, orang tua para terdakwa
diperkenankan melihat kondisi anaknya di layar monitor.

""Tetap semangat ya, sehat ya, semangat terus, buat Fikry, Randy, dan kawan-
kawan, jangan lupa salat, ya. Abang anak yang kuat, Abang anak yang hebat,""
ujar salah satu orang tua terdakwa.

Salah satu tim advokasi antipenyiksaan dari KontraS, Andi Muhammad Rezaldy,
menjelaskan ada 10 dugaan tindakan kekerasan diduga dilakukan polisi yang
ditemukan Komnas HAM. Selain itu, katanya, ada delapan bentuk dugaan kekerasan
verbal yang diduga dialami oleh para terdakwa.

""Komnas HAM intinya berkesimpulan bahwa mereka mengalami sejumlah rangkaian
tindakan penyiksaan setidak-tidaknya ada 10 bentuk tindakan penyiksaan yang
diduga dilakukan oleh aparat kepolisian, juga ditemukan terdapat delapan
kekerasan verbal yang dialami oleh terdakwa,"" ucap Andi.

""Kami berharap tentunya kepada majelis hakim atau segala fakta persidangan
yang kami sampaikan di muka persidangan termasuk temuan komisi nasional hak
asasi manusia (Komnas HAM),"" sambungnya.

Jaksa sebelumnya menuntut Muhammad Fikry, Muhammad Rizky dan Randy Apriyanto 2
tahun penjara. Sementara itu, Abdul Rohman dituntut 2,5 tahun penjara pada
sidang terpisah.

 ",www.detik.com
"2 Pria Bejat di Bogor Perkosa 2 ABG, Korban Juga Dijadikan PSK","Rabu, 20 Apr 2022 19:17 WIB","\-

Satreskrim Polres Bogor mengungkap dua kasus pencabulan terhadap anak di bawah
umur, Rabu (20/4/2022). Dalam pengungkapan ini, polisi mengamankan dua
tersangka berinisial A (22) asal Tamansari, Bogor, dan MR (38) asal Tenjolaya,
Kabupaten Bogor.

""Perkara pertama di mana kejadiannya terjadi di Kecamatan Tamansari dan
perkara kedua terjadi di Tenjolaya, Bogor,"" kata Wakapolres Bogor, Kompol
Wisnu Perdana Putra, dalam keterangannya, Rabu (20/4/2022).

Wisnu menjelaskan perbuatan cabul yang dilakukan A terhadap kedua korban anak
baru gede (ABG) terjadi pada 6 April 2022. Saat itu, kedua korban bertemu
dengan pelaku A dan rekannya yang buron, R, di pasar malam di kawasan
Tamansari, Kabupaten Bogor.

Setelah sempat berbincang, malam itu kedua korban dibawa ke rumah pelaku untuk
berpesta minuman keras.

""Oleh pelaku, korban kemudian dibawa ke sebuah vila, diajak minum-minuman
keras hingga akhirnya disetubuhi,"" kata Wisnu.

Tidak hanya A, pelaku lain berinisial R yang telah masuk daftar pencarian
orang (DPO) juga sempat memperkosa kedua korban. Kedua tersangka juga
mengeksploitasi kedua korban menjadi pekerja seks komersial (PSK).

""Perbuatan bejat pelaku tidak sampai di sini, pelaku lalu mengeksploitasi
korban melalui aplikasi _online,_ kemudian korban dipaksa melayani tamu yang
datang,"" tambah Wisnu.

###

### Bejat Pria Bogor Perkosa Anak Kandung

Sementara itu, kasus kedua, seorang pria asal Tenjolaya, Kabupaten Bogor,
ditangkap karena memperkosa anak kandungnya.

""Perkara kedua terjadi di Kecamatan Tenjolaya, di mana pelaku adalah orang tua
dari korban sendiri. Pelaku ini melakukan persetubuhan berkali-kali,"" kata
Wisnu.

Wisnu menegaskan perbuatan kedua pelaku merupakan perbuatan kejahatan luar
biasa dan dianggap keji karena dilakukan terhadap anak kandung sendiri dan
anak di bawah umur.

""Tidak terlepas juga bahwa perbuatan yang dilakukan pelaku memang tergolong
luar biasa. Karena memang perbuatan tersebut termasuk perbuatan keji yang
dilakukan terhadap anak di bawah umur. Tidak cukup hanya menyetubuhi, para
pelaku juga melakukan eksploitasi kepada korban,"" kata Wisnu.

""Untuk para pelaku dijerat dengan Pasal 81 dan 82 Undang-Undang Perlindungan
Anak dengan ancaman hukuman penjara maksimal 15 tahun dan denda minimal Rp 5
miliar,"" tambahnya.

[Gambas:Video 20detik]

 ",www.detik.com
Pasutri di Kebumen Tewas Dibunuh Saudara Sendiri Gegara Kisruh Panen,"Kamis, 02 Jun 2022 14:59 WIB","\-

Seorang pria nekat menghabisi nyawa sepasang suami istri saudaranya sendiri
gegara persoalan hasil panen. Pelaku, Teguh Santosa (59) tega menghabisi nyawa
pasutri, Warsono (69) dan Lestari (67) saudaranya karena merasa pembagian
panen tak adil.

Keduanya dihabisi di rumah korban di Desa Karanggedang, Kecamatan Sruweng,
Kebumen pada Rabu (1/6) malam. Usai melakukan aksinya, tersangka kemudian
menyerahkan diri ke Polsek Sruweng.

""Di Desa Karanggedang, Kecamatan Sruweng telah ditemukan suami istri terbunuh
dengan bersimbah darah. TKP di rumah korban, keduanya ditemukan sudah tidak
bernyawa. Setelah itu, pelaku menyerahkan diri ke Polsek Sruweng,"" ujar
Kapolres Kebumen, AKBP Burhanuddin saat menggelar pers rilis di Mapolres
Kebumen, Kamis (2/6/2022).

Tersangka ternyata adik kandung dari korban Lestari. Sebelum melakukan
pembunuhan tersebut, tersangka memasuki rumah korban dan mematikan lampu.
Setelah tahu keberadaan sang kakak, ia kemudian langsung memukul kepala korban
dengan menggunakan pipa besi berkali-kali hingga akhirnya Lestari tewas.

Kemudian suami korban, Warsono yang baru pulang dari masjid juga tak luput
dari sasaran tersangka. Aksi pembunuhan sadis itu terkuak ketika istri
tersangka, Susilowati (50) curiga melihat rumah kakak iparnya dalam kondisi
mati listrik. Dia lalu menengok dari jendela dan melihat kedua korban sudah
tergeletak bersimbah darah di lantai.

Susilowati langsung memberitahukan ke warga lain hingga akhirnya melaporkan ke
polisi, sedangkan tersangka sudah tidak berada di lokasi. Petugas pun kemudian
langsung mendatangi lokasi untuk melakukan olah TKP.

""Dan saat ini pelaku sudah kita amankan dan mengakui perbuatannya,"" imbuhnya.

Sementara itu, tersangka mengaku nekat menghabisi nyawa korban lantaran dendam
karena merasa pembagian hasil panen padi dari sawah peninggalan orang tua
mereka dirasa tidak adil. Bahkan dia mengaku sudah merencanakan pembunuhan itu
dari 4 bulan yang lalu.

""Hasil panen saya itu jadi rebutan dengan kakak perempuan saya, sering cekcok.
Dia itu sudah kaya tapi tidak memperhatikan kekurangan saya. Saya memang akan
balas dendam, sehingga saya sengaja memukul kakak saya, persiapan itu sudah 4
bulan,"" ucap tersangka Teguh.

Dari kasus tersebut, petugas mengamankan barang bukti berupa pipa besi
sepanjang 68 sentimeter dengan diameter 3 sentimeter serta pakaian korban.
Atas perbuatannya tersangka dijerat pasal 340 KUHP tentang pembunuhan
berencana dengan ancaman maksimal penjara seumur hidup.

  
  
  
[Gambas:Video 20detik]  

 ",www.detik.com
Polisi Ditombak Pelaku Begal Saat Lakukan Penangkapan di Kota Jambi,"Rabu, 11 Mei  2022 08:10 WIB","\-

Seorang perwira polisi berpangkat AKP (Ajun Komisaris Polisi) yang bertugas di
Polda Jambi ditombak oleh pelaku begal saat akan lakukan penangkapan. Perwira
polisi bernama Silaen itu kini dalam kondisi perawatan intesif di rumah sakit
lantaran alami luka serius.

""Iya, anggota kita itu bernama AKP Silaen, kini masih dalam kondisi belum
sadar lantaran habis operasi pengangkatan tombak,"" kata Direktur Reserse
Kriminal Umum Polda Jambi, Kombes Kaswandi Irwan, Rabu (11/5/2022).

Perwira polisi itu menjabat sebagai Kanit Resmob Polda Jambi. Dia ditombak
dibagian perutnya saat sedang menangkap pelaku begal di Kelurahan Tanjung
Pasir, Kecamatan Danau Teluk, Seberang Kota Jambi.

  

Penangkapan pelaku begal ini dilakukan oleh tim gabungan dari Polda Jambi,
Polresta Jambi, Polres Batanghari dan Polres Tanjung Jabung Timur Jambi.
Penangkapan pelaku begal yang merupakan spesialis curat dengan 11 TKP
diberbagai wilayah Jambi itu dilakukan polisi pada Selasa petang (10/5) pukul
18.00WIB.

""Jadi saat akan ditangkap, pelaku ini sudah tahu, lalu dia berteriak kepada
anggota polisi yang akan ditangkap untuk minta ditangkap. Setelah akan
ditangkap, dia lakukan perlawanan dengan bawa tombak ikan,"" ujar Kaswandi.

Teriakan pelaku itu membuat polisi berjaga-jaga ketat. Polisi kemudian
mengepung sekeliling rumah pelaku dengan kemudian melakukan penangkapan.
Perwira polisi berpangkat AKP itu berada di depan, lantaran sebagai pemimpin
dalam operasi penangkapan Begal tersebut.

""Ketika mendengar teriakan pelaku, anggota kemudian mengepung kediaman pelaku.
Lalu AKP Silaen berada di depan dengan gunakan rompi anti peluru, lantaran
memimpin penangkapan itu. Dan kemudian saat ditangkap pelaku menombak bagian
perut AKP Silaen,"" terang Kaswandi.

Pelaku begal yang akan ditangkap itu bernama Taufik Galing (32). Dia
dilaporkan sudah melakukan aksi pencurian dengan kekerasan diberbagai wilayah
Jambi. Polisi melakukan penangkapan terhadap pelaku lantaran pelaku diketahui
sedang berada di kediaman rumahnya.

""Pelaku ini sudah lakukan aksi kejahatan curat maupun curas di 11 TKP, ada
enam TKP pencurian dengan kekerasan di wilayah Polres Batanghari, dua TKP di
Polresta Jambi masing-masing satu kasus pencurian kekerasan dan satu lagi
pencurian pemberatan (curat) serta tiga TKP di Muarojambi,"" sebut Kaswandi.

Sementara itu, Perwira polisi berpangkat AKP tersebut kini masih dalam
perawatan di Rumah Sakit Raden Mataher Jambi. Kondisi perwira itu kini juga
belum sadar usai obat bius yang diberikan saat operasi pengangkatan tombak
pelaku begal.

  
  
  
[Gambas:Video 20detik]  

 ",www.detik.com
Keluarga Harap Pemerkosa Anak hingga Hamil di Bekasi Segera Ditangkap,"Sabtu, 16 Apr 2022 09:15 WIB","\-

Pria inisial S (47) masih berkeliaran setelah diduga memperkosa anak
tetangganya di Cibitung, Kabupaten Bekasi. Keluarga berharap polisi segera
menangkap pelaku.

""Harapan saya, penginnya cepat dihukum secepatnya, harapan saya, dari keluarga
saya. Kalau dia dihukum, kan nggak _menantangin_ saya dan keluarga saya,"" ujar
ibunda korban, M, Sabtu (16/4/2022).

Sebelumnya, keluarga melaporkan S ke polisi atas dugaan pemerkosaan terhadap
putrinya yang berusia 14 tahun. Akibat perbuatan pelaku, korban kini hamil 5
bulan.

Menurut M, pelaku pernah berjanji akan bertanggung jawab menikahi putrinya.
Tapi hal itu tidak pernah terjadi hingga akhirnya keluarga memutuskan melapor
polisi.

""Mau janjikan itu, Pak, janjikan istri kedua biar jabang bayi ada bapaknya,
kapan katanya bertemu bermusyawarah,"" ujar M.

Namun janji tinggal janji, nyatanya pelaku tidak pernah menikahi korban.
Menurut M, pelaku juga kerap sesumbar ke tetangga bahwa ia tak mudah ditangkap
polisi.

""Ini saya _tungguin_ ke WhatsApp nggak ada dia mau datang. Dia bilang nih,
kalau dia ke warung bilang _ama temennya_ katanya dia lindung, kalau ditangkap
licin,"" ucapnya.

### Penjelasan Polisi

Kapolres Metro Bekasi Kombes Gidion Arif mengatakan pihaknya telah meminta
keterangan kepada terduga pelaku. Namun pelaku mengelak, sehingga polisi perlu
alat bukti lain untuk menjerat pelaku.

""Setelah kita klarifikasi, kan (pelaku) tidak mengakui, maka perlu pembuktian
saintifik. Satu-satunya pembuktian saintifik untuk kasus ini DNA,"" ujar Gidion
saat dihubungi terpisah.

Menurut Gidion, untuk mendapatkan hasil tes DNA, harus menunggu bayi korban
anak ini lahir. Selain itu, kata Gidion, pihaknya masih mengumpulkan bukti-
bukti yang lain.

""DNA ini kan bisa keluar bisa diambil (jika bayi) sudah keluar dari kandungan.
Sambil jalan itu mengambil DNA, kita mencukupi alat-alat bukti yang lain, alat
bukti yang lain kan hanya keterangan saksi. Berapa pun saksi yang kita
periksa, itu nilainya satu,"" tuturnya.

[Gambas:Video 20detik]

  
  

 ",www.detik.com
Terungkap! Mamih Juju Dibunuh Eks Suami Asal Pakistan,"Jumat, 20 Mei  2022 14:28 WIB","\-

Polisi berhasil mengungkap kematian Juju Juariyah alias Mamih Juju, warga
Kabupaten Tasikmalaya. Mamih Juju ternyata dibunuh mantan suaminya yang
merupakan warga negara (WN) Pakistan.

Kasus pembunuhan ini bermula dari ditemukannya jasad Mamih Juju berlumur darah
dengan sejumlah luka. Selain itu, saat ditemukan bagian kaki Mamih Juju dalam
keadaan terikat lakban.

Mendapati informasi adanya pembunuhan, polisi langsung bergerak melakukan
penyelidikan. Olah TKP hingga autopsi jasad Mamih Juju dilakukan demi
mengungkap misteri pembunuhan tersebut.

  

Setelah mengumpulkan sejumlah bukti akhirnya polisi berhasil mengungkap
pembunuh Mamih Juju. Ternyata korban dibunuh mantan suaminya Jahoor Ul Hassan
(42), warga negara Pakistan.

Polisi pun menetapkan Jahoor sebagai tersangka pembunuhan Mamih Juju.

""Tersangka seorang WNA (warga negara asing) Pakistan bernama Jahoor Ul Hassan,
dia berdomisili di Kecamatan Baregbeg Kabupaten Ciamis,"" kata Kabid Humas
Polda Jabar Kombes Ibrahim Tompo didamping Kapolres Tasikmalaya Kota AKBP
Aszhari Kurniawan di Mapolres Tasikmalaya Kota, Jumat (20/5/2022).

Ibrahim menjelaskan penetapan tersangka ini dilakukan setelah polisi mendapat
cukup bukti dan keterangan saksi. ""Kami mengamankan 22 item barang bukti dan
memeriksa 6 orang saksi,"" kata Ibrahim.

Sementara itu, Kapolres Tasikmalaya Kota AKBP Aszahri Kurniawan mengungkapkan
pelaku merupakan mantan suami korban. Pelaku dan korban diketahui baru
bercerai selama 3 bulan lalu.si pelaku pembunuhan mengarah kepada Jahoor.

""Hasil penyelidikan mengerucut ke si mantan suaminya. Akhirnya pada hari itu
juga sekitar jam 13.00 WIB kami amankan tersangka ini ketika sedang berobat di
sebuah rumah sakit di Ciamis,"" kata Aszhari.

Tersangka langsung diamankan dan menjalani pemeriksaan intensif di Mapolres
Tasikmalaya Kota.

Aszhari juga mengatakan bahwa korban tewas dengan luka tusukan dan luka
sayatan di bagian leher. Kemudian tak ada barang berharga korban yang dibawa,
kecuali ponsel milik korban yang saat ini masih dicari keberadaannya.

 ",www.detik.com
Polisi Sebut Perampok Berpistol di Indogadai Jaksel Pelaku Tunggal,"Selasa, 14 Des 2021 18:17 WIB","\-

Polisi menangkap D (22), pelaku perampokan bersenjata _airsoft gun_ __ di
Indogadai, Jagakarsa, Jakarta Selatan. Polisi mengungkap pelaku D bekerja
seorang diri.

""Ini pelaku beraksi sendiri. Berdasarkan pemeriksaan, dia _ngaku_ sendiri,""
ujar Kabid Humas Polda Metro Jaya Kombes E Zulpan saat konferensi pers di
Polres Metro Jakarta Selatan, Selasa (14/12/2021).

Zulpan mengonfirmasi bahwa pelaku dalam video viral tersebut memang beraksi
merampok Indogadai sendirian.

""Dari video viral, dia sendiri,"" ujarnya.

Lebih lanjut, Zulpan menyebut alamat rumah tersangka tidak jauh dari tempat
kejadian. Zulpan membantah pelaku melakukan aksinya sejak siang hari.

""Kalau dikatakan dari siang, itu tidak benar. Yang benar adalah rumahnya tidak
jauh dari Indogadai itu,"" lanjutnya.

Dia menduga bahwa kemungkinan pelaku sudah melakukan pemantauan dari siang
hari melewati Indogadai tersebut. Pada saat toko akan tutup, tersangka
beraksi.

""Mungkin dia sudah memantau siang, dia melintas tetapi dia melakukan aksi itu
tidak dari siang. Aksi itu ketika toko tutup pukul 20.05 WIB,"" tutupnya.

  
 _Sebelumnya Ketua RT setempat mengatakan bahwa pelaku sudah ada di Indogadai
itu sejak siang. Simak penjelasan ketua RT di halaman selanjutnya_

Selanjutnya __

Halaman

1  2

 ",www.detik.com
Maling Motor yang Duel dengan Polisi Pasuruan Jadi Tersangka,"Kamis, 24 Feb 2022 15:13 WIB","\-

Pria yang duel dengan polisi di Pasuruan dipastikan merupakan pelaku pencurian
motor. Saat ini, ia telahi ditetapkan sebagai tersangka dan ditahan di
Mapolres Pasuruan Kota.

Kasat Reskrim Polres Pasuruan Kota AKP Bima Sakti Pria Laksana membenarkan hal
ini. Bima menyebut pelaku merupakan SY, warga Desa Rebalas, Kecamatan Grati.

Di kesempatan ini, Bima juga mengapresiasi Bripka Yulianto Eko Wahyudi. Bima
mengatakan, insting petugas Babinkamtibmas Kelurahan Sebani, Kecamatan
Gadingrejo itu tajam, sehingga memutuskan mengejar pengendara motor yang
mencurigakan.

""Dan memang benar, pelaku ini habis melakukan pencurian motor di Jalan Urip
Sumoharjo, Gadingrejo, sebelum dibekuk,"" kata Bima, Kamis (24/2/2022).

Setelah dibekuk di jalan antar kelurahan Kebonagung, Kecamatan Purworejo, Rabu
(24/2) malam, pria itu dibawa ke mapolres. Hasil pemeriksaan, ia memang
melakukan pencurian sebelum dikejar polisi.

""Dia bersama satu temannya. Temannya berhasil kabur bawa motor curian,
sedangkan pelaku yang ditangkap pakai motor yang ia gunakan mencuri,"" terang
Bima.

Sebelumnya, penangkapan maling motor ini berlangsung dramatis. Aksi
penangkapan ini cukup menegangkan karena seorang polisi sempat berduel dengan
pelaku. Aksi mendebarkan ini terekam kamera warga. Vidoenya sempat tersebar
dan viral di aplikasi perpesanan.

Ternyata, polisi yang menangkap maling motor seorang diri ini yakni Bripka
Yulianto Eko Wahyudi. Sehari-hari, Yulianto beretugas di Polsek Gadingrejo,
Kota Pasuruan.

Awalnya, ia melakukan patroli rutin karena akhir-akhir ini marak pencurian
motor di wilayahnya. Ia kemudian melihat dua pemotor mencurigakan, lalu
tergerak melakukan pemantauan.

""Ada dua motor yang melaju kencang dan menyeberang jalan tidak selayaknya
orang yang wajar. Dari situ saya punya insting, mereka pelaku curanmor,"" kata
Yulianto, Kamis (24/2/2022).

  
  
  
[Gambas:Video 20detik]  

 ",www.detik.com
"Tega, Pria Ini Perkosa Anak Kandung yang Menjaganya Saat Sakit","Senin, 18 Apr 2022 09:58 WIB","\-

Seorang pria di Aceh Timur, Aceh, Sai (44) dihukum 150 bulan penjara karena
tega memperkosa anak kandungnya yang masih berusia 12 tahun. Ironisnya, aksi
bejat pria itu dilakukan saat korban menjaga pelaku yang tengah sakit.

Dikutip dari putusan Mahkamah Syar'iyah (MS) Idi, Senin (18/4/2022), kasus
bermula saat korban diantar ibunya ke rumah Sai untuk menjaga Sai yang lagi
sakit, Minggu (5/9/2021). Kedua orang tuanya itu tidak lagi tinggal serumah.

Menjelang tengah malam, Sai disebut mulai melecehkan korban yang sedang tidur.
Korban sempat memprotes tindakan ayahnya itu. Tak lama berselang korban
kembali tertidur.

  

Korban terbangun ketika Sai tengah memperkosanya. Korban disebut sempat
melakukan perlawanan tapi kalah tenaga.

Usai memperkosa anaknya, Sai langsung tidur. Korban saat itu disebut hendak
kabur dari rumah Sai namun tidak menemukan celananya.

Menjelang pagi, korban pulang ke rumahnya dengan motor milik Sai. Pelaku
sempat mengancam korban agar tidak memberitahukan kejadian itu ke ibunya.

Korban menceritakan kejadian yang dialaminya ke ibunya. Sang ibu lalu membuat
laporan ke Polres Aceh Timur. Polisi turun tangan melakukan penyelidikan dan
menciduk Sai.

Dalam persidangan, jaksa penuntut umum (JPU) Kejari Aceh Timur menuntut Sai
dihukum 150 bulan. Majelis hakim MS Idi menyatakan Sai terbukti bersalah
sesuai diatur dalam Pasal 50 Qanun Aceh nomor 6 tahun 2014 tentang Hukum
Jinayat.

""Menjatuhkan hukuman terhadap terdakwa dengan uqubat ta'zir penjara selama 150
bulan, dikurangi selama masa terdakwa ditahan,"" putus hakim.

Putusan itu diketuk oleh majelis hakim yang diketuai Hasanuddin dengan hakim
anggota masing-masing Muhammad Aulia Ramdan Daenuri dan Islahul Umam.

  
  
  
[Gambas:Video 20detik]  

 ",www.detik.com
"2 Maling Tinggalkan KTP-SIM di Klaten Tertangkap, Begini Akhir Pelariannya","Selasa, 10 Mei  2022 12:07 WIB","\-

Aksi pencurian terjadi di sebuah warung sate di jalan Srowot-Wedi Kecamatan
Jogonalan, Klaten, akhir pekan kemarin. Uniknya, pencuri itu langsung lari
meninggalkan motor serta kartu identitasnya lantaran kepergok warga.

Berbekal bukti-bukti yang ditinggalkan itu, saat ini polisi sudah berhasil
mencokok kedua pelaku.

""Betul sudah diamankan tim Reskrim Polres Klaten. Satu ditangkap di rumahnya
dan satu menyerahkan diri,"" jelas Kasi Humas Polres Klaten Iptu Abdillah
kepada , Selasa (10/5/2022) siang di Mapolres Klaten.

Kedua pelaku tersebut adalah ER (30) warga Pogung, Kecamatan Cawas dan SE (60)
warga Pesu, Kecamatan Wedi.

Dari hasil pengembangan, ternyata kedua maling apes itu pernah beraksi di
sejumlah lokasi. Saat ini polisi masih terus melakukan pemeriksaan terhadap
keduanya.

""Dari pengembangan ada beberapa kasus lain. Di Kecamatan Gantiwarno mereka
mencuri 8 tabung gas, "" kata Abdillah.

Selain itu, mereka juga pernah mencuri minuman teh teh kemasan sejumlah 25
botol di dekat Pabrik Gula Gondang.

![Maling di Klaten gagal bobol warung tinggalkan identitas KTP dan
SIM](https://akcdn.detik.net.id/community/media/visual/2022/05/08/maling-di-
klaten-gagal-bobol-warung-tinggalkan-identitas-ktp-dan-
sim_169.jpeg?w=620)Maling di Klaten gagal bobol warung tinggalkan identitas
KTP dan SIM Foto: dok. tangkapan layar Info Seputar Klaten  
  
---  
  
Dari hasil identifikasi, ternyata pelaku SE juga tercatat sebagai residivis
dalam kasus pencurian kepala arca dan pencurian sapi.

Terpisah, Kapolsek Jogonalan AKP Muslimin menyebut bahwa kedua pelaku itu
diamankan oleh tim Resmob Polres Klaten. Adapun barang bukti saat ini masih
disimpan di Polsek Jogonalan.

""Sepeda motor masih di Polsek. KTP dan SIM itu milik salah seorang pelaku,""
ungkap Muslimin kepada .

Diberitakan sebelumnya, aksi pencuri apes itu sempat viral di media sosial.
Mereka lari setelah aksinya kepergok warga. Sedangkan sepeda motor dan KTP
serta SIM yang tersimpan di jok motor justru ditinggal begitu saja.

  
  
  
[Gambas:Video 20detik]  

 ",www.detik.com
Aksi Heroik Warga Subang Sergap-Tangkap Maling,"Selasa, 19 Apr 2022 06:01 WIB","\-

Aksi heroik dilakukan oleh Reo Liandra saat menyergap pencuri yang masuk ke
rumahnya di Jalan Otto Iskandar Dinata, Kelurahan Sukamelang, Kecamatan Subang
Kota, Kabupaten Subang, Jawa Barat, Senin (18/4/2022).

""Jadi waktu jam 09.30 WIB saya ke dalam rumah nah waktu di kamar ada suara
berisik dari kamar ibu saya, saya kira itu ibu saya pas saya cek tapi ibu saya
ada di belakang rumah,"" ujar Reo saat diwawancarai detikJabar di Mapolsek
Subang Kota.

Setelah mengetahui ada orang lain yang tak dikenalnya masuk ke dalam rumah
tersebut, Reo pun langsung memberanikan diri dengan mengambil alat bela diri
dan meneriaki pelaku untuk keluar rumah.

  

""Saya langsung berpikir bahwa itu pencuri. Nah pas lihat pintu rumah terbuka
saya putar balik ke luar rumah, soalnya kalau saya sergap dia dari dalam pasti
dia kabur duluan,"" katanya.

Bahkan setelah itu, lanjut Reo, pelaku pencurian tersebut langsung keluar
rumah dan sempat mengacungkan obeng kepada dirinya. Dengan memberanikan diri,
Reo pun melawan dan langsung menangkap pelaku sebelum diamankan oleh pihak
kepolisian.

""Ya sempat baku hantam juga saya sama si pelaku, akhirnya pelaku berhasil saya
tahan. Pelaku tuh dua orang yang satu nunggu di motor beat warna putih kalo
enggak salah, waktu dipukuli temennya juga sempat nunggu tapi setelah ketahuan
temannya ketangkep dia langsung kabur,"" ucapnya.

Sementara itu, Kapolres Subang AKBP. Sumarni melalui Kapolsek Subang Kota
Kompol Yayah Rokayah mengungkapkan dengan aksi beraninya itu, Reo akan
mendapatkan penghargaan dari pihak kepolisian.

""Saya apresiasi, nanti akan kita kasih penghargaan dari Polres Subang apalagi
sekarang bulan puasa kita juga langsung gerak cepat mengamankan pelaku,"" ujar
Kompol Yayah.

Saat ini, pelaku atas anak Bahtiar Ismalil (30) warga Jakarta itu pun langsung
dibawa ke Polsek Subang Kota untuk diamankan.

Dari tangan pelaku, polisi berhasil mengamankan barang bukti diantaranya, tiga
buah obeng, dua kunci later T, serta satu buah handphone milik pelaku.

Sementara itu, seorang pelaku lainnya masih dalam pengejaran pihak kepolisian.
Akibat perbuatannya tersangka dikenakan pasal 363 pencurian dan pemberatan
(curat) junto 53 dengan ancaman tujuh tahun penjara.

  
  
  
[Gambas:Video 20detik]  

 ",www.detik.com
"Begal Amaq Sinta Buka Suara, Akui Bawa Pedang","Rabu, 20 Apr 2022 11:24 WIB","\-

Polisi menghadirkan Wahid, salah satu dari dua begal Amaq Sinta, yang kini
berstatus tersangka ke hadapan wartawan di Mapolda Nusa Tenggara Barat (NTB).
Tersangka Wahid mengaku membawa pedang untuk menjalankan aksinya.

Dilansir dari , Rabu (20/4/2022), tersangka Wahid menyampaikan hal tersebut
saat dihadirkan di hadapan wartawan di Mapolda Nusa Tenggara Barat (NTB) pada
Senin (18/4/2022). Di hadapan wartawan, Direktur Kriminal Umum Kepolisian
Daerah Nusa Tenggara Barat (Polda NTB) Komisaris Besar Hari Brata sempat
melontarkan beberapa pertanyaan kepada Wahid.

Hari Brata sempat menunjukkan sebuah pedang milik Wahid sembari bertanya,
""Kamu bawa ini?""

""Iya,"" jawab Wahid lirih sambil mengangguk.

"" _Gimana_ (caranya) kamu bawa ini,"" tanya Kombes Hari.

""Dipegang,"" kata Wahid

""Di motor?"" tanya Kombes Hari lagi.

""Iya, di motor,"" jawab Wahid.

Karena ukuran pedang yang lumayan panjang, Kombes Hari tampaknya penasaran
dengan cara Wahid membawa pedang itu.

""Di mana kamu bawanya, di samping, atau di tengah, atau _gimana_?"" tanya Hari.

""Di tengah,"" jelas Wahid.

Dalam keterangannya, Kombes Hari menyebut aksi begal pada Minggu (10/4/2022)
itu dilakukan empat orang. Dua di antara para pelaku telah tewas di tangan
Amaq Sinta, korban begal yang sebelumnya sempat dijadikan tersangka pembunuhan
akibat aksinya melumpuhkan dua begal atas nama Pendi dan Oki.

Simak selengkapnya di sini.

[Gambas:Video 20detik]

  
  

 ",www.detik.com
Pria di Sumsel Tewas Ditembak Begal Saat Boncengkan Anak dan Istri!,"Rabu, 26 Jan 2022 10:57 WIB","\-

Seorang pria, Budi Satmoko (34), di Ogan Komering Ilir (OKI), Sumatera Selatan
(Sumsel), tewas ditembak oleh begal motor. Pelaku menembak Budi, yang
memboncengkan anak dan istrinya.

""Iya, informasinya memang seperti itu kejadiannya,"" kata Kasat Reskrim Polres
OKI AKP Sapta Eko Yanto ketika dimintai konfirmasi , Rabu (26/1/2022).

Peristiwa nahas yang menimpa warga OKU Timur itu terjadi saat di kawasan
Cahaya Makmur, OKI, saat korban dalam perjalanan menuju Martapura, OKU Timur,
dengan menggunakan sepeda motor, Selasa (25/1) pagi kemarin.

""Kami mendapatkan informasi bahwa telah terjadi aksi tindak pidana curas
(pencurian dengan kekerasan) sekira pukul 06.30 WIB, kemarin (Selasa, 25/1),""
katanya.

Saat kejadian, kata dia, korban, yang sedang bersama anak dan istrinya, tengah
melintas menggunakan sepeda motor. Namun, di perjalanan, korban dihentikan dua
begal bersenpi.

""Saat di tengah perjalanan, korban didahului oleh dua orang pelaku yang
berboncengan mengendarai 1 unit sepeda motor. Karena merasa curiga, korban
disebut memutuskan mengambil arah putar balik,"" katanya.

Namun, sekitar jarak 20O meter, sambungnya, pelaku diduga ikut putar balik dan
kembali mengikuti korban. Saat berada dekat dengan korban, pelaku menghadang
dengan menodongkan senjata api.

""Korban memang sudah berusaha menghindar dan mengamankan diri, namun pelaku
tetap menghadang motor korban dan mengancam dengan menggunakan senjata api.
Pelaku dan korban sempat cekcok mulut. Akhirnya pelaku menembakkan senjata api
ke arah korban, merampas motor korban, dan membawa kabur ke arah OKU Timur,""
terangnya.

""Korban yang berlumuran darah di hadapan anak dan istrinya kemudian ditolong
oleh warga yang melintas dibawa ke bidan terdekat. Tapi pada saat berada di
bidan, nyawa korban sudah tidak tertolong dinyatakan meninggal dunia,""
jelasnya.

Atas laporan tersebut, Sapta mengaku pihaknya saat ini masih memburu
keberadaan pelaku.

""Ini kita masih di OKU Timur berkoordinasi memburu pelaksanaan, doakan saja,""
tutupnya.

 ",www.detik.com
Oknum Polisi SA Perankan Terima Rp 20 Juta di Rumah Eks Kasatpol PP Makassar,"Kamis, 19 Mei  2022 15:50 WIB","\-

Rekonstruksi kasus Kasatpol PP Makassar nonaktif Iqbal Asnan membunuh pegawai
Dishub berlanjut ke rumah kedua tersangka Iqbal di Jalan Kumala, Kota
Makassar. Di lokasi ini polisi bernama Sulaiman alias SA eksekutor penembakan
menerima duit Rp 20 juta.

Pantauan di lokasi, Kamis (19/5/2022), orang tersangka Asri dan Sulaiman
dihadirkan ke rumah tersangka Iqbal di Jalan Kumala Makassar. Di sana terjadi
transaksi.

Moderator rekonstruksi mengatakan, tersangka Iqbal memerintahkan tersangka
Asri agar menyerahkan uang Rp 20 juta ke tersangka Sulaiman. Uang itu pun
diserahkan ke sebuah tepi jalan.

  

Reka adegan rekonstruksi menunjukkan uang Rp 20 juta dibungkus dengan kertas
putih. Setelah pemberian uang itu dilakukan, Asri dan Sulaiman kembali ke
dalam rumah Iqbal.

Pantauan , rekonstruksi di rumah Iqbal selesai dengan transaksi Rp 20 juta
tersebut. Selanjutnya polisi bergeser dari rumah tersangka Iqbal menuju ke
lokasi penembakan maut di pertigaan Jalan Danau-Jalan Manunggal 22, Kecamatan
Tamalate, Makassar.

Sebelumnya, rekonstruksi digelar di rumah tersangka Iqbal Asnan yang pertama
di Jalan Beringin Timur. Namun rekonstruksi di lokasi ini digelar tertutup.

Terlihat tersangka Iqbal masuk ke dalam sebuah rumah di Jalan Beringin Timur,
Kecamatan Rapoccini, Makassar. Iqbal masuk bersama aparat kepolisian ke sebuah
bangunan di belakang rumah kayu berwarna cokelat itu.

Tidak diketahui adegan seperti apa yang diperankan di sana. Sejumlah aparat
kepolisian menjaga pagar rumah itu agar awak media dan warga tidak masuk.

  
  
  
[Gambas:Video 20detik]  

 ",www.detik.com
Polisi Usut Dugaan Perampokan di Kantor Ekspedisi Aceh: Ada Kejanggalan,"Senin, 03 Jan 2022 16:54 WIB","\-

Polisi menyelidiki dugaan perampokan di kantor perusahaan ekspedisi di Desa
Blang Tengeuh, Kecamatan Kuala, Nagan Raya, Aceh. Polisi menemukan kejanggalan
terkait raibnya uang Rp 205 juta di kantor tersebut.

""Setelah kita lakukan olah TKP, kita menemukan unsur kejanggalan terkait
hilangnya uang di kantor tersebut,"" kata Kasat Reskrim Polres Nagan Raya AKP
Machfud kepada wartawan, Senin (3/1/2022).

Machfud mengatakan penyelidikan dilakukan berawal dari adanya laporan
perampokan dari pihak perusahaan. Dalam pemeriksaan awal, diketahui saksi KUR
bertugas sebagai piket jaga di kantor saat kejadian malam tadi.

Saat itu, di kantor juga ada saksi JUN yang sedang menunggu hujan reda.
Menjelang tengah malam, JUN disebut keluar pergi ke rumah supervisor
berinisial DM.

Tak lama berselang, KUR melihat uang tunai ratusan juta rupiah yang ada di
kantor telah raib. KUR lalu menghubungi JUN untuk menanyakan keberadaan uang
tersebut.

""DM melaporkan kejadian tersebut kepada polisi karena korban telah mengalami
kerugian ratusan juta rupiah,"" ujar Machfud.

Setelah mendapat laporan, polisi turun tangan melakukan penyelidikan. Dalam
olah TKP diketahui di kantor tersebut tidak dipasangi kamera CCTV.

Menurut Machfud, polisi masih memeriksa saksi dan pelapor terkait raibnya uang
tersebut. Penyelidikan juga bakal dilakukan untuk mengungkap kasus itu.

""Kita lakukan penyelidikan dan penyidikan secara beruntun guna dapat
membongkar terkait raibnya uang sebanyak ratusan juta tersebut. Kita akan usut
tuntas kasus itu,"" ujar Machfud.

 ",www.detik.com
"Restorative Justice, Jaksa Hentikan Penuntutan 19 Kasus Penganiayaan-Penadahan","Selasa, 12 Apr 2022 19:33 WIB","\-

Kejaksaan Agung (Kejagung) menghentikan penuntutan terhadap 19 perkara
berdasarkan _restorative justice_. Beragam kasus yang dihentikan penuntutan
itu misalnya kasus penganiayaan, penadahan, hingga pencurian.

""Jaksa Agung RI melalui Jaksa Agung Muda Tindak Pidana Umum (Jampidum) Dr.
Fadil Zumhana menyetujui 19 dari 20 permohonan penghentian penuntutan
berdasarkan keadilan restoratif,"" kata Kapuspenkum Kejagung Ketut Sumedana
dalam keterangan tertulis, Selasa (12/4/2022).

Penghentian penuntutan itu dilakukan berdasarkan gelar perkara atau ekspose
secara virtual oleh Jampidum Fadil Zumhana beserta jajaran. Adapun 19 berkas
perkara yang dihentikan penuntutannya berdasarkan keadilan restoratif adalah
sebagai berikut:

1\. Tersangka Andri Prabowo dari Kejaksaan Negeri Pangkal Pinang yang disangka
melanggar Pasal 351 Ayat (1) KUHP tentang penganiayaan;

2\. Tersangka Muhammad Nazar dari Kejaksaan Negeri Bireun yang disangka
melanggar Pasal 480 Ayat (1) KUHP tentang penadahan;

3\. Tersangka Aulia Fahnur dari Kejaksaan Negeri Bireun yang disangka
melanggar Pasal 480 Ayat (1) KUHP tentang penadahan;

4\. Tersangka Muslem dari Kejaksaan Negeri Bireun yang disangka melanggar
Pasal 480 Ayat (1) KUHP tentang penadahan;

5\. Tersangka Ridwan dari Kejaksaan Negeri Bireun yang disangka melanggar
Pasal 480 Ayat (1) KUHP tentang Penadahan;

6\. Tersangka Indra Syahputra dari Kejaksaan Negeri Gayo Lues yang disangka
melanggar Pasal 362 KUHP tentang pencurian;

7\. Tersangka Nasruddin dari Kejaksaan Negeri Aceh Besar yang disangka
melanggar Pasal 480 Ayat (1) KUHP tentang penadahan;

8\. Tersangka Orlando Farrel Saktiawan dari Kejaksaan Negeri Salatiga yang
disangka melanggar Pasal 44 ayat (1), (4) UU No.23 tahun 2004 tentang
penghapusan kekerasan dalam rumah tangga.

9\. Tersangka I Zakaria dan Tersangka Abdulrohman dari Kejaksaan Negeri Jepara
yang disangka melanggar Kesatu Pasal 80 ayat (2) Jo. Pasal 76 C UU RI No. 35
Tahun 2014 tentang Perubahan atas UU RI No. 23 Tahun 2002 tentang Perlindungan
Anak atau Kedua Pasal 80 ayat (1) Jo. Pasal 76 C UU RI No. 35 Tahun 2014
tentang Perubahan atas UU RI No. 23 Tahun 2002 tentang perlindungan anak.

10\. Tersangka Mifrochah dari Kejaksaan Negeri Pati yang disangka melanggar
Pasal 351 Ayat (1) KUHP tentang penganiayaan;

11\. Tersangka Maya Nur Hidayah dari Kejaksaan Negeri Pati yang disangka
melanggar Pasal 351 Ayat (1) KUHP tentang penganiayaan;

12\. Tersangka Abdulloh dan Tersangka Achmad Taufiq dari Kejaksaan Negeri
Kabupaten Pasuruan yang disangka melanggar Pasal 76C jo Pasal 80 ayat (1)
Undang-Undang No. 35 Tahun 2014 tentang Perubahan atas Undang-Undang Nomor 23
Tahun 2002 tentang Perlindungan Anak jo. Pasal 55 ayat (1) Ke-1 KUHPidana atau
Pasal 351 ayat (1) KUHP jo. Pasal 55 ayat (1) Ke-1 KUHPidana.

13\. Tersangka Ariesal Dharsono dari Kejaksaan Negeri Tulungagung yang
disangka melanggar Pasal 362 KUHP tentang pencurian;

14\. Tersangka Moh Yasin dari Kejaksaan Negeri Jember yang disangka melanggar
Pasal 351 Ayat (1) KUHPidana tentang penganiayaan;

15\. Tersangka Yana Farid dari Kejaksaan Negeri Mojokerto yang disangka
melanggar Pasal 312 Undang-Undang Nomor 22 Tahun 2009 tentang lalu lintas dan
angkutan jalan.

16\. Tersangka Moch. Andika dari Kejaksaan Negeri Mojokerto yang disangka
melanggar Pasal 312 Undang-Undang Nomor 22 Tahun 2009 tentang lalu lintas dan
angkutan jalan.

17\. Tersangka Anggun Wibowo dari Kejaksaan Negeri Sarolangun yang disangka
melanggar Pasal 362 KUHP tentang pencurian.

18\. Tersangka Laik Kur Rohman dari Kejaksaan Negeri Jember yang disangka
melanggar Pasal 351 Ayat (1) KUHP tentang penganiayaan.

19\. Tersangka Achmad Syafaruddin dari Kejaksaan Negeri Tarakan yang disangka
melanggar Pasal 362 atau Pasal 367 Ayat (2) KUHP tentang pencurian

Adapun penghentian penuntutan berdasarkan keadilan restoratif ini diberikan
antara lain kepada para tersangka yang baru pertama kali melakukan perbuatan
pidana/belum pernah dihukum; ancaman pidana denda atau penjara tidak lebih
dari 5 tahun; telah dilaksanakan proses perdamaian di mana tersangka telah
meminta maaf dan korban sudah memberikan permohonan maaf.

Selain itu, tersangka berjanji tidak akan lagi mengulangi perbuatannya; proses
perdamaian dilakukan secara sukarela, dengan musyawarah untuk mufakat, tanpa
tekanan, paksaan dan intimidasi.

""Tersangka dan korban setuju untuk tidak melanjutkan permasalahan ke
persidangan karena tidak akan membawa manfaat yang lebih besar,"" ujar Ketut.

Sementara berkas perkara atas nama Tersangka Desi Maulinda dari Kejaksaan
Negeri Belitung yang disangka melanggar Pasal 310 Ayat (4) UU No 22 Tahun 2009
tentang Lalu Lintas dan Angkutan Jalan tidak dikabulkan permohonan penghentian
penuntutan berdasarkan keadilan restoratif dikarenakan perbuatan atau tindak
pidana yang telah dilakukan oleh tersangka bertentangan dengan nilai-nilai
dasar sesuai dengan Peraturan Jaksa Agung Nomor 15 Tahun 2020 tentang
Penghentian Penuntutan Berdasarkan Keadilan Restoratif.

Selanjutnya, Jampidum memerintahkan para Kepala Kejaksaan Negeri untuk
menerbitkan Surat Ketetapan Penghentian Penum rutan (SKP2) berdasarkan
Keadilan Restoratif, sesuai Berdasarkan Peraturan Jaksa Agung Nomor 15 Tahun
2020 dan Surat Edaran JAM Podium Nomor: 01/E/EJP/02/2022 tanggal 10 Februari
2022 tentang pelaksanaan penghentian penuntutan berdasarkan keadilan
restoratif sebagai perwujudan kepastian hukum.

Selanjutnya __

Halaman

1  2

 ",www.detik.com
"Kasus ABG Korban Pemerkosaan di Baubau Lambat Ditangani, Keluarga Sesalkan","Kamis, 09 Jun 2022 01:40 WIB","\-

Remaja putri inisial Y (16) di Kota Baubau, Sulawesi Tenggara (Sultra) yang
menjadi korban pemerkosaan dan dipaksa berhubungan sesama jenis alias LGBT
belum mendapatkan program rehabilitasi trauma. Keluarga turut menyesalkan
proses hukum dan pendampingan terhadap korban berjalan lambat.

""Kami sangat menyesalkan terkait rehabilitasi, sampai detik ini pemerintah
tidak memberikan rehabilitasi kepada korban dan keluarganya,"" kata Kuasa Hukum
Y, Sarfin Salam kepada , Rabu (8/6/2022).

Menurut Safrin dengan tidak adanya pendampingan tersebut membuat rehabilitasi
tidak tercapai. Akibatnya, korban dan keluarganya trauma dengan kasus
tersebut.

  

""Padahal korban dan keluarga sangat trauma. Mereka masih takut, terngiang
dengan perkara ini,"" ujarnya.

Sementara IN selaku keluarga korban mengaku bukan hanya Y saja mengalami
trauma. Namun keluarga pun mengalami gangguan psikis.

""Karena jujur bukan hanya pribadi korban yang mendapatkan gangguan psikis tapi
keluarga juga,"" ujar IN.

Dampaknya, IN menuturkan kehidupan bersosial korban cukup terbatas. Korban tak
lagi seceria dan senyaman sebelum kasus ini mencuat.

""Terutama keceriaan anak, kenyamanan keluarga juga hilang. Keluarga dan korban
harus mengorbankan sosialisasi dengan lingkungan, karena beberapa dari
tetangga dan lingkungan sekitar menyalahkan,"" urai dia.

IN menuturkan sejak kasus ini dilaporkan ke polisi, progres hukumnya pun tak
begitu jelas. Sebab pelaku hingga saat ini belum tertangkap. Sementara dari
pendampingan pemerintah belum hadir sepenuhnya.

""Kami merasa selama dua bulan ini kasus adik kami tidak terurus. Hak-hak adik
kami sebagai korban tidak dia dapatkan baik dari sisi hukum maupun
pendampingan,"" tandas IN.

Sementara Lembaga Perlindungan Anak Indonesia (LPAI) akan turut membantu dalam
penanganan rehabilitasi terkait trauma yang dialami korban. Pihaknya berharap
agar seluruh stakeholder bisa bersama-sama membantu dalam penanganan
rehabilitasi korban dan keluarganya.

""Kami akan mencoba memberikan _treatment_ secara psikis dan klinis kepada
korban. Karena yang paling utama adalah rehabilitasi korban,"" ujar Koordinator
Penerimaan Pelaporan Advokasi Hak Anak LPAI, Iip Syafrudin.

Dia mengungkapkan LPAI juga akan turut membantu penanganan sesuai
standardisasi lembaga agar kasus tersebut bisa terang-benderang. Terutama
terkait kewenangan pemerintah dalam memberikan rehabilitasi kepada korban.

""Kami akan mencoba intervensi dengan memberikan surat kepada polisi dan kita
tembuskan ke Wali Kota dan OPD, terkait upaya eksklusif penegakan hukum dan
upaya eksklusif rehabilitasi sosial anak,"" bebernya.

Diketahui kasus ini melibatkan pelaku IR yang memperkosa Y (16) dengan modus
mengajarkan ilmu agama. Pemerkosaan ini sudah dilakukan pelaku sejak 2020,
sementara pelaku hingga kini belum tertangkap.

""Saat ini anggota Opsnal saya posisi di Kendari bersama Resmob polda untuk
lidik keberadaan pelaku,"" ungkap Kapolres Baubau AKBP Erwin Pratomo, Rabu
(27/4) lalu.

  
  
  
[Gambas:Video 20detik]  

 ",www.detik.com
"Toko Sembako di Kolaka Utara Dirampok, Pemilik Ditemukan Tewas","Kamis, 26 Mei  2022 15:02 WIB","\-

Sebuah toko sembako milik seorang emak-emak berinisial H (51) di Kabupaten
Kolaka Utara, Sulawesi Tenggara (Sultra) dirampok orang tak dikenal (OT).
Korban H ditemukan tewas dengan luka robek di kepala akibat perampokan itu.

""Korban mengalami luka robek di bagian kepala sehingga mengalami pendarahan
dan meninggal dunia di TKP,"" kata Kasi Humas Polres Kolaka Utara Iptu Arif
Afandi dalam keterangannya, Kamis (26/5/2022).

Arif mengungkapkan kejadian nahas tersebut terjadi di toko yang terletak di
Dusun 2, Desa Kondara, Kecamatan Pakue, Kolaka Utara pada Rabu (25/5) malam
sekitar pukul 23.50 Wita.

  

Awalnya karyawan toko berinisial HS (29) terbangun sekitar pukul 23.50 Wita
dan ke kamar mandi hendak buang air kecil. Saat itu, kondisi sedang hujan
deras dan lampu sempat mati sebelum HS keluar kamar.

""Setelah selesai buang air kecil HS melihat pelaku sudah ada di dalam rumah,""
ujarnya.

Arif mengungkapkan HS saat itu takut sehingga bersembunyi di dalam kamar.
Kemudian HS berinisiatif menelepon pacarnya inisial MA (26) yang juga
merupakan karyawan di tempat itu dan dia memberitahu jika ada seseorang yang
berada di dalam toko tersebut.

""MA menelepon korban dan mengatakan 'Ibu Haji ada orang di dalam rumah ta' dan
pada saat itu korban sempat menjawab 'Apa', lalu kemudian panggilan
dimatikan,"" ujarnya.

Ia menjelaskan HS beberapa saat kemudian melihat pelaku tersebut berjalan ke
arah kamar korban H. Saat itu korban terlihat sempat menerima telepon.

""Setelah itu HS melihat pelaku mendorong korban di depan pintu kamar kemudian
mendengar suara teriakan korban H,"" ungkapnya.

Polisi yang mendapatkan informasi tersebut lantas ke TKP dan menemukan korban
sudah dalam kondisi tak bernyawa. Korban mengalami luka robek di kepala.

""Barang-barang korban yang hilang yang baru diketahui saat ini adalah 2 buah
Handphone,"" ungkapnya.

Saat ini, polisi masih melakukan penyelidikan terkait peristiwa nahas
tersebut.

""Pelaku masih dalam lidik (penyelidikan),"" katanya.

  
  
  
[Gambas:Video 20detik]  

 ",www.detik.com
"Pemalsuan STNK di Tangerang Dibongkar Polisi, Dijual Rp 500 Ribu","Senin, 07 Mar 2022 19:00 WIB","\-

Polisi menangkap pelaku pembuatan surat tanda nomor kendaraan (STNK) palsu
yang dibuat untuk motor curian. Satu STNK yang dibuat pelaku harganya bisa
mencapai Rp 500 ribu.

""Proses penerbitan ataupun pembuatan STNK palsu yang kemarin berhasil kami
ungkap di wilayah hukum Polsek Benda dan ternyata ada keterkaitan serta
rangkaian dari beberapa TKP curanmor yang ada di wilayah Kota Tangerang dan
juga sekitarnya,"" kata Kapolres Metro Tangerang Kota Kombes Komarudin kepada
wartawan, Senin (7/3/2022).

Komarudin membeberkan modus pelaku curanmor menitipkan motor kepada pembuat
STNK. Setelah itu, pelaku mengubah nomor rangka dan mesin kendaraan pada
blangko STNK.

""Cara yang dilakukan sangat mudah dengan mengubah menggunakan silet nomor
rangka dan mesinnya. Kemudian hanya ditambal dengan pensil dimasukkan kembali
kemudian dijual lah motor hasil curian dengan dilengkapi surat STNK yang
sesuai nomor rangka dan nomor mesinnya,"" tambahnya.

Dia mengungkapkan pelaku melancarkan aksinya suda lama dan sudah menghasilkan
sampai 50 buah STNK. Menurutnya, pihaknya sampai saat ini masih terus
melakukan pengembangan atas kasus pemalsuan STNK ini.

""Sudah cukup lama yang bersangkutan dan berdasarkan pengakuan pelaku sudah
menjual lebih dari 50 buah STNK palsu dengan kisaran harga Rp 500-700 ribu per
STNK. Ini masih kami kembangkan kepada siapa STNK menjualnya, tentunya nanti
pastinya akan dimungkinkan bertambah tersangka yang bisa diungkap,"" ucap
Komarudin.

Komarudin mengakui bahwa memang sulit sekali membedakan antara STNK asli dan
palsu. Dia mengimbau masyarakat berhati-hati dalam membeli motor melalui
_online_.

Hal ini disebabkan beberapa kasus yang diungkap dari jual-beli melalui
_online_ terindikasi menggunakan STNK palsu.

""Pelaku inisial BN. Memang sulit sekali dilihat dengan mata telanjang artinya
perlu penelitian lebih mendalam mengingat prosesnya pun atau hasil yang dibuat
mendekati sempurna. Untuk masyarakat yang tergiur beli secara _online_ hati-
hati karena kalau dikatakan lengkap dengan surat-surat yang sudah dirubah
nomor rangka dan nomor mesinnya,"" tuturnya.

Dia menjelaskan bahwa para pelaku curanmor membawa motornya ke BN untuk
dibuatkan STNK baru yang dipalsukan.

""Pelaku membawa ke tempat pembuatan STNK. Tiba di sana BN akan melakukan
pengecekan di angka nomor mesin, ini contoh yang kita ambilkan di Samsat.
Setelah keluar hasilnya maka akan dibuatkan STNK sesuai dengan nomor angka dan
nomor mesinnya. Jadi akhirnya motor hasil curian ini memiliki STNK baru hasil
duplikasi ataupun hasil buatan tangan dari pelaku BN,"" pungkasnya.

 ",www.detik.com
"Curi Mobil Bos Sendiri, Pria di Bogor Ditangkap Polisi","Jumat, 13 Mei  2022 00:34 WIB","\-

MDR (25), pria asa Bogor, Jawa Barat, ditangkap polisi karena berkomplot
dengan teman-temannya mencuri mobil milik Reza yang tak lain bosnya sendiri.
Reza ditangkap bersama rekan-rekannya 4 jam setelah beraksi.

""Telah diamankan 4 pelaku pencurian berinisial MDR (25), RO (26), H (22) dan
ATP (33). Mereka berkomplot mencuri mobil Toyota Rush milik bos salah satu
pelaku,"" kata Kasat Reskrim Polres Bogor AKP Siswo Tarigan dalam keterangan
tertulisnya, Kamis (12/5/2022) malam.

Siswo menjelaskan, pencurian tersebut terjadi pada Minggu (8/5). Saat kejadian
mobil berada di dalam garasi rumah korban yang berlokasi di Griya Soka,
Kecamatan Sukaraja, Kabupaten Bogor. Dalam aksinya, MDR terlebih dahulu
mencuri kunci cadangan milik bosnya pada Januari lalu.

""Jadi salah satu tersangka yakni MDR ini merupakan karyawan dari korban di
tempat ia bekerja. Yang mana pada sekitar bulan Januari dirinya mengambil
kunci serep Mobil Toyota Rush di laci rumah korban,"" terang Siswo.

Tak lama kemudian, atau sekitar 4 jam setelah kejadian pencurian, keempat
pelaku langsung ditangkap. Saat ini, para pelaku masih di Satreskrim Polres
Bogor untuk dimintai keterangan.

""Para pelaku kita amankan, kemudian kendaraan milik korban yang disembunyikan
pelaku di parkiran Plaza Amsterdam juga sudah kita amankan. Para pelaku
sekarang masih pendalaman,"" kata Siswo.

Karena perbuatannya keempat pelaku ini dijerat dengan pasal 363 KUHP tentang
pencurian dengan ancaman kurungan penjara selama 7 tahun.

 ",www.detik.com
"Korban Begal Jadi Tersangka, LBH NTB: Hentikan Atas Nama Keadilan","Kamis, 14 Apr 2022 21:01 WIB","\-

Kasus korban begal yang ditetapkan tersangka karena melawan pelaku begal
hingga menyebabkan pelakunya meninggal dunia mendapatkan respons dari Lembaga
Bantuan Hukum. Salah satunya adalah pusat bantuan hukum mangandar (PBHM) NTB.

Ketua lembaga PBHM, Yan Mengandar Putra, menilai langkah polisi yang menetap
Amaq Santi menjadi tersangka adalah keputusan buru-buru dan tidak tepat karena
penyelidikan hingga penyidikan dilakukan tidak maksimal.

""Penetapan status tersangka terhadap Amaq Santi adalah keputusan yang terburu-
buru dan tidak tepat, kami menduga Polres Lombok Tengah dalam menyidik tidak
secara maksimal dalam gelar perkaranya yang tidak melibatkan fungsi pengawasan
dan fungsi hukum Polri serta tidak lebih dulu meminta pendapat akademisi atau
ahli,"" jelas Yan Mangandar dalam keterangannya Kamis (14/4/2022).

  

Dikatakannya, pendapat akademisi atau ahli hukum sangat penting untuk
mempertimbangkan segala hal. Tidak saja dari sisi uraian pasal, tapi juga
nilai keadilan yang hidup masyarakat dengan setidak-tidaknya mempertimbangkan
fakta.

""Amaq Santi awalnya adalah korban kejahatan Curas oleh 4 orang pelaku dan
sempat melakukan penyerangan dengan senjata tajam terhadap Amaq Santi, yang
akibatnya bukan saja kendaraan sepeda motornya, tapi juga nyawanya,"" tuturnya.

""Dalam kondisi tekanan jiwa yang hebat seperti itu, tidak ada pilihan lain dan
harus seketika selain dia terpaksa melakukan pembelaan diri dengan melumpuhkan
para pelaku menggunakan senjata tajam,"" sambungnya.

Hal ini menjadi alasan pembenar untuk Amaq Santi tidak dipidana, sebagaimana
ketentuan pasal 49 ayat 2 KUHP terkait pembelaan darurat (Noodweer Exces)
karena penusukan yang dilakukan kepada kedua pelaku begal tanpa lebih dulu
memiliki niat jahat untuk menganiaya apalagi membunuh.

""Sehingga patut disimpulkan Amaq Santi tidak melakukan perbuatan melawan hukum
dan proses hukumnya di Polres Lombok Tengah harus dihentikan atas nama
Keadilan,"" tegas Yan.

Lebih jauh Yan mengatakan, ada dua contoh kasus yang sama yang pernah terjadi
di Indonesia dan kasus tersebut sama-sama dihentikan proses hukumnya.

Pertama, kasus pembunuhan begal yang dilakukan oleh pelaku atas dasar
pembelaan diri yang ditangani oleh Polres Metro Bekasi Kota pada tahun 2018.

Kasus kedua yakni pada tahun 2015 yang terjadi di wilayah hukum Polres Dompu.

Kasus tersebut adalah kasus pembelaan diri dari tindak kejahatan oleh korban
kejahatan hingga menyebabkan pelaku meninggal.  
Contoh kasus tersebut harus menjadi pertimbangan bagi kasus korban begal yang
ditetapkan sebagai tersangka.

""Kedua kasus tersebut dihentikan dan tidak disidang di pengadilan sampai
sekarang. Perlu diingat, kasus pencurian dengan kekerasan di NTB cukup tinggi
sebagaimana release Polda NTB pada tanggal 16 maret 2021 yang menangkap 385
orang pelaku kejahatan dari 294 kasus kejahatan yang berhasil diungkap hanya
dalam 2 minggu dan terbanyak adalah pelaku kejahatan pencurian dengan
kekerasan,"" terangnya.

Yan Mangandar mengingatkan, perkara ini telah menjadi perhatian masyarakat dan
Polres Lombok Tengah harus segera mengambil sikap untuk menghentikan proses
hukum Amaq Santi, supaya isu ketidakadilan ini tidak terus menjadi bola liar
dan mengganggu kondusifitas Lombok Tengah khususnya dan NTB pada umumnya
dengan tunduk pada Peraturan Kapolri No. 6 Tahun 2019 tentang Penyidikan
Tindak Pidana.

""Telah diatur mengenai penghentian penyidikan untuk memenuhi kepastian hukum,
rasa keadilan dan kemanfaatan hukum dengan menyelenggarakan gelar perkara
khusus dengan wajib memaksimalkan fungsi pengawasan dan fungsi hukum Polri
serta melibatkan ahli,"" ujarnya.

  
  
  
[Gambas:Video 20detik]  

 ",www.detik.com
Pengusaha Jakarta Otaki Begal di Makassar karena Sakit Hati,"Minggu, 29 Agu 2021 19:56 WIB","\-

Pengusaha di Jakarta, perempuan berinisial NA (31) ditangkap karena menjadi
otak penculikan dan rampok mobil pengendara taksi online di kota Makassar,
Sulawesi Selatan. NA melakukan aksi itu karena sakit hati terhadap korban.

""Pelaku sakit hati kepada korban,"" kata Kasubnit 2 Jatanras Polrestabes
Makassar, Ipda Nasrullah, saat dihubungi oleh detikcom, Minggu (29/8/2021).

Penangkapan NA itu dilakukan oleh Unit Jatanras Polrestabes Makassar dibantu
oleh Resmob Jakarta Barat, di sebuah hotel di kawasan Jakarta. Selain membekuk
pengusaha tersebut, anggota juga turut menangkap tiga orang staf wanita yang
turut membantu pelaku dalam melancarkan aksi.

Dari interogasi awal pelaku tersebut diketahui mengenal korban. Namun,
kemudian terjadi permasalahan antara keduanya yang hingga kini masih belum
disampaikan oleh pihak kepolisian.

""Dari interogasi awal itu, mereka (pelaku dan korban) sebelumnya sudah kenal
selama satu tahun terakhir. Kemudian ada masalah antara keduanya,"" kata
Nasrullah.

Sebelumnya, Arman seorang sopir taksi online di Makassar, Sulsel, menjadi
korban penyekapan oleh sejumlah orang. Usai disekap, korban kemudian dibawa
para pelaku ke Gorontalo, lalu dibuang dan mobil serta barang-barangnya
dirampas oleh para pelaku.

""Ya jadi berdasarkan laporan dari masyarakat kami di Makassar memang adanya
penculikan dan pencurian terhadap mobil dan beberapa barang yang dia bawa,""
ujar Kanit Jatanras Polrestabes Makassar, Iptu Afhi Abrianto, Jumat
(27/8/2021).

Kini korban diketahui telah kembali ke Makassar, usai keluarga korban melihat
sebuah video viral di media sosial saat seorang warga memviralkan korban yang
ditemukan di sebuah bukit di Gorontalo. Saat ditemukan kondisi korban terdapat
luka lebam dan tangan terikat.

Korban pun langsung dipanggil polisi diambil keterangannya. Dari keterangan
korban, sempat dipesan oleh seseorang yang mengenalnya dan kemudian tiba-tiba
dia mengancam korban dengan senjata tajam.

""Kronologisnya korban merupakan ojek online dimana dia dipesan secara offline
yang memang dia kenal orang yang dia pesan tersebut jadi dijemput di rumahnya
diajak untuk membeli CCTV, lalu memakan sop saudara di salah satu restaurant
di Makassar. Saat di toko tersebut korban diancam seorang yang membawa badik
diancam melalui pundaknya untuk menghadirkan dua mobil yang awalnya dibilang
digelapkan oleh korban,"" jelas Afhi.

 ",www.detik.com
"Ngeri! Pelajar SMP Ditodong-Ditendang Begal di Depok, Motor Raib","Kamis, 09 Jun 2022 18:50 WIB","\-

Seorang pelajar SMP, HA (13), dibegal komplotan di kawasan Sukatani, Tapos,
Depok. Pelaku berjumlah 4 orang menodongkan pisau dan menendang korban hingga
terjatuh sebelum akhirnya membawa kabur motor korban.

Ayah korban, Idris M Tajudin (47), mengatakan anaknya itu dibegal pada Selasa
(7/6/2022), sekitar pukul 18.00 WIB. Saat itu korban baru pulang les dan
melintas di Jl Dongkal, Sukatani, Tapos, Depok, tepatnya di depan Stadion Mini
Sukatani.

""Baru pulang dari tempat lesnya bawa motor PCX warna putih. Lewatnya ke Gas
Alam, perempatan Karet masuk ke arah Sukatani Permai. Lewatnya Jalan Dongkal
di Stadion Mini kejadiannya,"" ujar Idris kepada , Kamis (9/6).

Menurut Idris, anaknya sudah curiga ada dua motor yang mengikuti. Sesampai di
dekat antara Stadion Mini Sukatani dan tempat pemakaman umum, korban dipepet
oleh pelaku.

""Di sepanjang gelap, sepi. Di situ dia dipepet _diteriak-teriakin_ terus
ditodong senjata tajam. Dipukul, ditendang. Anak saya sudah nggak berani
melawan, akhirnya diambil,"" sambungnya.

Sebagai informasi, lokasi kejadian memang minim penerangan dan tergolong sepi
pada malam hari. Stadion Mini Sukatani ini terletak berdekatan dengan
pemakaman umum.

Idris menyebut pelaku satu kali memukul dan menendang korban di bagian perut.
Ia menyebut lokasi tempat les berdekatan dengan rumah dan korban biasa lewat
situ.

""Luka nggak, cuma dipukul sama ditendang sempat, ditodong pisau di leher. Itu
lokasi dia les cuma di belakang stadion sebenarnya. Memang sering melintas,""
papar Idris.

Ayah korban menyebut motor tersebut masih diangsur. Idris menyebut sudah
melapor ke pihak kepolisian.

""Motor yang diambil PCX warna putih tahun 2022. Baru banget, cuma memang masih
angsur, baru berjalan 4 bulan. Sudah (laporan) kemarin saya ke polisi,""
tuturnya.

Dihubungi secara terpisah, Humas Polsek Cimanggis Aiptu Nanang Priyo
membenarkan adanya laporan korban ini.

""Iya (laporan), korbannya belum diperiksa karena orangnya belum siap karena
anak sekolah. Besok saya mau ke rumahnya,"" kata Nanang.

[Gambas:Video 20detik]

  
  

 ",www.detik.com
Viral Pria Tua Diduga Dirampok di Pinggir Jalan Medan,"Minggu, 29 Mei  2022 07:00 WIB","\-

Sebuah video yang menunjukkan seorang pria tua diduga dirampok dua pria di
pinggir jalan viral di media sosial. Aksi itu disebut terjadi di Jalan Yos
Sudarso, Medan, Sumatera Utara.

Dilihat , Minggu (29/5/2022), dalam video terlihat dua pria yang menggunakan
topi itu berusaha mengambil uang dari si pria itu. Bahkan pria tua itu sampai
terbaring di trotoar sembari memberikan perlawanan menggunakan kayu yang dia
pegang kepada orang yang akan merampoknya.

Terlihat upaya pria tua itu untuk mempertahanan uangnya gagal. Uang dari pria
tua itu diambil oleh dua pria. Setelah mengambil uang dari pria tua, dua orang
itu pun pergi meninggalkan lokasi.

  

""Diambil duitnya, enggak ada otaknya,"" kata seseorang dalam video.

Perekam video, Dea, mengatakan peristiwa itu terjadi di Jalan Yos Yudarso
Medan di depan sebuah pabrik sandal. Peristiwa itu disebut terjadi pada Sabtu
(28/5) pukul 16.30 WIB.

""Saya berhenti di depan pabrik Swallow Jalan Yos Sudarso dekat pajak (pasar)
Brayan. Tiba-tiba dengar suara jeritan, rupanya dari bapak itu lagi dirampas
uangnya secara paksa dengan dua pemuda itu,"" kata Dea saat dihubungi.

Dea mengatakan bagian bibir dan kaki dari pria tua itu mengeluarkan darah.
Namun tidak diketahui apakah itu akibat dari pemukulan dari dua pria yang
melakukan perampokan itu.

Dea mengatakan saat itu dirinya ingin mengajak makan pria tua itu, namun
mendapatkan penolak.

""Yaudah kami kasih aja uang yang enggak banyak, terus kami sebrangin aja biar
enggak jumpa preman itu lagi,"" ujarnya.

Dea kemudian memberikan penjelasan soal dirinya yang tidak memberikan
pertolongan ketika melihat peristiwa itu terjadi. Dea mengaku takut memberikan
pertolongan karena dua pria itu memegang sesuatu.

""Alasan kenapa saya tidak menolong karena pemuda itu bawa kayu dan situasi di
situ agak sepi,"" jelas Dea.

  
  
  
[Gambas:Video 20detik]  

 ",www.detik.com
"Sambil Divideokan, Bocah di Sulut Perkosa Siswi SMP di Kuburan","Kamis, 26 Mei  2022 02:25 WIB","\-

Seorang bocah berinisial NK (14) memperkosa siswi SMP berusia 13 tahun di
kuburan di Minahasa Selatan, Sulawesi Utara (Sulut). Pelaku juga merekam aksi
pemerkosaan itu.

Pemerkosaan itu terjadi di sebuah kompleks pekuburan di Minahasa Selatan
sekitar pada Kamis (7/4) sekitar pukul 17.30 Wita.

""Beberapa hari kemudian hasil rekaman itu dikirimkan terlapor (pelaku) kepada
teman-teman terlapor sehingga video tersebut viral di media sosial,"" kata
Kasat Reskrim Polres Minahasa Selatan Iptu Lesly Lihawa kepada detikSulsel,
Rabu (25/5/2022).

Pemerkosaan itu bermula ketika pelaku menjemput korban di rumahnya. Korban
kemudian dibawa ke lokasi pekuburan.

Pemerkosaan pun terjadi. Pelaku sengaja merekam pemerkosaan itu agar korban
mau melayani nafsu bejatnya di kemudian hari.

Korban lalu menceritakan kejadian itu ke ibunya CK (32). Ibu korban langsung
melaporkan aksi bejat itu ke polisi.

Simak selengkapnya di sini

 ",www.detik.com
Duh! Bengkel Bubut di Cianjur Dibobol Bocah,"Rabu, 20 Apr 2022 19:30 WIB","\-

Aksi pencurian yang dilakukan sejumlah pemuda di bengkel bubut di Kecamatan
Haurwangi Kabupaten Cianjur terekam CCTV. Aksi pencurian tersebut bahkan kerap
terjadi, membuat pemilik bengkel resah dan mengalami kerugian jutaan rupiah.

Berdasarkan rekaman CCTV yang beredar, terlihat sejumlah anak berada di
halaman bengkel bubut milik Madani (50) di Desa Haurwangi, Kecamatan
Haurwangi.

Para pelaku tampak sudah tahu bagiannya atau tugasnya masing-masing, mulai
dari yang menahan pintu besi agar tetap terbuka hingga mengambil besi di dalam
bengkel.

  

Sebuah plat besi, beberapa pipa, dan beberapa besi bernilai jual pun berhasil
digasak para pelaku. Madani (50) pemilik bengkel bubut, mengatakan pencurian
itu terjadi pada Senin (18/4/2022) dini hari, tepatnya saat waktu sahur.

""Kejadiannya _janari_ (subuh), sekitar jam 4. Saya lihat dari CCTV banyak
anak-anak sedang bobol pagar dan ambil barang-barang di bengkel saya. Ada
sekitar 8 anak yang melakukan aksi pencurian,"" kata Madani, Rabu (20/4/2022).

Aksi pencurian itu membuatnya merugi sekitar Rp 5 juta rupiah. ""Kalau dihitung
besi yang dicuri itu nilainya Rp 5 juta, karena itu besi dan barang-barang
yang cukup mahal meski ukurannya tidak besar,"" ungkap dia.

Aksi pencurian di bengkel bubutnya bukan yang pertama. Sebelumnya, sudah
terjadi empat kali aksi pencurian dalam beberapa bulan terakhir.

""Ini yang kelima, makanya dipasang CCTV. Awalnya sering kehilangan, dan tidak
ketahuan siapa pelakunya. Sekarang sudah terlihat wajah para pelakunya,"" kata
dia.

""Saya harap polisi segera menangkap para pelaku,"" pungkasnya.

 ",www.detik.com
Maaf Ortu Selamatkan Guru SD Mojokerto dari Pidana Laporan Palsu,"Rabu, 23 Feb 2022 15:23 WIB","\-

Satreskrim Polres Mojokerto memutuskan tidak memidanakan Sri Wahyuliati
Ningsih (42) yang telah membuat laporan perampokan palsu. Salah satunya karena
maaf dari kedua orang tuanya.

""Kasus ini kami anggap sebagai sebuah pembelajaran berharga bagi yang
bersangkutan (Sri). Terlebih lagi uang itu milik orang tuanya sendiri dan
orang tuanya sudah memaafkan perbuatan pelaku,"" kata Kasat Reskrim Polres
Mojokerto AKP Tiksnarto Andaru Rahutomo kepada detikJatim, Rabu (23/2/2022).

Andaru menjelaskan, semula kedua orang tua Sri marah setelah tahu uang Rp 150
juta yang mereka berikan sekitar tiga tahun lalu, ternyata dihabiskan
putrinya. Padahal, mereka meminta Sri mendepositokan uang tersebut agar
mendapatkan bunga setiap bulan dan menjadi persediaan biaya pendidikan dua
anak Sri.

""Awalnya orang tuanya marah. Kemudian kami minta melihat kondisi anaknya (pada
Senin 21 Februari 2022). Setelah melihat di rumah sakit, beda sekali
responsnnya. Orang tuanya mengikhlaskan uang tersebut dan meminta anaknya
tidak diproses pidana,"" jelasnya.

Keesokan harinya, Selasa (22/2), polisi meminta Sri dan kedua orang tuanya
datang ke kantor Satreskrim Polres Mojokerto. Kepada polisi, orang tua Sri
meminta agar putrinya tidak dipidana karena membuat laporan perampokan palsu.

""Orang tuanya tidak tega kalau dia (Sri) dipidana. Bagaimana pun dia anak
mereka. Mereka berterima kasih, ini menjadi pembelajaran bagi anak mereka,""
tandas Andaru.

Sri melapor ke Polsek Ngoro, Mojokerto pada Senin (21/2) sekitar pukul 13.00
WIB. Ia mengaku dirampok 4 orang di Jalan Raya Desa Tanjangrono, Ngoro,
Mojokerto, tepatnya di Jembatan Tanjangrono pada hari yang sama sekitar pukul
11.45 WIB.

Menurut pengakuannya, pelaku mengendarai sepeda motor Honda Vario dan Yamaha
RX King warna hitam. Sementara guru salah satu SDN di Kecamatan Ngoro tersebut
seorang diri mengendarai sepeda motor Honda BeAT nopol W 4351 NCE.

Komplotan perampok kabur setelah merampas tas miliknya yang berisi uang Rp 150
juta. PNS asal Desa Jiken, Kecamatan Tulangan, Sidoarjo itu mengaku baru
mencairkan uang tersebut dari Bank Jatim Cabang Pembantu Mojosari, Mojokerto
sekitar pukul 10.00-11.15 WIB.

Tim dari Satreskrim Polres Mojokerto yang diterjunkan menyelidiki kasus ini
menemukan sejumlah kejanggalan. Hasil pengecekan ke Bank Jatim Cabang Pembantu
Mojosari, Sri hari itu tidak pernah mencairkan uang Rp 150 juta. Saldo di
rekeningnya hanya sekitar Rp 3 juta.

Berbekal fakta tersebut, polisi kembali menggali keterangan dari Sri. Cerita
ibu dua anak ini pun berubah. Ia mengarang cerita kehilangan tas berisi uang
Rp 500.000, kartu ATM dan SIM saat pulang mengajar. Sejurus kemudian ia
mendadak pingsan.

Sehingga Sri dilarikan ke RS Dharma Husada, Ngoro. Lagi-lagi ia hanya berpura-
pura sakit untuk mengelabui polisi. Karena dokter yang memeriksanya menyatakan
kondisinya normal. Ia akhirnya tidak bisa mengelak saat diiterogasi polisi dan
mengaku telah membuat laporan perampokan palsu.

Sri nekat membuat sandiwara perampokan tersebut untuk menutupi perbuatannya
yang menghabiskan uang pemberian orang tuanya Rp 150 juta. Orang tuanya
meminta Sri mendepositokan uang tersebut. Salah satunya untuk persediaan biaya
pendidikan dua anak Sri.

  
  
  
[Gambas:Video 20detik]  

 ",www.detik.com
3 Motor Warga Probolinggo Raib Dalam Semalam,"Sabtu, 08 Jan 2022 22:14 WIB","\- Tiga motor yang terparkir di garasi rumah warga Probolinggo raib digondol
pencuri. Kawanan pencuri motor ini membobol tembok belakang rumah korban yang
berbatasan dengan sawah.

Diketahui, tiga motor ini milik Muhammad Fatlullah, warga Kecamatan
Banyuanyar, Kabupaten Probolinggo. Rinciannya yakni satu motor bebek dan dua
motor matic. Pencurian dilakukan Sabtu (8/1) dini hari sekitar pukul 02.00
WIB.

Tak hanya itu, pelaku juga sempat membobol tembok sebanyak tiga kali hingga
akhirnya berhasil masuk. Selanjutnya, pelaku mengeksekusi satu-persatu motor
korban.

Selain motor, pencuri ini juga membawa tas korban yang di dalamnya berisi uang
Rp 400.000 dan ponsel korban.

Menurut korban, dia baru menyadari motornya hilang saat ada warga mengetahui
tembok sudah dalam kondisi rusak dibobol kawanan pelaku. Diduga, pelaku
berjumlah sekitar enam orang.

""Awalnya tetangga saya saat itu sedang lewat hendak ke sawahnya, dan tiba-tiba
berteriak memanggil saya, karena melihat tembok garasi belakang rumah saya
telah jebol. Saat dicek, ternyata tiga motor saya dan mertua telah raib, dan
pelaku membawa tas berisi uang Rp 400.000 dan 1 unit handphone,"" jelas
Fatlullah kepada detikcom di lokasi kejadian, Sabtu (8/1/2022).

Kanit Reskrim Polsek Banyuanyar Aipda Andre Okta mengatakan korban sudah
melaporkan kasus pencurian motor ke SPKT Polsek Banyuanyar. Namun, pihaknya
masih melakukan penyelidikan kasus ini.

""Korban sudah melaporkan kejadian ini ke Mapolsek Banyuanyar, dan kami sedang
melakukan penyelidikan kasus pencurian 3 motor dalam semalam ini,"" tegas
Andre.

Hingga kini, kasus pencurian kendaraan masih ditangani. Sementara pelaku dalam
pengejaran anggota unit Satreskrim Polsek Banyuanyar dan Satreskrim Polres
Probolinggo.

 ",www.detik.com
Pernah Hilang Kendaraan di Karawang? Bisa Cek ke Polres Sekarang,"Selasa, 08 Mar 2022 13:34 WIB","\-

Bagi pemilik kendaraan yang merasa pernah kehilangan sepeda motornya di
Karawang, saat ini dapat mengeceknya di Mako Polres Karawang.

Dari hasil operasi Jaran Lodaya 2022 selama 10 hari, kepolisian berhasil
mengamankan barang bukti 47 sepeda motor dan 5 mobil hasil kejahatan.

""Ini merupakan hasil operasi Jaran Lodaya yang dilaksanakan oleh kita selama
sepuluh hari,"" ujar Kapolres Karawang AKBP Aldi Subartono saat dihubungi
melalui telepon selular, Selasa (8/3/2022)

  

Sebagai informasi dalam pengurusan atau pengambilan kendaraan, pemilik
kendaraan tidak dipungut biaya alias gratis.

""Jadi warga yang kehilangan motornya bisa cek ke Mapolres dan gratis,""
katanya.

Untuk bisa mengetahui informasinya bisa langsung ke akun resmi instagram Humas
Polres Karawang di @humasreskrw atau bisa menghubungi nomor layanan lapor pak
kapolres di nomor 082211272003.

Sekedar diketahui, dalam operasi Jaran Lodaya 2022, kepolisian telah menangkap
19 tersangka pencurian kendaraan bermotor.

Atas perbuatannya, para pelaku dijerat pasal 363 KUHP dengan ancaman hukuman
maksimal 7 tahun. Serta pasal 480 KUHP ancaman 4 tahun untuk penadahnya.

  
  
  
[Gambas:Video 20detik]  

 ",www.detik.com
"Perampok Toko Kosmetik Ditangkap, Polisi Sita Alat Kecantikan","Minggu, 06 Feb 2022 12:50 WIB","\-

Polisi menangkap kawanan perampok toko kosmetik di Kecamatan Cibadak,
Kabupaten Sukabumi yang beraksi pada Januari lalu. Tiga pria berinisial MW, IR
dan UD ditangkap polisi pada Sabtu (5/2/2022) malam.

Ketiganya diringkus polisi di wilayah Kabupaten Cianjur, selain para pelaku,
polisi juga menyita sejumlah barang bukti berupa peralatan kosmetik dan alat-
alat kecantikan yang belum sempat dijual pelaku.

Kapolres Sukabumi Akbp Dedy Darmawansyah melalui Kapolsek Cibadak Kompol
Maryono membenarkan adanya pengungkapan dan penangkapan pelaku pencurian toko
kosmetik yang terjadi di wilayah hukumnya.

""Setelah kami melakukan penyelidikan, baru tadi malam (Sabtu malam) kami
mengamankan pelakunya,"" kata Kompol Maryono ketika dihubungi melalui aplikasi
perpesanan, Minggu (6/2/2022).

Diketahui, para pelaku melakukan pencurian di toko kosmetik Yessy Skincare,
yang beralamat di Jalan Siliwangi Kecamatan Cibadak. Mereka masuk ke dalam
toko dengan terlebih dahulu merusak kunci gembok rollingdoor dengan
menggunakan alat.

""Setelah berhasil membobol pintu dan masuk ke dalam toko, para pelaku ini
mengambil uang tunai sebesar 1,5 juta rupiah yang berada di dalam laci serta
mengambil barang berbagai macam kosmetik,"" ujar Kompol Maryono.

Akibat ulah para pelaku , pemilik toko mengalami kerugian materi sekitar 76
juta rupiah. ""Saat ini tim unit reskrim kami masih melakukan penyelidikan dan
pengembangan lebih lanjut,"" pungkas Kompol Maryono.

 ",www.detik.com
Emak-emak Pencuri Perhiasan Emas dan Duit di Kulon Progo Diciduk,"Rabu, 08 Jun 2022 13:06 WIB","\-

Seorang emak-emak berinisial WSR (49) ditangkap polisi karena diduga telah
mencuri emas dan uang jutaan rupiah di Kulon Progo, Daerah Istimewa Yogyakarta
(DIY). WSR ditangkap di rumahnya di Bantul, selang sehari setelah aksi
pencurian itu.

Kasi Humas Polres Kulon Progo Iptu I Nengah Jeffry mengatakan, penangkapan WSR
berawal dari laporan pencurian di Kalurahan Sidorejo, Kapanewon Lendah, Kulon
Progo, pada Senin (6/6) lalu. Barang yang dicuri berupa 4 cincin emas seberat
10 gram dan gelang emas 3 gram senilai Rp 5,9 juta.

Selain itu juga uang sebesar Rp 4,5 juta. Emas dan uang itu disimpan di rumah
korban atas nama Marjiyem.

""Kejadiannya Senin (6/6) siang. Saat itu korban baru bangun tidur dan
mendengar suara motor, serta melihat sekilas ada sepeda motor yang keluar dari
halaman rumah jenis matik warna merah berjalan ke timur. Karena curiga lalu
dicek lemari pakaian di kamar, ternyata sudah berantakan, selain itu juga emas
dan uang yang ditotal Rp10 juta telah lenyap,"" ucap Jeffry saat dimintai
konfirmasi oleh wartawan, Rabu (8/6/2022).

Jeffry mengatakan, berdasarkan laporan tersebut, personel dari Polsek Lendah
lalu melakukan penyelidikan. Korban dan sejumlah saksi diperiksa.

Terduga pelaku diketahui mengendarai motor Honda Vario 125 bernomor polisi AB
6851 UG. Motor itu jadi alat bukti bagi polisi untuk mengendus keberadaan
pelaku.

""Tim kemudian menelusuri asal usul sepeda motor itu pada Selasa kemarin.
Pertama didapat informasi bahwa alamat kendaraan berasal di wilayah
Bambanglipuro atas nama Zasyim. Namun, saat dicek lokasi ternyata motor itu
sudah dijual oleh pemilik awal ke showroom sejak 3 tahun lalu. Kami
selanjutnya cek ke showroom dan diketahui motor sudah dibeli oleh seseorang
yang beralamat di Sanden,"" ujarnya.

""Sampai di wilayah Sanden, petugas berhasil menemukan informasi bahwa motor
itu milik seseorang atas nama KS. Saat diperiksa oleh petugas, KS membenarkan
itu merupakan motornya dan menyebut bahwa saat kejadian motor itu sedang
dipakai oleh istrinya WSR,"" sambung Jeffry.

Jeffry mengatakan, polisi kemudian menginterogasi WSR. Hasilnya WSR mengakui
perbuatannya yang telah melakukan aksi pencurian di Kulon Progo.

""Dari hasil interogasi terungkap bahwa yang melakukan tindak pidana pencurian
tersebut adalah istri saudara KS, yang berinisial WSR. Di sana petugas
langsung mengamankan barang bukti kendaraan motor dan uang hasil penjualan
emas curian sebesar Rp2 juta,"" ucapnya.

Jeffry menambahkan, polisi telah menangkap WSR dan kini sedang dalam
pemeriksaan di Mapolsek Lendah. Dari hasil pemeriksaan sementara, diketahui
WSR merupakan residivis kasus pencurian di wilayah Sleman.

""Pelaku merupakan residivis, pernah terjerat kasus pencurian rumah di Sleman
dan sekarang masih dalam pemeriksaan,"" ujarnya.

 _+++_

 _Kamu punya kesan yang tak terlupakan saat mengunjungi Jawa Tengah dan DIY,
jangan lewatkan untuk mengungkapkan di program Giveaway Serentak. Hadiahnya:
uang tunai senilai total Rp 30 juta plus plus._

 _Segera gabung! Kamu hanya perlu menuliskan kesan-kesanmu itu di kolom
komentarartikel ini._

 _Yuk, ajak juga teman-temanmu!_

  
  
  
[Gambas:Video 20detik]  

 ",www.detik.com
Sopir Taksi Online di Kaltim Nyaris Tewas Dirampok Penumpang,"Rabu, 25 Mei  2022 02:00 WIB","\-

Seorang sopir taksi online Masruki (57) asal Samarinda, Kalimantan Timur
(Kaltim) nyaris tewas gegara dirampok penumpangnya berinisial AA (21). Leher
Masruki mengalami luka kena sabetan pisau saat diancam pelaku namun selamat
karena ditolong warga.

""Sopir online sempat mengalami sedikit luka dan saat ini kondisinya ada di
rumah sakit, masih dalam perawatan. Kemudian untuk tersangka berhasil
diamankan oleh warga yang berada di sekitar TKP,"" ucap Kapolres Samarinda,
Kombes Ary Fadli saat menggelar rilis, Selasa (24/5/2022).

Insiden perampokan ini terjadi di Jalan Kahoi 8, Kelurahan Karang Anyar,
Samarinda pada Selasa siang (24/5). Pelaku AA telah merencanakan perbuatannya.
Dia menyiapkan pisau lipat dari rumah sebelum memesan taksi online.

  

""Kemudian yang bersangkutan memesan mobil atau taksi online. Kemudian pada
saat di tengah perjalanan, pelaku mengancam dan meminta sejumlah uang kepada
driver,"" ujarnya.

Saat leher Masruki ditodong pisau, ia kemudian melakukan negosiasi dengan
pelaku AA. Saat itu Masruki berjanji akan memberikan uang miliknya setelah
keluar dari mobil. Dia kemudian bisa mengecoh AA.

""Saat diberikan kesempatan keluar oleh pelaku, akhirnya korban teriak dan
warga berkumpul mengamankan pelaku,"" bebernya.

Namun pelaku kemudian melakukan penyerangan. Saat diserang pakai senjata tajam
(sajam), korban menahan menggunakan tangan. Sambil sikunya digunakan menekan
klakson.

""Korban mengalami luka sayat di leher, bahu dan kedua tangannya,"" jelasnya.

Sementara pelaku AA yang diamankan warga kemudian dibawa ke kantor polisi.
Kepada polisi, AA mengaku baru pertama kali melakukan aksi perampokan. Hal itu
karena dia mengaku tidak memiliki uang untuk melunasi utang lantaran tak
memiliki pekerjaan.

""Baru satu kali. Yang bersangkutan juga tidak masuk dalam daftar residivis.
Alasannya karena tidak memiliki pekerjaan dan memiliki tanggungan cicilan
motor akhirnya mengambil jalan pintas melakukan aksi ini,"" pungkas Ary.

Kini AA telah diamankan di Polsek Samarinda Ulu, beserta barang bukti pisau
dan kendaraan korban. Atas perbuatannya AA dikenakan Pasal 365 KUHP, Juncto 53
KUHP dengan ancaman 7 tahun penjara.

  
  
  
[Gambas:Video 20detik]  

 ",www.detik.com
LBH Puji Polsek Kembangan yang Bebaskan Nenek Pencuri Anting Rp 300 Ribu,"Senin, 25 Apr 2022 08:46 WIB","\-

Nenek Kartini (61) nekat mencuri anting seorang bocah senilai Rp 300 ribu
karena terhimpit kemiskinan. Kasus ini sempat viral. Setelah dibela LBH Mawar
Saron, nenek Kartini akhirnya dibebaskan.

""Kami sangat mengapresiasi atas kebijaksanaan seluruh pihak terkait proses
penyelesaian permasalahan hukum yang menjerat nenek Kartini. Semoga nenek
Kartini dapat menjadi pribadi yang lebih baik lagi dan terhindar dari segala
perbuatan yang bertentangan dengan hukum,"" kata Direktur LBH Mawar Saron
Jakarta, Ditho Sitompoel dalam keterangannya kepada wartawan, Senin
(25/4/2022).

Kejadian ini bermula saat nenek Kartini bertemu dengan dua bocah perempuan di
Pasar Malam di wilayah Kembangan, Jakarta Barat pada 4 Maret 2022 lalu.
Kemudian nenek Kartini mengiming-imingi uang sebesar Rp 20 ribu per anak dan
si bocah mau. Kartini lalu menggandeng kedua anak perempuan untuk mengambil
anting emas yang dikenakan salah satu anak perempuan.

""Tetangga kedua anak tersebut yang kebetulan melihat kejadian langsung menarik
kedua anak perempuan dari penguasaan nenek Kartini dan menemukan 1 buah anting
emas seberat 0,5 gram dari saku celana nenek Kartini lalu melaporkannya ke
Polsek Kembangan, Jakarta Barat,"" tutur Dhito.

Atas kejadian tersebut, nenek Kartini dilaporkan melakukan Tindak Pidana
Pencurian dengan Pemberatan dan/atau Penipuan sebagaimana dimaksud dalam Pasal
363 dan/atau Pasal 378 KUHP dan ditahan di Polsek Kembangan, Jakbar. Tim LBH
Mawar Saron langsung melakukan investigasi dan melakukan pembelaan.

""Didapati fakta tujuan dari nenek Kartini melakukan tindakan tersebut ialah
semata-mata hanya untuk membayar ongkos untuk pulang ke kampung halaman yang
berada di Cirebon, Jawa Barat,"" ujar Dhito.

Nenek Kartini berada di wilayah Kembangan karena diajak teman untuk mengamen
di pinggir jalan. Namun saat sampai di wilayah Kembangan, nenek Kartini
ditinggal oleh temannya tersebut.

""Karena nenek Kartini sudah ketakutan tidak mengetahui arah pulang dan tidak
memiliki uang, nenek Kartini nekat melakukan perbuatan tersebut,"" ucap Dhito.

Dari perbuatan itu, jumlah kerugian yang dialami korban sebesar Rp 300 ribu.
Namun, anting korban sudah dikembalikan kepada pihak korban dan nenek Kartini
memohon maaf dan menyesali perbuatannya. Nenek Kartini dan korban sudah
berdamai.

""Keadaan fisik nenek Kartini sudah memasuki usia senja, di mana nenek Kartini
merupakan masyarakat yang tidak mampu dan memiliki anak-anak yang kurang mampu
secara finansial pula,"" tutur Dhito.

Fakta-fakta dari hasil investigasi Tim Hukum LBH Mawar Saron tersebut menjadi
dasar dikembalikannya berkas perkara (P19) oleh Kejaksaan Negeri Jakarta Barat
kepada Polsek Kembangan. Dengan pertimbangan perbuatan nenek Kartini masuk ke
dalam tindak pidana ringan sebagaimana diatur di dalam Peraturan Mahkamah
Agung (Perma) Nomor 2 Tahun 2012 tentang Penyesuaian Batasan Tindak Pidana
Ringan dan Jumlah Denda dalam KUHP.

""Dengan demikian, Kepolisian Sektor Kembangan memutuskan untuk mengedepankan
Restorative Justice dalam penyelesaian perkara serta mengeluarkan nenek
Kartini dari tahanan Polsek Kembangan, Jakarta Barat,"" pungkas Dhito.

[Gambas:Video 20detik]

  
  
  

 ",www.detik.com
CIMB Niaga Buka Suara Terkait Perampokan Bank oleh Kepala HRD,"Senin, 18 Apr 2022 13:05 WIB","\-

Pria berinisial BS (43) ditangkap dan ditetapkan sebagai tersangka kasus
perampokan bank BJB di Cilandak, Jakarta Selatan. Belakangan diketahui BS
merupakan kepala HRD di Bank CIMB Niaga.

""Pelaku dari bank swasta juga, bank CN,"" ujar Kapolres Metro Jakarta Selatan
Kombes Budhi Herdi kepada wartawan di Polres Metro Jakarta Selatan, Senin
(18/4/2022).

Terkait hal ini, Budhi mengatakan pihaknya akan meminta keterangan pihak CIMB
Niaga.

""Iya, tentunya semua pihak yang diduga ada kaitannya maupun yang terlibat
dalam peristiwa tersebut tentu akan kami mintai keterangan,"" imbuhnya.

### Penjelasan CIMB Niaga

Terpisah, Media Relation Executive Marketing, Brand & Customer Experience CIMB
Niaga, Moh Hanifudin Mahfuds, angkat bicara mengenai kasus BS ini. Hanifudin
menyebut CIMB Niaga mendukung upaya polisi memproses yang bersangkutan.

""CIMB Niaga menghormati proses hukum yang berjalan dan akan mendukung proses
hukum tersebut jika diperlukan,"" singkat Hanifudin dalam keterangannya, Senin
(18/4/2022).

### Petinggi CIMB Niaga Akan Diperiksa

Kasus perampokan Bank BJB Cabang Fatmawati, Cilandak, Jakarta Selatan, yang
dilakukan oleh pelaku inisial BS terus bergulir. Pihak bank tempat BS bekerja
akan diperiksa polisi awal pekan ini.

""Hari Senin pihak bank dipanggil,"" kata Kasat Reskrim Polres Metro Jakarta
Selatan AKBP Ridwan Soplanit saat dihubungi, Sabtu (16/4).

BS diketahui mengaku sebagai kepala HRD sebuah bank swasta. Namun pengakuan
dari BS itu akan dikonfrontasi penyidik dengan keterangan petinggi bank tempat
BS bekerja.

Menurut Ridwan, pihak bank yang nantinya diperiksa polisi pada Senin (18/4)
selevel direktur.

""Langsung selevel direktur ya, di atas dia. Kategorinya BS kan direktur
finance apa gitu. Jadi, berdasarkan hasil keterangan dia, bank itulah bisa
kita lihat posisi dia sebenarnya. Makanya kita minta konfirmasi bank,"" tutur
Ridwan.

Aksi perampokan yang dilakukan BS terjadi pada Selasa (5/4). Saat melakukan
aksinya BS sempat meletuskan _airsoft gun_. Namun aksi itu digagalkan petugas
satpam bank.

Hasil pemeriksaan sementara BS diketahui bukan staf biasa. Dia mengaku
menjabat kepala HRD di sebuah bank swasta dengan gaji Rp 60 juta tiap bulan.

Pelaku kini telah ditahan di Polres Metro Jakarta Selatan. Dia dijerat dengan
Pasal 365 _juncto_ Pasal 53 KUHP dan UU Darurat dengan ancaman hukuman hingga
10 tahun penjara.

[Gambas:Video 20detik]

  
  
  

 ",www.detik.com
Kasus Ayah Perkosa Anak Kandung di Depok Segera Disidang,"Rabu, 18 Mei  2022 17:37 WIB","\-

Berkas kasus ayah di Depok yang memerkosa anak kandung berusia 11 tahun telah
lengkap (P21). Kasus tersebut akan segera disidangkan.

Kepala Seksi Intelijen Kejaksaan Negeri Depok, Andi Rio R Rahmatu, mengatakan
barang bukti beserta tersangka sudah dilakukan tahap dua pada Selasa (17/5)
kemarin.

""Telah dinyatakan lengkap oleh teman-teman jaksa penuntut umum atau penyidik
telah menerima berkas perkara dan telah P21,"" kata Andi Rio dalam
keterangannya, Rabu (18/5/2022).

Tiga jaksa telah ditunjuk untuk menjadi penuntut umum, yakni Adhi Prasetya
Handono, Hengki Charles Pangaribuan, serta Alfa Dera. Atas perbuatan bejatnya,
tersangka terancam pidana hukuman 20 tahun bui.

""Kami sangat prihatin dengan adanya kasus seperti ini, bahwa tersangka juga
dapat terancam pidana maksimal 20 tahun penjara,"" ucapnya.

Dia mengatakan tersangka dalam melakukan aksinya sempat mengancam korban
menggunakan senjata tajam.

""Adapun modus operandinya melakukan pengancaman dengan senjata tajam kepada
anak korban. Pelaku mengakui ancamannya dan membenarkan terkait barang bukti,""
ungkap Andi.

Atas perbuatannya, tersangka diduga melakukan tindak pidana sebagaimana diatur
pada Pasal 81 ayat (1), ayat (3) _juncto_ Pasal 76D UU No 23 Tahun 2002
tentang Perlindungan Anak sebagaimana diubah terakhir dengan UU No 17 Tahun
2016 tentang Penetapan Peraturan Pemerintah Pengganti UU No 23 Tahun 2002
tentang Perlindungan Anak menjadi UU _juncto_ Pasal 64 ayat (1) KUHP.

Pelaku ditangkap pada Senin (28/2) lalu. Pelaku mengakui memperkosa sebanyak 4
kali. Sedangkan pihak korban menyebut pelaku memperkosa lebih dari 20 kali.

 ",www.detik.com
Lembaga Perlindungan Anak Turun Tangan di Kasus Begal Amaq Sinta,"Sabtu, 23 Apr 2022 16:42 WIB","\-

Lembaga Perlindungan Anak (LPA) Kota Mataram dan Lombok Tengah, Nusa Tenggara
Barat (NTB) ikut turun tangan dalam proses hukum kasus begal dengan korban
Amaq Sinta. LPA berkoordinasi dengan Polda NTB terkait proses hukum salah satu
tersangka begal yang masih dibawah umur berinisial H.

Ketua LPA Mataram, Joko Jumadi mengungkapkan, pihaknya tengah mencarikan
solusi dan akan mengupayakan tersangka anak dipulangkan ke rumah dengan
mendapat pengawasan ketat dari pihak kepolisian.

""Hari ini saya datang ke Polda NTB untuk melakukan koordinasi, guna mencarikan
solusi untuk pelaku begal di Lombok Tengah yang masih dibawah umur,"" ucap Joko
dalam keterangannya Sabtu (23/4/2022).

  

Seperti yang diketahui, tersangka H masih diamankan di Polres Lombok Tengah
terkait keikutsertaannya dalam aksi begal pada Minggu (11/4/2022). Polisi
menyebut bahwa H tidak ditahan, namun ia mengamankan diri demi menghindari
kejadian yang tak diinginkan. Joko menjelaskan, penanganan perkara pidana
terhadap anak, berbeda dengan penanganan perkara orang dewasa, penanganan
terhadap anak tersebut bersifat khusus karena itu diatur dalam peraturan
tersendiri.

""Jelas bahwa penanganan anak berhadapan hukum berbeda dengan penanganan
terhadap orang dewasa yang berhadapan hukum, dalam sistem peradilan pidana
anak sangat mengutamakan penanganan perkara anak mengedepankan keadilan
restoratif,"" jelasnya.

Menurut Joko, pemahaman terhadap proses penanganan perkara anak masih minim.
Karenanya, masih banyak kalangan masyarakat yang belum mengerti atau paham,
sehingga terkadang memunculkan penilaian yang beragam.

""Malahan yang lebih fatal, bilamana terjadi salah penilaian bahwa penanganan
terhadap anak khususnya anak yang berkonflik hukum mendapatkan perlakuan
istimewa dan ada juga yang menganggap anak tidak bisa dihukum . Padahal tidak
sejauh itu, hanya saja proses penanganannya diatur secara khusus,"" terang
Joko.

Untuk diketahui, kata Joko, terkait dengan penanganan anak yang berhadapan
hukum tentunya didasarkan pada beberapa ketentuan perundang-undangan yang
bersifat khusus sesuai dengan Undang-Undang RI Nomor 11 Tahun 2012 tentang
Sistem Peradilan Pidana Anak.

""Penanganan anak melalui peradilan pidana juga berorientasi kepada problem
solving persoalan anak,"" ujarnya.

Kasus begal dengan korban Amaq Sinta ini sempat menjadi sorotan karena
keputusan penyidik Polres Lombok Tengah yang justru menetapkan Amaq Sinta yang
merupakan korban begal sebagai tersangka pembunuhan. Itu karena saat
menghadapi begal begal tersebut, Amaq Sinta melakukan pembelaan diri dengan
pisau yang dibawanya hingga menewaskan dua dari empat orang begal.

Namun Polda NTB yang mengambil alih kasus itu akhirnya memutuskan menghentikan
penyidikan atas kasus Amaq Sinta sebagai tersangka pembunuhan. Kini Amaq Sinta
sudah tidak lagi menyandang status tersangka. Namun petani asal Lombok Tengah
itu masih harus berurusan dengan polisi sebagai saksi korban atas kasus
pembegalan itu. Salah satu dari dua tersangka kasus itu diketahui seorang anak
berusia 17 tahun bernama H.

  
  
  
[Gambas:Video 20detik]  

 ",www.detik.com
"Pria Surabaya Ngaku Intel, Todongkan Pistol Lalu Rampas Motor Warga","Rabu, 03 Nov 2021 19:19 WIB","\- Seorang pria asal Surabaya dibekuk karena merampas motor warga setelah
menakuti dengan pistol mainan. Pelaku mengaku sebagai anggota intel Polda
Jatim saat beraksi.

Pria berinisial AAN (47) warga Wonocolo, Kota Surabaya itu diamankan setelah
polisi menerima laporan korban warga di Desa Cukurgondang, Grati, Kabupaten
Pasuruan. Korban mengaku ditakuti dengan pistol mainan berupa korek api lalu
motornya dibawa kabur.

""Tersangka AAN ini dalam aksinya mengaku intel Polda Jatim membawa pistol
mainan berupa korek api. Ia mendatangi korban di sebuah warung, mengancam dan
menakuti korban lalu merampas motornya,"" kata Kapolres Pasuruan Kota AKBP
Arman di Mapolres Pasuruan Kota, Rabu (3/11/2021).

Arman mengatakan selain menangkap tersangka, polisi juga mengamankan motor
korban Honda BeAT. Pistol korek api juga diamankan sebagai barang bukti.
Karena berusaha kabur saat diamankan, polisi menembak kaki tersangka.

""Tersangka mengaku baru sekali melakukan kejahatan modus mengaku intel. Tapi
dia ini residivis kasus penipuan,"" terang Arman.

AAN sendiri mengaku menjadi anggota intel karena terobsesi menjadi polisi.
""Saya punya keinginan jadi polisi,"" ujarnya.

Selain mengamankan 'intel Polda' ini, polisi juga membekuk dua tersangka
pencurian dengan kekerasan. Mereka yakni AT (26) dan NF (27) warga Desa
Sidogiri, Kacamatan Kraton, Kabupaten Pasuruan.

""AT dan NF ini beberapa kali merampas barang berupa dompet dan handphone
korban yang duduk-duduk di pinggir jalan atau sedang lengah. Salah satu
korbannya seorang Bhayangkari,"" terang Arman.

Sementara ada satu tersangka lagi yakni MI (23) yang diamankan. MI merupakan
penadah barang curian AT dan NF.

 ",www.detik.com
Polisi Tembak Mati Begal Pembacok Pemotor di Medan,"Sabtu, 29 Agu 2020 20:27 WIB","\-

Polisi menembak mati seorang pria bernama Remon yang diduga merupakan begal
pembacok pemotor di Medan. Selain itu, polisi menangkap seorang pria lagi,
Riko.

Penangkapan dilakukan di sekitar Jalan Mongonsidi, Medan, Senin (24/8).
Penangkapan dilakukan setelah polisi melakukan pengintaian setelah aksi begal
di kawasan itu viral di media sosial.

""Sekira pukul 05.50 WIB, pelaku terlihat melintasi Jalan Mongonsidi dengan
mengendarai sepeda motor CB 150R berwarna merah, yang hendak mengincar
masyarakat yang sedang melintas untuk menjadi korban mereka,"" ujar
Wapolrestabes Medan AKBP Irsan Sinuhaji dalam keterangan tertulis dari Kasat
Reskrim Polrestabes Medan Kompol Martuasah Tobing, Sabtu (29/8/2020).

""Melihat hal tersebut, personel timsus langsung melakukan pengejaran terhadap
pelaku dan berhasil mengamankan para pelaku dengan cara memepet kendaraan
pelaku dengan mobil yang dikendarai personel,"" sambungnya.

Aksi begal yang viral itu terjadi di sekitar Jalan Mongonsidi sekitar pukul
10.00 WIB, Sabtu (15/8). Peristiwa begal itu menyebabkan korban bernama
Zainudin kehilangan sepeda motor dan mengalami luka bacok di bagian lengannya.

Selanjutnya __

Halaman

1  2

 ",www.detik.com
"Anak SMP Pacaran hingga ML, Apakah Bisa Kena Pasal Pemerkosaan?","Kamis, 31 Mar 2022 09:06 WIB","\-

Hubungan pacaran belakangan ini acapkali sampai kebablasan. Bahkan masih SMP
sudah pacaran dan berhubungan layaknya suami istri/making love (ML). Apakah si
anak lelaki bisa kena pasal pemerkosaan?

Hal itu menjadi pertanyaan yang kerap ditemui detik's Advocate. Berikut di
antaranya:

 _Anak saya perempuan kelas 9 SMP. Ia pacaran dengan teman kelasnya. Pada
suatu hari, anak saya menceritakan diajak berhubungan badan oleh pacarnya._

_Pertanyannya:_  
 _1\. Dari kasus di atas, apakah anak-anak di bawah umur itu bisa dikenai
pasal pemerkosaan terhadap teman sekolahnya?_  
 _2\. Apakah hukuman yang diberikan terhadap anak tersebut sama dengan yang
diterapkan kepada orang dewasa?_

######  _Jawaban di halaman berikutnya._

 __

[Gambas:Video 20detik]

Selanjutnya __

Halaman

1  2  3

 ",www.detik.com
"Diduga Korban Begal, Pemuda Tewas Simbah Darah di Jalanan Bekasi","Senin, 01 Feb 2021 21:11 WIB","\-

Seorang pemuda berusia 19 tahun di Bekasi, Jawa Barat, ditemukan tewas
bersimbah darah. Korban bernama Pian Firmansyah itu diduga dibegal.

""Iya, (korban) meninggal,"" ujar Kanit Reskrim Polsek Bekasi Timur Iptu Ompi
Indovina kepada , Senin (1/2/2021).

Peristiwa itu terjadi di Jalan Anggrek 1, Bekasi Jaya, Kota Bekasi, Senin
(1/2), pukul 00.30 WIB. Belum diketahui kronologi dari peristiwa itu.

Ompi mengatakan korban ditemukan warga dalam kondisi bersimbah darah di jalan.
Kemudian, warga sekitar menolongnya dan membawa korban ke rumah sakit
terdekat.

""(Korban luka) di belakang di punggung, dibacok,"" kata Ompi.

Ompi mengatakan tidak ada harta benda korban yang dicuri. Saat ini, aksi begal
itu masih diselidiki.

""Begal begitu _aja sih_ kelihatannya tapi barang-barangnya nggak diambil,""
tutur Ompi.

Polisi masih memburu para pelaku. Diketahui, pelaku lebih dari 2 orang.

""(Pelaku menggunakan) 2 motor aja, 4 orang,"" terangnya.

Dalam video yang beredar, tampak korban begal tengah dievakuasi ke atas motor.
Darah terlihat berceceran di jalanan.

 ",www.detik.com
Visual Interaktif: Drama Asmara Pembunuh Eneng Kulsum,"Jumat, 20 Mei  2022 13:19 WIB","\-

R alias Aden membunuh Eneng Kulsum, wanita asal Cibadak, Kabupaten Sukabumi.
Pria tersebut diduga telah merencanakan aksi kejinya.

Pada Jumat (13/5) malam itu, Aden sengaja membawa sebilah pisau dan menunggu
Eneng Kulsum keluar dari rumahnya. Pelaku menyerang dan menusuk korban.

  

Nyawa Eneng tak tertolong. Polisi memburu dan menangkap Aden.

""Motifnya keterangan saksi dan keterangan tersangka ini adalah dendam, karena
korban sudah menjalin hubungan dengan tersangka tapi korban rujuk kembali
dengan mantan suaminya,"" kata Kapolsek Cibadak Kompol Maryono.

 ",www.detik.com
Disetop Kasus Korban Begal Jadi Tersangka karena Pembelaan Terpaksa,"Minggu, 17 Apr 2022 04:31 WIB","\-

M alias Amaq Sinta (34) kini bisa bernafas lega. Tak hanya lepas dari jeruji
tahanan, warga Lombok, Nusa Tenggara Barat (NTB) itu kini bebas dari status
tersangka kasus pembunuhan.

Status tersangka pembunuhan yang sempat menjerat Amaq Sinta memang disorot
banyak pihak hingga Kapolri Jenderal Listyo Sigit Prabowo. Sigit menjamin
keadilan bagi Amaq Sinta.

""Kapolda NTB telah melaksanakan gelar perkara dan akan segera melakukan _press
release_ terkait perkara Sdr Amaq Sinta untuk memberikan kepastian hukum
dengan memegang teguh asas proporsional, legalitas, akuntabilitas, dan
nesesitas,"" tulis Sigit di akun Instagram resminya, seperti dilihat , Sabtu
(16/4/2022).

Kabareskrim Polri Komjen Agus Andrianto pun turut buka suara. Agus menyarankan
penyidikan kasus pembunuhan yang dilakukan Amaq Sinta dihentikan.

""(Sebaiknya penyidikan) hentikanlah menurut saya. Nanti masyarakat jadi
apatis, takut melawan kejahatan. Kejahatan harus kita lawan bersama. Saran
saya kepada Kapolda NTB untuk mengundang gelar perkara yang terjadi dengan
pihak kejaksaan, tokoh masyarakat dan agama di sana untuk minta saran masukan,
layak tidak-kah perkara ini dilakukan proses hukum. Legitimasi masyarakat akan
menjadi dasar langkah Polda NTB selanjutnya,"" ungkap.

Untuk diketahui kasus ini bermula dari penemuan mayat dua pria bersimbah darah
di Lombok Tengah Senin (11/4) dini hari. Belakangan diketahui kedua pria
adalah pelaku begal yang dibunuh oleh calon korbannya.

Korban pembegalan itu, Amaq Sinta, justru dijadikan tersangka atas kasus
pembunuhan akibat aksi bela diri yang dia lakukan menyebabkan dua begal tewas.

Pada Kamis (14/4), Polda NTB akhirnya mengambil alih kasus korban begal jadi
tersangka tersebut. Kasus ini mulanya ditangani oleh Polres Lombok Tengah.

Pengambilalihan perkara kasus Amaq Sinta dilakukan sejak polisi mengabulkan
permintaan keluarga untuk penangguhan penahanan terhadap Amaq Sinta. Amaq
Sinta sudah tidak ditahan namun tetap menjadi tersangka.

###

[Gambas:Video 20detik]

Selanjutnya __

Halaman

1  2

 ",www.detik.com
Viral Rampok Bersenjata Ikat Kasir-Gasak Rp 17 Juta di Minimarket Jakpus,"Selasa, 17 Mei  2022 14:38 WIB","\-

Aksi perampokan di sebuah minimarket di Jl Letjen Suprapto IV, Bungur, Senen,
Jakarta Pusat, viral di media sosial. Seorang kasir minimarket diikat pelaku.

""(Korban) diikat, nggak luka. Jutaan uang kasir diambil,"" kata Kapolsek Metro
Senen Kompol Ari Susanto saat dihubungi, Selasa (17/5/2022).

Peristiwa itu terjadi pada Rabu (4/5) pada pukul 21.22 WIB. Kejadian berawal
ketika dua penjaga minimarket tengah bertugas. Pada saat itu, kondisi tengah
sepi dan toko hendak ditutup.

""Saat minimarket mau tutup, mendadak seorang tak dikenal dengan memakai helm
dan bermasker masuk ke dalam toko,"" kata Ari.

Kemudian, pelaku tersebut langsung menutup _rolling door_ dan menodongkan
senjata tajam pisau. Ari mengatakan pelaku meminta uang yang ada di dalam
brankas.

""Sebelum kabur, pelaku sempat bercerita bahwa pelaku sakit hati atau dendam
dengan sejenis toko tersebut, lalu mengikat kedua penjaga toko,"" katanya.

Ari mengatakan pelaku pun berhasil mengambil uang tunai kurang lebih Rp 17
juta. Saat ini kasus tersebut dalam tahap penyelidikan.

""Lagi dikejar (pelaku), maling terobos minimarket,"" katanya.

 ",www.detik.com
Maling 3 Motor di Lokasi Proyek Tol Semarang-Demak Ditangkap,"Kamis, 09 Jun 2022 18:00 WIB","\-

Pria pelaku pencurian motor (curanmor) berinisial MR (21) diringkus polisi. MR
diketahui sudah tiga kali beraksi di proyek Tol Semarang-Demak, Kecamatan
Wonosalam, Demak.

""Jadi kita hari ini merilis ungkap kasus Polsek dan Polres jajaran.
Terutamanya ada tiga kasus curanmor yang kita ungkap di daerah TKP Wonosalam,
Mijen, dan Karangawen,"" kata Kapolres Demak AKBP Budi Adhy Buono kepada
wartawan di Mapolres Demak, Kamis (9/6/2022).

""Terkhusus yang di Wonosalam ini ada keunikan ya karena tersangka pernah
bekerja di proyek tol yang ada di Wonosalam. Selanjutnya karena ada
pengurangan tersangka ini dikeluarkan,"" sambungnya.

MR merupakan warga asal Kecamatan Mungkid, Kabupaten Magelang. Kejadian
tersebut bermula pada laporan pekerja yang kehilangan sepeda motornya yang
terparkir di area tol saat bekerja pada Jumat (27/5) malam.

""Selanjutnya tersangka ini mengambil atau mencuri 3 sepeda motor yang ada di
proyek tol tersebut. Selanjutnya dijual per _part_ atau per bagian melalui
media sosial. Jadi tersangka kita amankan di daerah Mungkid Kabupaten
magelang,"" terang Budi.

  
MR mencuri motor dengan membobol kunci. Setelah sukses mencuri, sepeda motor
itu lalu dijual dengan cara dipereteli.

""Ngambil pakai kunci palsu, kunci motor biasa. Diulang-ulang berkali-kali.
(Mencuri) Beda hari, satu mingguan. (Dijual per bagian) Biar cepat laku. Di
online, lewat aplikasi Facebook,"" kata MR saat dimintai keterangan Kapolres
Demak.

""Dapat uang Rp 3 juta dari CB lama, Grand Rp 1,5 juta. Untuk kebutuhan sehari-
hari. Sudah berkeluarga,"" sambung MR.

MR mengaku melakukan pencurian seorang diri. Semula aksinya tidak dicurigai
lantaran dirinya pernah bekerja di proyek tersebut.

""Iya, proyek tol Wonosalam, dulu ikut kerja di situ. Kepepet kebutuhan,""
terangnya.

 __.

Tak hanya pencurian motor, polisi juga menangkap pelaku pencurian dengan
kekerasan di Kecamatan Mranggen, Demak. Pelaku sengaja mengincar anak-anak dan
merampas ponsel mereka.

""Kasus curas yang terjadi di Mranggen, ada dua anak anak di bawah umur sedang
bermain handphone. Selanjutnya tersangka ini sudah mengintai. Tersangka ada
dua menggunakan kendaraan bermotor berboncengan. Selanjutnya secara tiba-tiba
mendatangi korban dan handphone itu dirampas. Selanjutnya pelaku kabur di
daerah Pucanggading,"" terang Budi.

Pelaku curas yakni DLF (21) asal Kecamatan Mranggen. Kejadian tersebut bermula
laporan orang tua korban yang menyaksikan HP anaknya dirampas orang
berboncengan, Sabtu (30/4).

Budi menjelaskan pelaku melakukan aksinya sekali. Sementara satu teman pelaku,
pria inisial IF (20) masih dalam pengejaran.

""Kalau dari pemeriksaan kita, (pelaku) baru sekali mengambil handphone,""
ujarnya.

Sementara DLF menerangkan ponsel tersebut telah terjual senilai Rp 500 ribu.
Ia mendapatkan bagian setengahnya.

""(Menyasar anak-anak) Yang mudah, lengahnya kan gampang. Satu kali itu. Ya itu
pas motor-motoran muter di situ ada anak-anak main di depan rumah bawa HP,
terus saya puteri saya ambil HP-nya. Yang jual teman saya. Saya di rumah
dikasih uang HP itu. Udah laku HP-nya,"" terang DLF.

""Ya itu pas muter di perumahan. Iya, motor-motoran itu awalnya, terus ada anak
main HP di depan rumah. Keliling dulu. Saya dikasih Rp 250 ribu. Katanya laku
Rp 500 ribu,"" imbuhnya.

Sementara dari barang bukti yang berhasil diamankan petugas dalam ungkap kasus
tersebut, berupa dua unit sepeda motor Honda Beat dan Supra X. Kemudian satu
dus boks handphone merek Samsung A7.

""Para tersangka dijerat dengan Pasal 362, 363 dan 365 KUHP. Mereka terancam
hukuman penjara paling lama 5 dan 9 tahun penjara,"" pungkas Budi.

 ",www.detik.com
Fakta-fakta Pembunuhan ABG di Kebumen,"Jumat, 20 Mei  2022 06:15 WIB","\-

Gadis berinisial F (14) tewas dibunuh teman prianya, RK (17) di sebuah ladang
di wilayah Dusun Watu Gede, Desa Kaliputih, Kecamatan Alian, Kebumen, Jawa
Tengah, Jumat (13/5) pekan lalu. Jenazah ABG itu ditemukan tanpa identitas
keesokan harinya, Sabtu (14/5).

Kemarin, Polda Jateng mengungkap kasus pembunuhan ini setelah menangkap
pelakunya. Berikut 5 fakta yang dihimpun dari reportase jurnalis .

Direktur Reserse Kriminal Umum Polda Jawa Tengah, Kombes Djuhandhani Raharjo
Puro, mengatakan korban pertama bertemu dengan pelaku pada Kamis (12/5) pekan
lalu.

""Janjian melalui WA (WhatsApp). Kemudian janjian bertemu di Alun-alun Kebumen,
Kamis sekitar pukul 03.00 WIB,"" kata Djuhandhani di Mapolda Jateng, Kamis
(19/5/2022).

Setelah bertemu, korban diajak ke Waduk Wadaslintang. Pelaku bersama satu
temannya. Di waduk itu, mereka meminum minuman keras lalu pulang ke rumah
masing-masing.

![Lokasi penemuan mayat gadis ABG yang ternyata korban pembunuhan, di Desa
Kaliputih, Kecamatan Alian, Kebumen, Kamis
\(19/5/2022\).](https://akcdn.detik.net.id/community/media/visual/2022/05/19/lokasi-
penemuan-mayat-gadis-abg-yang-ternyata-korban-pembunuhan-di-desa-kaliputih-
kecamatan-alian-kebumen-kamis-1952022_43.jpeg?w=480)Lokasi penemuan mayat
gadis ABG yang ternyata korban pembunuhan, di Desa Kaliputih, Kecamatan Alian,
Kebumen, Kamis (19/5/2022). Foto: Rinto Heksantoro/detikJateng  
  
---  
  
Esoknya, Jumat (13/5), mereka bertiga bertemu lagi di Waduk Wadaslintang
kemudian menuju ke Desa Ketekan. Di tengah perjalanan, pelaku dan korban
mencari tempat untuk berduaan. Teman pelaku kemudian pergi. ""Temannya pergi ke
Desa Semawung,"" ujar Djuhandani.

Pelaku dan korban diketahui berpacaran. Saat berduaan itulah pelaku menjerat
leher korban, memukuli dan menendang berkali-kali hingga korban tewas. Usai
membunuh korban, pelaku membawa ponsel dan motor korban.

"" _Handphone_ korban dibawa pelaku kemudian dijual. Motor yang dipakai itu
motor korban. Dibawa, dipreteli sama pelaku,"" ungkap Djuhandani.

Mayat korban ditemukan di sebuah ladang di wilayah Desa Kaliputih, Sabtu
(14/5) sekitar pukul 10.00 WIB. ""Saat mencari rumput buat pakan kambing, saya
lihat ada kaki posisi terlentang,"" kata Sariman (46) warga Desa Sendangdalem,
Padureso, Kebumen.

Sariman kemudian lari dan mengabarkan ke warga di pasar desa yang tak jauh
dari lokasi penemuan mayat korban. Kabar itu kemudian diteruskan ke polisi.
Dari pemeriksaan polisi, ada luka memar di beberapa bagian tubuh korban dan
bekas luka jerat di leher.

![Polisi menangkap pelaku pembunuhan gadis
ABG.](https://akcdn.detik.net.id/community/media/visual/2022/05/19/polisi-
menangkap-pelaku-pembunuhan-gadis-abg_43.jpeg?w=480)Polisi menangkap pelaku
pembunuhan gadis ABG. Foto: istimewa  
  
---  
  
Untuk mencari identitas korban, polisi mengunggah ciri-ciri korban lewat akun
Instagram @jatanrasjateng.id. Ciri-cirinya, tinggi badan 154 cm, berambut
pendek, mengenakan celana jins panjang biru dan jaket hitam bertuliskan
Bastercold.

""Setelah kita _share_ di medsos, ada yang mengaku (korban) ada kemiripan
dengan keluarganya,"" kata Djuhandhani kepada , Minggu (15/5). Akhirnya
diketahui identitas korban, yaitu warga Desa Sidoagung, Sruweng, Kebumen.

Setelah melalui serangkaian proses penyelidikan, tim Jatanras Polda Jateng
menangkap pelaku. Tim itu dipimpin Kanit Jatanras Ditreskrimum Polda Jateng
Kompol Onkoseno Sukahar. ""Pelaku ditangkap di rumahnya di Wonosobo,"" kata
Djuhandani, Kamis (19/5).

""Alasan pelaku (membunuh) karena korban sering berkata kasar, _sengak_
begitu,"" imbuh Djuhandhani.

  
  
  
[Gambas:Video 20detik]  

 ",www.detik.com
Pencuri Pakai Duit Ibu Pedagang Sayur di Jakpus buat Beli Narkoba,"Rabu, 27 Apr 2022 15:54 WIB","\-

Pelaku penjambretan tas Sularmi (60), pedagang sayur di Tanah Abang, Jakarta
Pusat (Jakpus), ditangkap polisi. Dari hasil pemeriksaan, motif pelaku
menjambret untuk membeli narkoba.

""Hasil interogasi kita menanyakan, kita mengetahui motif untuk membeli narkoba
jenis sabu, kita pastikan kita lalukan cek urine positif _methamphetamine_ ,""
kata Kapolsek Metro Tanah Abang, Kompol Haris Kurniawan, di Polres Metro
Jakpus, Rabu (27/4/2022).

Haris mengatakan pelaku berinisial CB (23) ini telah mengonsumsi narkoba
kurang lebih sekitar 2 tahun. Dia menyebut CB biasa membeli paket murah.

""Kalau harga yang disampaikan paket murah, sekitar Rp 200-300 ribu,"" katanya.

Lebih lanjut, Haris mengatakan kejadian itu tidak terencana. Dia menyebut CB
melakukan penjambretan secara random.

""Kalau ini dia random, dia liat mungkin pelapor sudah tua, mungkin rentan dan
potensi bagi dia korban ini dianggap lemah, sehingga dia berniat melakukan di
TKP itu,"" katanya.

Selain mengamankan pelaku, polisi membawa sejumlah barang bukti berupa satu
unit HP beserta kardusnya, satu unit sepeda motor, pakaian pelaku, dan rekaman
CCTV. Haris mengatakan pelaku sempat menjual barang bukti, namun polisi
berhasil mendapatkannya kembali.

""Jadi barang buktinya itu sudah berhasil dijual, dan kita berhasil juga dapat
HP ibu sayur,"" kata Haris.

Akibat perbuatannya yang telah menjambret tas korban, CB disangkakan Pasal 362
dengan ancaman pidana maksimal 7 tahun.

Sebelumnya diberitakan, aksi pencurian itu terekam kamera CCTV. Modus
penjambretan itu berpura-pura membeli dagangan.

Peristiwa itu terjadi di Jl Danau Gelinggang, Bendungan Hilir, Tanah Abang,
Jakarta Pusat, pada Senin (18/4), sekitar pukul 09.30 WIB. Di dalam tas
tersebut, terdapat uang Rp 500 ribu dan buku catatan utang.

Kemudian, pada Sabtu (23/4), sekitar pukul 03.30 WIB, di rumah mertuanya di Jl
Tomang Tinggi VI, Tomang, Grogol Petamburan, Jakarta Barat, pelaku berhasil
ditangkap.

""Kami amankan satu orang pelaku berinisial CB (23) seorang buruh harian warga
Jl Jati Bunder RT 02 RW 15 Tanah Abang, Jakpus,"" kata Kanit Reskrim Polsek
Metro Tanah Abang, AKP Fiernando Ardiansyah, Senin (25/4).

 ",www.detik.com
Tragis Pemuda Dibunuh di Jalan Protokol Makassar Saat COD Jual Beli HP,"Rabu, 08 Jun 2022 09:00 WIB","\-

Nasib tragis dialami Rahmat Mustari (26) yang tewas ditikam saat melakukan
_cash on delivery_ (COD) jual beli handphone atau HP di Makassar, Sulawesi
Selatan (Sulsel). Dua orang pelaku ditangkap buntut kasus ini dan dua orang
lainnya dinyatakan buron.

Kasus pembunuhan ini berawal saat mayat korban ditemukan di trotoar pembatas
jalur jalan protokol Urip Sumoharjo, Panakkukang, Makassar, Senin (6/6) malam.
Jenazah korban ditemukan terkapar di trotoar mengenakan baju kaos biru dan
celana jeans biru.

Polisi yang menerima laporan kejadian lantas turun tangan ke lokasi dan
langsung melakukan olah tempat kejadian perkara (TKP). Mayat korban kemudian
dibawa ke RS Bhayangkara Makassar.

  

Tak lewat dari 24 jam, polisi menangkap dua pelaku pembunuhan. Keduanya adalah
Wahyudi (28) dan Budiono (23).  
  
""2 Pelaku penikaman tadi malam sudah kami amankan. 2 Orang masih kami kejar,""
kata Kapolsek Panakkukang Kompol Abdul Abdul Azis dalam keterangannya, Selasa
(7/6).

Azis mengatakan kasus ini berawal saat pelaku Budiono menjual ponsel melalui
sosial media dan ditanggapi korban pada Minggu (5/6) malam.

""Korban Rahmat ini mengomentari posting-an itu dengan alasan ingin membeli.
Pelaku dan korban pun janjian untuk bertemu di depan Mall Nipah,"" katanya.

Namun korban Rahmat rupanya hanya berpura-pura COD sebab dia membawa kabur
ponsel Budiono. Karena kesal, Budiono kemudian mengatur cara untuk mendapatkan
kembali ponselnya.

Pelaku membujuk korban agar mau menjual kembali ponsel curiannya dengan cara
mengirim pesan singkat menggunakan akun sosial media lain agar korban tidak
curiga. Pada akhirnya korban bersedia COD pada Senin (6/6) malam.

""Pelaku memancing kembali korban untuk menjual ponsel miliknya. Korban pun
berminat dan janjian untuk bertemu di depan Taman Makam Pahlawan,"" ungkapnya.

Sebelum bertemu korban, pelaku memanggil empat rekannya ikut COD. Akibatnya
Rahmat pun menjadi sasaran pengeroyokan.

""Pelaku langsung melakukan penganiayaan secara bersama-sama yang mengakibatkan
korban meninggal dunia. Kami amankan barang bukti senjata tajam milik pelaku,""
jelasnya.

  
  
  
[Gambas:Video 20detik]  

 ",www.detik.com
Aksi Perampok Bank Gaji Rp 60 Juta Pakai 'Money Heist' Jadi Inspirasi,"Jumat, 08 Apr 2022 06:42 WIB","\-

Pria inisial BS (43) nekat melakukan perampokan di Bank BJB Cabang Fatmawati,
Cilandak, Jakarta Selatan, karena terbelit utang miliaran rupiah. Namun, aksi
perampokan bersenjata api BS ini gagal total.

Pegawai bank swasta yang mengaku bergaji Rp 60 juta per bulan ini mengaku
terinspirasi 'Money Heist'. Perampokan ia rencanakan dengan matang ala-ala
serial 'Money Heist' meski akhirnya digagalkan satpam.

##

## Perampokan Bank Terinspirasi 'Money Heist'

Kapolres Metro Jakarta Selatan Kombes Budhi Herdi mengatakan tersangka BS
mempersiapkan perlengkapan untuk merampok mulai ari airsoft gun hingga bom
asap.

""Iya, (film) MH ('Money Heist'). Yang film di TV berbayar yang depannya 'N'
(Netflix) kan ada film perampokan yang judulnya ada money-money-nya itu. Dia
terinspirasi dari situ,"" kata Kombes Budhi Herdi kepada wartawan, Kamis
(7/4/2022).

'Money Heist' merupakan serial drama Spanyol. Film ini mengisahkan tentang
sekelompok perampok bank yang dipimpin oleh seseorang yang bernama 'Profesor'.

##  
Bawa 'Bom Asap' hingga Airsoft Gun

  
Tersangka pegawai bank swasta ini menyiapkan perlengkapan, mulai 'bom asap'
hingga alat kejut listrik untuk memuluskan aksinya. Peralatan membahayakan itu
ia siapkan untuk melarikan diri apabila kondisinya terjepit.

""Semacam bom asap atau petasan asap dan alat itu untuk apa? Untuk melarikan
diri. Jadi nanti, kalau terjepit, dia akan menggunakan ini dan ini sekali lagi
dipengaruhi oleh film yang dia tonton,"" kata Budhi.

 _Baca di halaman selanjutnya: tersangka survei bank sebelum merampok._

 __

[Gambas:Video 20detik]

Selanjutnya __

Halaman

1  2  3

 ",www.detik.com
Pria di Deli Serdang Tewas Diduga Kecelakaan Usai Curi Motor,"Selasa, 17 Mei  2022 17:31 WIB","\-

Dua orang pencuri sepeda motor ditangkap petugas kepolisian. Salah satu di
antaranya tewas diduga kecelakaan saat kabur usai melakukan aksinya.

""Satu orang meninggal benar. Cuma kita belum bisa pastikan dia ditabrak atau
tidak, masih dalam proses penyelidikan. Satu lagi diamankan di polsek,"" kata
Kanit Reskrim Polsek Beringin Iptu Randy Anugrah Putranto kepada , Selasa
(17/5/2022).

Randy menyebutkan kedua terduga pelaku pencurian itu adalah Suriono (40) dan
Somat (42) yang meninggal dunia. Keduanya merupakan warga Kecamatan Beringin.

  

Randy menjelaskan pada Senin (16/5), diketahui terjadi pencurian di Dusun Bina
Karya, Desa Pasar V Kebun Kelapa Kecamatan Beringin, Deli Serdang, Sumatera
Utara.

Peristiwa terjadi saat sepeda motor milik RA (58) rusak, kedua pelaku lewat
dan berhenti. Lalu, mereka memberikan uang kepada RA sebanyak Rp 5 ribu untuk
membeli minyak.

Setelah RA kembali dari membeli minyak, dia melihat sepeda motornya didorong
oleh pelaku. Lalu, RA berteriak dengan mengatakan maling.

Warga pun datang lalu mengejar pelaku bersama RA. Mereka berhasil
memberhentikan Suriono sementara Somat melarikan diri.

Setelah saksi mengejar, pertengahan jalan Somat terjatuh di Desa Emplasmen
Kualanamu karena diduga terjadi kecelakaan sehingga meninggal dunia di tempat.

""Belum bisa kita pastikan dia ditabrak atau nggak. Iya benar (terduga pencuri
motor),"" tambah Randy.

Akibat perbuatannya pelaku terancam dijerat Pasal 363 ayat 1 ke 4e KUHP.

  
  
  
[Gambas:Video 20detik]  

 ",www.detik.com
Duit Pegawai Bengkel untuk Berobat Kakaknya Raib dalam 15 Menit,"Kamis, 14 Apr 2022 04:22 WIB","\-

Aksi pembobolan terjadi di sebuah bengkel di Jalan Raya KH Abdul Halim,
Kabupaten Majalengka. Aksi ini terekam kamera CCTV. Pelaku mengincar uang yang
tersimpan di dalam bagasi jok motor.

Dari kamera CCTV, aksi pencurian ini terjadi di tengah siang bolong atau
tepatnya pada pukul 11.11 WIB, Rabu (13/4/2022). Pelaku nekat membobol uang
sebesar Rp 7 juta yang disimpan oleh korban di dalam bagasi jok motor.

Korban dalam kejadian ini adalah seorang karyawan bengkel bernama Samidi (54).
Korban sekaligus warga Desa Leuwikidang, Kecamatan Kasokandel itu, merupakan
karyawan di bengkel tersebut.

  

Dilihat , pelaku terlihat berjumlah dua orang. Mereka berboncengan menggunakan
sebuah sepeda motor bebek. Kedua pelaku mempunyai peran masing-masing, satu
berperan sebagai eksekutor dan satu berperan sebagai joki.

Sebelum beraksi, nampak gerak-gerik pelaku juga sudah mencurigakan dari
pertama kali singgah di bengkel tersebut. Pasalnya, saat berhenti di bengkel,
pelaku eksekutor tengah mengawasi situasi di sekitar bengkel.

Diceritakan pemilik bengkel, Muhamad Zen (61), dia sempat melihat aksi
pencurian ini. Ini berawal dari saat melihat gerak-gerik seseorang yang
mencurigakan berdiri di dekat motor korban. Seperti yang terekam kamera CCTV.
Pelaku, kata Zen, nampak memperhatikan situasi sekitaran bengkel.

""Pas saya lagi merhatiin, dia enggak tahu saya lagi berdiri di sebelah sini
(pojok kiri bengkel), dia cuma lihat ke arah karyawan yang di sana (pojok
kanan). Karena anak-anak ngumpul duduk di sana,"" jelas Zen kepada .

Setelah merasa aman melihat situasi sekitaran bengkel, pelaku langsung nekat
membobol bagasi jok motor milik Samidi. Secara spontanitas Zen yang pertama
melihat aksi pencurian itu langsung teriak.

""Dia narik jok, nunduk, dibuka, langsung ngambil uang ke dalem kresek. Begitu
saya teriak, anak-anak (karyawan) bangun semua langsung ngejar dia (pelaku),
dia langsung lari, loncat menuju motor, langsung kabur. Dikejar sama anak-anak
tuh udah jauh sekali jaraknya,"" papar dia.

Dijelaskannya, sebelum kejadian, korban bernamaSamidi itu, baru saja mengambil
uang dari ATM. Namun nahas, selang 15 menit setelah dari ATM, uang yang
disimpanSamidi di dalam bagasi jok motor itu langsung digasak pencuri.

""Ngambil uang, Rp 7 juta. Saya juga omelin karyawan saya kenapa ambil uang ke
ATM, ditaruh di jok motor. Ya, jarak seperempat jam lah setelah nyimpen uang
itu,"" kata dia.

Ia mencurigai pelaku telah mengikuti karyawannya sejak dari ATM setelah
pengambilan uang. Pasalnya, pelaku mengetahui uang yang disimpan berada di
dalam kantong kresek.

""Anehnya itu kok dia biasa tahu uang di dalam kresek. Kreseknya enggak
diambil. Di bawah kresek itu, ada dompet. Di dompet itu ada uang lagi Rp 1,5
juta. Kemungkinan besar dikintil (dibuntuti),"" ujarnya.

Menurutnya, uang yang digasak pelaku itu diambil korban untuk biaya pengobatan
kakaknya yang sedang sakit. ""Kakaknya tuh sakit, mau berobat, pinjem ke dia.
Dia ambil uang tuh untuk pinjemin kakakknya,"" ucapnya.

 ",www.detik.com
Cerita Pemuda Bandung Sempoyongan Usai Ditusuk Begal Sadis,"Rabu, 11 Mei  2022 13:26 WIB","\-

Seorang begal sadis pemuda di Bandung diringkus polisi. Pelaku bernama Rizal
Ardana (22) nekat menusuk korban demi mendapatkan ponsel.

Kasus bermula saat korban Husni Lubis (22) berjalan kaki di Jalan Sukarajin,
Kecamatan Cibeunying Kidul, Kota Bandung pada malam takbiran atau Senin
(2/5/2022) dini hari. Korban saat itu berpapasan dengan dua pelaku yang
menggunakan satu sepeda motor.

""Ketika berpapasan, tersangka balik lagi menghampiri korban. Kemudian meminta
korban menyerahkan HP kepada tersangka,"" ujar Kapolrestabes Bandung Kombes
Aswin Sipayung di Mapolsek Cibeunying Kidul, Jalan Ahmad Yani, Kota Bandung,
Rabu (11/5/2022).

  

Saat itu, korban berusaha mempertahankan ponselnya. Namun, pelaku tiba-tiba
mengeluarkan senjata tajam dan menusuk tubuh korban.

""Karena korban berusaha mempertahankan, sehingga terjadi tarik menarik dan
tersangka mengeluarkan sajam, langsung menusuk bagian tubuh korban sehingga
korban terjatuh dan tersangka mengambil ponsel dari saku pakaian korban,""
katanya.

Usai melakukan aksinya, pelaku kabur ke arah Jalan Katamso. Sedangkan di sisi
lain, korban yang dalam keadaan terluka berjalan sempoyongan hingga diketahui
warga.

""Korban berjalan ke ujung gang, kemudian ditolong oleh warga ke Rumah Sakit,""
jelasnya.

Pelaku yang kabur terendus polisi. Pelaku berhasil diamankan oleh tim Polsek
Cibeunying Kidul pada Minggu (8/5) lalu.

Sementara itu, Husni Lubis mengaku kondisinya saat ini sudah membaik.
Sebelumnya, dia sempat mendapat perawatan di rumah sakit usai ditusuk begal.

""Kondisi alhamdulillah dalam tahap pemulihan,"" kata dia.

Dia turut berterima kasih atas upaya polisi menangkap para pelaku. Dia
berharap kejadian serupa tak terulang lagi di kemudian hari.

""Semoga kejadian ini ke depan tidak akan terulang lagi untuk semua warga
Bandung,"" tuturnya.

Sementara itu, dalam kasus itu seorang tersangka ditangkap oleh aparat Polsek
Cibeunying Kidul, yaitu Rizal Ardana, pada Minggu (8/5/2022). Dalam aksinya,
Rizal berperan sebagai penusuk korban.

Sedangkan satu tersangka lagi masih buron. Dalam aksinya, buronan ini bertugas
mengemudikan sepeda motor.

Atas perbuatannya, polisi menjerat pelaku dengan Pasal 365 KUHPidana. Ancaman
hukuman di atas 5 tahun penjara.

  
  
  
[Gambas:Video 20detik]  

 ",www.detik.com
Polisi Ungkap Total Uang Waka DPRD Bone yang Dicuri Tetangga Rp 820 Juta,"Senin, 30 Mei  2022 16:00 WIB","\-

Polisi memberi kabar terbaru kasus pencurian uang milik Wakil Ketua DPRD Bone
Andi Wahyudi Taqwa oleh tetangganya. Dari Rp 1,2 miliar yang disembunyikan
Andi Taqwa, total Rp 820 juta telah dicuri oleh tetangganya.

Uang itu dicuri oleh 5 orang tersangka yang masing-masing berinisial RA (16),
DR (19), SY (25), dan MA (17), dan FA (17). Uang Rp 820 juta itu digunakan
untuk membeli ponsel merek IPhone, membeli chip, foya-foya, hingga membeli
sabu.

""Dari hasil pengembangan uang itu digunakan untuk narkotika, dan taruhan
balapan liar sampai ratusan juta. Mereka balapan sudah sebanyak 20 kali, dan
taruhan paling minimal Rp5 juta,"" kata Kanit Reskrim Polsek Tanete Riattan AKP
Nurhayati kepada wartawan Senin (30/5/2022).

  

![Konferensi pers polisi soal kasus pencurian uang Rp 820 juta milik Wakil
Ketua DPRD Bone Andi Wahyudi Taqwa oleh tetangganya.
\(Agung/detikSulsel\)](https://akcdn.detik.net.id/community/media/visual/2022/05/30/konferensi-
pers-polisi-soal-kasus-pencurian-uang-rp-820-juta-milik-wakil-ketua-dprd-bone-
andi-wahyudi-taqwa-oleh-tetangganya-a-4_169.jpeg?w=620)Foto: Konferensi pers
polisi soal kasus pencurian uang Rp 820 juta milik Wakil Ketua DPRD Bone Andi
Wahyudi Taqwa oleh tetangganya. (Agung/detikSulsel)  
  
---  
  
Nurhayati menyebut, uang ini Rp 1,2 miliar awalnya. Korban sekali menyimpan Rp
50 juta, dan terakhir kalinya ditambahkan pada tahun 2016.

""Uang itu hasil pembayaran proyek dermaga Bajoe pada tahun 2011 yang ditabung
terus. Bulan maret baru diketahui korban kalau uangnya hilang setelah kembali
dari luar kota. Salah satu pelakunya adalah sopirnya juga,"" tambahnya.

![Konferensi pers polisi soal kasus pencurian uang Rp 820 juta milik Wakil
Ketua DPRD Bone Andi Wahyudi Taqwa oleh tetangganya.
\(Agung/detikSulsel\)](https://akcdn.detik.net.id/community/media/visual/2022/05/30/konferensi-
pers-polisi-soal-kasus-pencurian-uang-rp-820-juta-milik-wakil-ketua-dprd-bone-
andi-wahyudi-taqwa-oleh-tetangganya-a-3_169.jpeg?w=620)Foto: 3 Pelaku (berbaju
orange) pencurian uang Rp 820 juta milik Wakil Ketua DPRD Bone Andi Wahyudi
Taqwa. (Agung/detikSulsel)  
  
---  
  
Merasa kurang puas, kelima pelaku datang kembali ke rumah korban di Jalan
Sungai Musi, Kelurahan Ta, Kecamatan Tanete Riattang dan mengambil uang secara
bertahap yang totalnya Rp752,7 juta.

Kapolsek Tanete Riattang Kompol Andi Iqbal menjelaskan, pelaku mengambil uang
dari periode Desember 2021 sampai Januari 2022. Empat orang beraksi ke dalam
gudang, sedangkan satu orang yang berjaga di pintu.

""Setelah mengambil uang tersebut maka pelaku yang masuk ke gudang membagi uang
tersebut kepada tersangka lainnya,"" ucapnya.

Polisi mengamankan uang tunai sebesar Rp 30 juta uang pecahan Rp 100 ribu
cetakan 2011, 1 telepon merek iphone XR, dua motor honda beat, perlengkapan
balapan, dan pakaian bermerek. Polisi menerapkan pasal 363 ayat 1 Ke-3e dan 4e
KUHPidana tentang pencurian.

""Kami ancam hukuman 5 tahun penjara,"" jelas Iqbal.

![Konferensi pers polisi soal kasus pencurian uang Rp 820 juta milik Wakil
Ketua DPRD Bone Andi Wahyudi Taqwa oleh tetangganya.
\(Agung/detikSulsel\)](https://akcdn.detik.net.id/community/media/visual/2022/05/30/konferensi-
pers-polisi-soal-kasus-pencurian-uang-rp-820-juta-milik-wakil-ketua-dprd-bone-
andi-wahyudi-taqwa-oleh-tetangganya-a-1_169.jpeg?w=620)Foto: Barang bukti
pencurian uang Rp 820 juta milik Wakil Ketua DPRD Bone Andi Wahyudi Taqwa.
(Agung/detikSulsel)  
  
---  
  
Sebelumnya diberitakan, Wakil Ketua DPRD Bone Andi Wahyudi Taqwa terungkap
menyembunyikan uang Rp 1,2 miliar di gudang rumahnya agar tidak ketahuan oleh
istrinya. Namun sayang, Rp 640 juta dari uang yang disembunyikan tersebut
malah dicuri oleh tetangga Andi Taqwa.

""Uang (Rp 1,2 M) ini disimpan di gudang karena tidak ingin diketahui
istrinya,"" kata Kapolsek Tanete Riattang Kompol Andi Ikbal kepada wartawan,
Senin (30/5).

![Konferensi pers polisi soal kasus pencurian uang Rp 820 juta milik Wakil
Ketua DPRD Bone Andi Wahyudi Taqwa oleh tetangganya.
\(Agung/detikSulsel\)](https://akcdn.detik.net.id/community/media/visual/2022/05/30/konferensi-
pers-polisi-soal-kasus-pencurian-uang-rp-820-juta-milik-wakil-ketua-dprd-bone-
andi-wahyudi-taqwa-oleh-tetangganya-a-2_169.jpeg?w=620)Foto: Konferensi pers
polisi soal kasus pencurian uang Rp 820 juta milik Wakil Ketua DPRD Bone Andi
Wahyudi Taqwa oleh tetangganya. (Agung/detikSulsel)  
  
---  
  
Ikbal mengungkapkan, uang Rp 1,2 M yang disembunyikan di gudang tersebut
merupakan hasil pembayaran proyek Dermaga Bajoe pada tahun 2011 yang ditabung.
Saat itu Andi Taqwa ada kerjasama suplai material dengan pemegang proyek.

""Semua tercatat dalam rekening koran PT Suwatri yang merupakan kerjasama
suplai material di Dermaga Bajoe. Kalau ketahuan istrinya uang tersebut tak
dapat disimpan lama,"" tambahnya.

  
  
  
[Gambas:Video 20detik]  

 ",www.detik.com
"Pembegal Amaq Sinta Berbicara di Hadapan Wartawan, Ini Katanya","Rabu, 20 Apr 2022 09:19 WIB","\-

Salah satu dari dua pembegal Amaq Sinta yang kini berstatus tersangka
dihadirkan di hadapan wartawan di Mapolda Nusa Tenggara Barat (NTB) pada Senin
(18/4/2022) lalu. Pelaku begal atas nama Wahid itu sengaja digiring polisi ke
hadapan wartawan saat menggelar jumpa pers terkait update perkembangan kasus
begal yang sempat menjadi sorotan itu.

Di hadapan wartawan, Direktur Kriminal Umum Kepolisian Daerah Nusa Tenggara
Barat (Polda NTB), Komisaris Besar Hari Brata, sempat menanyakan beberapa
pertanyaan kepada Wahid.

Hari Brata sempat menunjukkan sebuah pedang milik Wahid sembari bertanya,
""Kamu bawa ini?""

  

""Iya,"" jawab Wahid lirih sambil mengangguk.

""Gimana (caranya) kamu bawa ini,"" tanya Kombes Hari.

""Dipegang,"" kata Wahid

""Di motor?"" tanya Kombes Hari lagi.

""Iya di motor,"" jawab Wahid.

Karena ukuran pedang yang lumayan panjang, Kombes Hari nampaknya penasaran
dengan cara Wahid membawa pedang itu.

""Di mana kamu bawanya, di samping, atau di tengah, atau gimana?"" tanya Hari.

""Di tengah,"" jelas Wahid.

Kombes Hari lantas menanyakan tentang perencanaan aksi begal tersebut. W
menjawab bahwa aksi itu direncanakan di pasar,

""Di pasar,"" kata Wahid.

Saat ditanya dengan siapa saja perencanaan itu dilakukan, Wahid menjawab ""Sama
teman, Pendi dan Oki.""

Dalam keterangannya, Kombes Hari menyebut aksi begal pada Minggu (10/4/2022)
itu dilakukan empat orang. Dua diantara para pelaku telah tewas di tangan Amaq
Sinta, korban begal yang sebelumnya sempat dijadikan tersangka pembunuhan
akibat aksinya melumpuhkan dua begal atas nama Pendi dan Oki tersebut.

Polda NTB sendiri saat ini telah menahan dua pelaku begal lainnya, Wahid dan
H. Belakangan diketahui bahwa pelaku H masih di bawah umur. Usianya baru 17
tahun.

Keduanya bakal dijerat pasal 365 KUHP tentang pencurian dengan kekerasan
dengan ancaman maksimal 12 tahun penjara.

Kasus begal dengan korban Amaq Sinta sempat menjadi sorotan karena keputusan
penyidik Polres Lombok Tengah yang justru menetapkan Amaq Sinta yang merupakan
korban begal sebagai tersangka pembunuhan. Itu karena saat menghadapi begal
begal tersebut, Amaq Sinta melakukan pembelaan diri dengan pisau yang
dibawanya hingga menewaskan dua dari empat orang begal.

Namun Polda NTB yang mengambil alih kasus itu akhirnya memutuskan menghentikan
penyidikan atas kasus Amaq Sinta sebagai tersangka pembunuhan. Kini Amaq Sinta
sudah tidak lagi menyandang status tersangka. Namun petani asal Lombok Tengah
itu masih harus berurusan dengan polisi sebagai saksi korban atas kasus
pembegalan itu.

  
  
  
[Gambas:Video 20detik]  

 ",www.detik.com
Penampakan Lokasi 9 Begal Serang 2 Anggota TNI di Kebayoran Baru,"Senin, 09 Mei  2022 15:41 WIB","\-

Dua anggota TNI menggagalkan aksi sembilan begal di sekitar SMPN 29, Kebayoran
Baru, Jakarta Selatan. Begini kondisi di lokasi peristiwa tersebut.

Pantauan di SMPN 29, Jakarta Selatan, Senin (9/5/2022), badan jalan tepatnya
di Jalan Bumi itu hanya digunakan satu jalur yang mengarah ke Taman Puring dan
Blok M. Tampak badan jalan tidak terlalu lebar.

Arus lalu lintas di siang hari nampak ramai lancar, sedangkan di sisi sebelah
kanan terpantau sepi. Tak terlihat banyak pedagang yang berjualan di sekitar
sekolah.

Sebelumnya, TNI menyatakan dua serdadunya telah menggagalkan aksi sembilan
orang begal di dekat Pasar Kebayoran Baru, Jakarta Selatan. Awalnya, begal
mencoba menyerang dua prajurit TNI.

Dilansir situs resmi TNI Angkatan Darat, diakses pada Senin (9/4), peristiwa
ini terjadi di dekat Pasar Kebayoran Baru pada Sabtu (7/5), sekitar pukul
05.15 WIB sesudah subuh.

""Sembilan pelaku begal tersebut diduga salah sasaran dengan menyerang dua
prajurit TNI saat menuju perjalanan pulang ke Batalion Arhanud 10/ABC Bintaro
Jakarta Selatan, usai berbelanja di Pasar Kebayoran Baru,"" tulis TNI AD.

Dua prajurit TNI itu berasal dari Batalyon Artileri Pertahanan Udara
(Yonarhanud) 10/ABC. Mereka berdua adalah Prada Junior Noval dan Prada Ardian
Sapta Savela. Dua serdadu itu baru selesai membeli kebutuhan pokok untuk
dimasak di dapur dan hendak kembali ke markas Arhanud 10/ABC.

Di sekitar SMPN 29 Jakarta Selatan, tiga pengendara sepeda motor berjumlah 9
orang diduga begal kemudian menyerang dua anggota TNI itu. Para begal mencoba
menghentikan kendaraan sepeda motor Prada Junior Noval dan Prada Ardian. Salah
satu pelaku sempat melempar batu.

Mendapat serangan tanpa sebab, korban yang merupakan anggota TNI melakukan
perlawanan dengan menendang salah satu motor pelaku yang memepet motor kedua
prajurit tersebut hingga terjatuh. Pelaku jatuh dari sepeda motornya. Dua
prajurit TNI AD itu kemudian berbalik melakukan perlawanan.

[Gambas:Video 20detik]

  
  

 ",www.detik.com
5 Saksi Diperiksa Terkait Dugaan Bocah Sulut Perkosa Siswi SMP di Kuburan,"Sabtu, 11 Jun 2022 01:41 WIB","\-

Polisi sudah memeriksa 5 saksi terkait kasus pemerkosaan seorang bocah
berinisial NK (14) terhadap siswi SMP berusia 13 tahun di Minahasa Selatan
(Minsel), Sulawesi Utara (Sulut). Aksi bejat NK dengan merekam video
pemerkosaan dan diviralkan itu dilakukan di kuburan.

""Sudah 5 saksi yang diperiksa, 2 belum karena mengikuti ujian semester,"" kata
Kasat Reskrim Polres Minahasa Selatan Iptu Lesly Lihawa kepada , Jumat
(10/6/2022).

Lesly mengatakan kelima saksi tersebut masih belum cukup untuk mengumpulkan
bukti-bukti yang kuat. Pihaknya masih menunggu 2 saksi lainnya untuk
melengkapi keterangannya.

  

Hanya saja, keduanya tak bisa datang ke Polres karena masih mengikuti ujian
semester sehingga Jumat (10/6). Pihaknya berencana ke mendatangi saksi untuk
meminta keterangan.

""Cuman _torang_ (kami) kendala di saksi-saksi tidak bisa ke Polres jadi
_torang_ mesti ke Modoinding (alamat saksi) untuk pemeriksaan karena saksi-
saksi korban _pe_ (punya) teman masih belum bisa hadir karena alasan ujian
semester,"" ujarnya.

Lesly menjelaskan pihaknya sudah mengantongi hasil Visum Et Repertum (VER)
terhadap korban dari Puskesmas. Kini tinggal menunggu keterangan beberapa
saksi untuk melengkapi buktinya.

""Perkembangan sudah keluar visum dari Puskesmas Modoinding,"" bebernya.

Kasus ini pun sudah ditingkatkan ke tahap penyidikan. Selanjutnya polisi akan
memanggil NK. Namun saat ini, status NK masih terlapor.

""Nanti _so_ kelar (selesai) periksa baru bisa penentuan status,"" pungkasnya.

Sebelumnya diberitakan, polisi mengungkap fakta baru kasus dugaan pemerkosaan
seorang bocah berinisial NK (14) terhadap siswi SMP berusia 13 tahun di
kuburan. Pelaku NK juga terungkap merekam video pemerkosaan dan diviralkan.

NK terungkap memperkosa korban di sebuah kompleks pekuburan di Desa Bongkudai
Baru dan Desa Pinasungkulan, Kabupaten Minahasa Selatan sekitar pukul 17.30
Wita pada Kamis (7/4). Selanjutnya korban direkam video saat pemerkosaan
berlangsung.

""Beberapa hari kemudian hasil rekaman itu dikirimkan terlapor (pelaku) kepada
teman-teman terlapor sehingga video tersebut viral di media sosial,"" kata
Kasat Reskrim Polres Minahasa Selatan Iptu Lesly Lihawa kepada , Rabu (25/5).

  
  
  
[Gambas:Video 20detik]  

 ",www.detik.com
"Tiga Sahabat Curi Motor, Dua Ditangkap Polisi-Satu Tewas Dimassa","Minggu, 14 Nov 2021 15:53 WIB","\- Tiga pemuda di Surabaya ini nekat mencuri motor. Namun aksi tiga sahabat
ini gagal. Dua pemuda diamankan polisi dan satu orang tewas di lokasi karena
dimassa.

Kejadian tersebut terjadi di kawasan Jalan Tanah Merah, Surabaya pada 23
Agustus lalu, sekitar pukul 02.00 WIB. Ketiga pelaku curanmor itu adalah RAN,
RZ, dan HER.

Aksi pencurian itu diketahui warga. Nahas bagi HER yang tertangkap dan
akhirnya tewas di lokasi usai dimassa. Sedangkan dua pelaku lain yakni RAN dan
RZ berhasil melarikan diri.

Kanit Reskrim Polsek Kenjeran Iptu Suryadi mengatakan ketiga pelaku merupakan
sahabat. Mereka merencanakan pencurian motor dengan janjian bertemu di sebuah
warung kopi di Jalan Randu.

""Sebelumnya mereka janjian mencari target operasi, kemudian berputar.
Selanjutanya yang satu mengawasi dan yang dua pelaku bagian metik
(eksekutor),"" kata Suryadi kepada detikcom, Minggu (14/11/2021).

Ketika mendapatkan target, mereka kemudian melakukan pencurian motor milik
warga di Jalan Tanah Merah. RAN dan RZ mencuri dengan menggunakan kunci T. Dan
HER mengawasi lokasi.

Setelah berhasil mencuri motor tersebut, mereka bertiga kemudian kabur. Namun,
aksi mereka diketahui warga.

""Kemudian kedua pelaku lari, yang satu pelaku tidak sempat melarikan diri.
Kemudian dikejar, dimassa, meninggal di situ (di lokasi),"" ungkap Suryadi.

Kemudian, petugas mendatangi lokasi dan melakukan serangkaian penyelidikan.
Akhirnya kedua pelaku RAN dan RZ yang sempat melarikan diri, diringkus pada 27
Oktober di Jalan Pogot Baru, Surabaya sekitar pukul 03.00 WIB.

""Kita tangkap akhir Oktober kemarin,"" ujar Suryadi.

Dari aksi curanmor yang dilakukan oleh pelaku, polisi mengamankan sejumlah
barang bukti yakni kunci T , satu unit motor. Atas kejahatan yang dilakukan,
para pelaku terancam dijerat Pasal Pasal 363 Ayat (1) ke 4 dan ke 5 KUHPidana.

[Gambas:Video 20detik]

  
  

 ",www.detik.com
"Polda Jateng Sita Barbuk 304 Mobil-Motor, Warga Kehilangan Bisa Cek","Selasa, 02 Nov 2021 13:31 WIB","\-

Polda Jawa Tengah menangkap 325 pelaku kejahatan dan 304 barang bukti curian
berupa motor dan mobil dalam giat Operasi Candi Sikat Jaran. Polisi meminta
warga yang merasa kehilangan kendaraannya bisa mengecek ke Polda Jateng atau
polres masing-masing.

Kapolda Jawa Tengah, Irjen Ahmad Luthfi mengatakan total tersangka yaitu 325
orang, dengan rincian laki-laki 318 orang, perempuan 6 orang, dan usia anak 1
orang.

""Kita berhasil amankan 325 tersangka,"" kata Luthfi di Mapolda Jateng, Selasa
(2/11/2021).

Luthfi menjelaskan berbagai barang bukti yang disita yakni mulai dari 9 bilah
parang, uang tunai Rp 150 juta, perhiasan 763 gram, dan ponsel 99 unit. Lalu
laptop 21 unit dan ratusan kendaraan.

""Ungkap 304 kendaraan bermotor. Roda dua ada 287, roda empat ada 14 unit serta
tiga unit truk,"" jelasnya.

Luthfi meminta masyarakat yang pernah merasa kehilangan motor bisa menanyakan
ke kantor polisi atau langsung datang ke Polda Jateng. Kendaraan tersebut bisa
diambil kembali dengan menunjukkan bukti dokumen asli dan tidak dipungut
biaya.

""Kepada masyarakat Jateng merasa kehilangan tolong koordinasi dengan Jatanras
atau Krimum atau Bid Humas. Dengan membawa dokumen, masyarakt bisa cocokkan
dan ambil,"" ujar Luthfi.

Luthfi menyebut kasus pencurian yang menonjol yakni pencurian mobil mewah
Rubicon. Pelaku ditangkap dan barang bukti mobil sudah dikembalikan ke
pemiliknya.

""Yang menonjol ini ada satu kita ungkap jaringan (pencurian) mobil mewah,""
tegas Luthfi.

Pemilik mobil mewah tersebut merupakan pegawai perusahaan BUMN, Feri, turut
hadir dalam rilis hari ini. Feri secara simbolis menerima barang bukti
tersebut bersama korban lainnya.

""Terima kasih kepada Jatanras Polda Jateng, ini masih utuh alhamdulillah,""
kata Feri.

Sejumlah barang bukti kendaraan belum diketahui pemiliknya, salah satunya
mobil Fortuner hitam. Dirkrimum Polda Jateng, Kombes Djuhandani mengatakan
mobil Fortuner tersebut berkaitan juga dengan jaringan pencurian mobil mewah.

""Iya ini belum diketahui pemiliknya,"" kata Djuhandani.

[Gambas:Video 20detik]

  
  

 ",www.detik.com
"AKP DK Buka Suara, Jelaskan Alasan Laporkan Mertua soal Dugaan Pencurian","Rabu, 25 Mei  2022 20:51 WIB","\-

AKP DK buka suara terkait laporan dirinya terhadap mertuanya, Nurmila
Sangadji, atas dugaan pencurian. AKP DK melalui kuasa hukumnya, Nefton Alfares
Kapitan, menjelaskan alasan melaporkan Nurmila dan adik iparnya, Claudia, atas
dugaan pencurian barang-barang milik almarhum istri, Iptu CS, yang juga anak
dari Nurmila itu.

Untuk diketahui, Iptu CS meninggal dunia akibat penyakit leukemia yang
dideritanya. CS meninggal dunia pada Desember 2021.

""Setelah 40 hari meninggalnya almarhumah istri DK, tanggal 23 Januari 2022
telah disepakati bahwa mertua dan adik ipar meninggalkan rumah dengan baik-
baik, sementara selanjutnya yang tinggal di rumah dan merawat anak-anak DK
adalah orang tua kandung DK,"" ujar kuasa hukum DK, Nefton Alfares Kapitan,
dari kantor hukum RAKA, dalam keterangan kepada , Rabu (25/5/2022).

Kemudian, pada 24 Januari 2022 setelah DK pergi ke kantor, mertua dan adik
ipar tanpa izin masuk ke kamar pribadi DK dan mengambil barang-barang milik
almarhumah tanpa izinnya. Barang-barang yang diambil antara lain perhiasan,
sepatu, pakaian, peralatan mandi, parfum, dll.

""Setelah itu, mertua dan adik ipar pergi meninggalkan rumah, itu pun dengan
baik-baik dan dibekali makanan oleh orang tua kandung DK,"" ujarnya.

Tiga hari kemudian setelah DK pulang ke rumah dan hendak mandi, ia mendapati
peralatan di kamar mandi sudah tidak di tempatnya.

""Saat DK akan membersihkan diri/mandi, ternyata sabun mandi tidak ada, _hand
body_ yang biasa digunakan juga tidak ada,"" imbuhnya.

DK lalu memeriksa lemari pakaiannya. Betapa kagetnya ia ketika mendapati
pakaian almarhumah istri, perhiasan, sepatu, parfum dan lain-lain sudah tidak
ada.

""Barang-barang pribadi milik almarhumah ini menurut DK memiliki nilai sejarah
dengan almarhumah istri. Itu DK yang membelikan untuk almarhumah istri,""
lanjutnya.

Setelah mengetahui barang-barang milik almarhumah sudah lenyap, DK lalu
mencoba menanyakan kepada mertua perempuannya. Ia juga mencoba mengkonfirmasi
kepada adik ipar.

""DK sudah mencoba komunikasi dengan baik kepada mertua perempuan, tetapi
justru dibodoh-bodohkan, kemudian konfirmasi kepada adik ipar juga tidak ada
balasan sama sekali,"" katanya.

Saat itu, DK masih menimbang-nimbang untuk membuat laporan polisi atau tidak
karena ini berkaitan dengan keluarga. Namun DK akhirnya memutuskan lapor
polisi setelah dirinya disomasi oleh adik iparnya.

""Namun, justru pada tanggal 23 Februari 2022, DK mendapat somasi dari pihak
_lawyer_ dari adik ipar, yang membuat DK pada 26 Februari 2022 menentukan
pilihan untuk menempuh jalur hukum membuat laporan polisi dengan laporan
pencurian,"" tuturnya.

 _Baca di halaman selanjutnya: mertua AKP DK laporkan penyidik Polda Metro ke
Propam Mabes Polri_

[Gambas:Video 20detik]

Selanjutnya __

Halaman

1  2

 ",www.detik.com
Biadab! 8 Pemuda Jepara Perkosa Gadis ABG Bergiliran,"Rabu, 06 Apr 2022 11:40 WIB","\-

Seorang gadis anak baru gede (ABG) berusia 15 tahun di Kabupaten Jepara, Jawa
Tengah, menjadi korban perkosaan sekelompok pemuda. Gadis itu diperkosa
bergiliran oleh delapan orang selama dua hari.

Perkosaan tersebut diketahui oleh salah satu teman korban yang akhirnya
melapor ke keluarga ABG itu. Saat ini sebagian pelaku sudah ditangkap dan
ditetapkan sebagai tersangka.

Kasat Reskrim Polres Jepara, AKP M Fachrur Rozi menyebut bahwa perkosaan itu
terjadi pada Maret lalu.

""Kejadian pada Jumat (18/3) dan Sabtu (19/3) lalu,"" kata Rozi dalam
keterangannya kepada wartawan, Rabu (6/4/2022).

Menurutnya, para pelaku memaksa dan mencekoki gadis ABG itu dengan minuman
keras. Setelah mabuk, delapan pemuda itu lantas memperkosa korban secara
bergiliran.

""Modus para tersangka melakukan bujuk rayu kemudian memaksa hingga membuat
mabuk korban, hingga akhirnya korban disetubuhi oleh para tersangka,"" terang
dia.

Kasus ini terungkap setelah keluarga korban mendapatkan laporan dari teman
korban. Orang tua korban pun kemudian melaporkan kepada polisi.

""Pada hari Selasa (22/3) salah satu keluarga korban diberitahu oleh temannya
bahwa korban telah disetubuhi oleh para tersangka, kemudian keluarga korban
mencari para tersangka dan membawa tersangka ke Polres Jepara untuk diproses
lebih lanjut,"" ungkap Rozi.

Saat ini, lima dari delapan pemuda pelaku perkosaan sudah ditangkap dan
mendekam di tahanan. Mereka inisial AA (18), MA (18), MS (18), AS (16), dan MF
(18).

Sementara tiga pelaku lain saat ini masih dalam pengejaran.

Para pelaku disangka melanggar Undang-Undang tentang Perlindungan Anak dan
terancam hukuman hingga maksimal 15 tahun penjara.

  
  
  
[Gambas:Video 20detik]  

 ",www.detik.com
Pencuri di 3 Rumah Kompleks Perumahan Cepu Ditangkap Polisi,"Rabu, 13 Apr 2022 17:41 WIB","\-

Menyatroni tiga rumah kompleks perumahan di Cepu, Kabupaten Blora, pria
inisial THK (30) diamankan polisi. Kapolsek Cepu AKP Agus Budiana mengatakan
pria warga Bojonegoro itu melakukan tindak pidana pencurian dengan pemberatan.

""Kasus ini terungkap atas dasar laporan masyarakat sekaligus korban yang
mengadu ke Polsek Cepu,"" kata Agus saat dihubungi , Rabu (13/4/2022).

Agus menjelaskan awalnya korban kehilangan sebuah pompa air yang berada di
halaman rumah. Selang beberapa hari korban kembali kehilangan beberapa perabot
rumah tangga.

""Seperti kipas angin, setrika bahkan dua tabung gas 3 kg turut diembat
pelaku,"" ungkapnya.

""Setelah kita lakukan penyelidikan, akhirnya pelaku diketahui berinisial THK.
Dan pelaku diamankan saat berada di rumah kontrakannya di kampung Megalrejo
Balun,"" tambah Agus.

Agus menambahkan, tak butuh waktu lama bagi petugas untuk mengamankan pelaku
yang tengah santai berada di dalam rumah kontrakan. Dalam penangkapan tersebut
tidak ada perlawanan dari pelaku.

Setelah dilakukan pemeriksaan oleh petugas, pelaku mengaku bahwa telah
melakukan tindakan yang sama pada dua rumah yang berbeda namun masih pada
lokasi di perumahan Kelurahan Balun Cepu.

""Setelah didalami pelaku telah menyatroni total di tiga rumah berbeda tapi
masih dalam satu kompleks,"" ungkapnya.

Kerugian total dari para korban sekitar Rp 2,9 juta. Untuk
mempertanggungjawabkan perbuatannya, pelaku dijerat Pasal 363 KUHP yaitu
tindak pidana pencurian dengan pemberatan dengan ancaman pidana maksimal tujuh
tahun penjara.

  
  
  
[Gambas:Video 20detik]  

 ",www.detik.com
"Bejat! Paman di Wajo Tega Cabuli Ponakan Berusia 4 Tahun, Pelaku Ditangkap","Kamis, 31 Mar 2022 11:24 WIB","\-

Polisi menangkap SY (44) di Kecamatan Pammana, Kabupaten Wajo, Sulawesi
Selatan (Sulsel) atas aksi bejatnya yang tega mencabuli bocah berinisial RA
(4). Korbannya merupakan keponakan pelaku sendiri.

""Betul, pelaku telah melakukan tindak pidana persetubuhan dan perbuatan cabul
terhadap korban yang merupakan keponakannya sendiri,"" kata Kapolres Wajo AKBP
Muhammad Islam kepada Kamis (31/3/2022).

Islam menyebutkan, aksi bejat pelaku bermula saat mengajak korban bermain,
lantas menggendongnya masuk dalam rumah Senin (14/3). Kasus pencabulan
terungkap setelah korban menangis mengeluh sakit di bagian alat vitalnya.

  

""Aksi asusila sang paman terungkap saat korban menangis,"" sebut Islam.

Tangisan keras korban didengar tetangga, lalu saksi mendatangi RA di kamar
rumah. Pelaku yang ketahuan langsung pergi meninggalkan rumah tersebut melalui
pintu belakang.

""Salah seorang saksi berinisial HD mendengar tangisan korban dari dalam rumah
dan mencurigai ada yang tidak beres. Kemudian korban menceritakan bahwa
dirinya sudah dicabuli,"" tuturnya.

Polisi menangkap SY tidak lama setelah memperkosa keponakannya. Pelaku
diamankan saat sedang berada di kediamannya di Kecamatan Pammana.

""Pada saat tim resmob sampai di tempat pelaku, tim kami langsung melakukan
penangkapan terhadap pelaku tanpa ada perlawanan. Pelaku kami amankan di
Polres Wajo saat ini,"" bebernya.

Atas perbuatannya pelaku dijerat atas Pasal 76E UU RI Nomor 17 Tahun 2016
tentang Perubahan Kedua atas UU RI Nomor 23 Tahun 2002 tentang Perlindungan
Anak

""Dengan ancaman hukuman minimal 5 tahun penjara dan maksimal 15 tahun
penjara,"" tegas Islam.

  
  
  
[Gambas:Video 20detik]  

 ",www.detik.com
Polisi Ungkap Pengakuan Kepala HRD Perampok Bank soal Utang Rp 5 M,"Sabtu, 09 Apr 2022 16:46 WIB","\-

Kepala HRD bank swasta inisial BS (43) ditangkap setelah merampok Bank BJB
Cabang Fatmawati, Cilandak, Jakarta Selatan, akibat terlilit utang Rp 5
miliar. BS mengaku utang itu untuk mengembangkan usahanya.

""Jadi dia _minjam_ buat pengembangan usaha, dia mau buat besar tempat cuci
mobil sama peternakan ayam,"" kata Kasat Reskrim Polres Metro Jakarta Selatan
AKBP Ridwan Soplanit saat dihubungi, Sabtu (9/4/2022).

Aksi percobaan perampokan BS terjadi pada Selasa (5/4) siang. Namun tindakan
itu digagalkan satpam bank.

Polisi belum membeberkan lokasi bisnis pelaku. Ridwan mengatakan pihaknya saat
ini masih mencari bukti petunjuk lain untuk mencocokkan tiap kesaksian yang
dilontarkan pelaku saat diperiksa penyidik.

""Itu sebatas dia kasih keterangan. Kan kita harus buktikan, makanya kemarin
kita geledah (rumah pelaku). Bertahap ini investigasinya untuk kita sinkronkan
keterangan orang ini,"" jelas Ridwan.

### Rumah BS Digeledah

Polisi telah menggeledah rumah BS (43), pelaku perampokan bank pelat merah di
Cilandak, Jakarta Selatan. Penggeledahan itu untuk memastikan tiap keterangan
yang diberikan oleh pelaku saat diperiksa penyidik.

""Penggeledahan itu kan kita hasil pemeriksaan dengan tersangka, itu kan dari
keterangan dia kita buktikan, kita lengkapi dengan lakukan penggeledahan.
Dengan penggeledahan itu untuk memastikan apakah ada hal-hal yang harus
diamankan atau tidak terkait dengan tindak pidana yang dilakukan,"" kata
Ridwan.

Penggeledahan di rumah BS dilakukan pada Jumat (8/4) siang. Rumah BS yang
digeledah diketahui berada di daerah Tangerang Selatan.

Menurut Ridwan, sejauh ini belum ditemukan adanya hal-hal yang disembunyikan
BS di rumahnya. Barang-barang dari BS di rumah tersebut belum ada yang disita.

""Di sana tujuan kita geledah itu untuk memastikan apakah ada hal-hal lain yang
selama ini dia sembunyikan. Tapi temuan kemarin belum ada ke arah sana. Barang
yang disita belum ada,"" ujar Ridwan.

Sejauh ini polisi menyebut BS sebagai pelaku tunggal dari kasus perampokan
bank tersebut. Namun polisi masih menyelidiki dugaan ada sosok lain yang
terlibat dalam kasus itu.

""(Pelaku) masih tunggal. Kita belum tahu kan yang kayak _gini_ menarik nih.
Bisa saja ada orang-orang lain,"" tutur Ridwan.

Sebelumnya, BS ditangkap atas percobaan perampokan Bank BJB di Cilandak,
Jakarta Selatan. Pria yang mengaku bekerja di bank swasta ini mengaku nekat
merampok lantaran terlilit utang.

""Dia utang di mana-mana, dia utang semuanya Rp 5 miliar. Tapi utangnya beda-
beda orang. Dia ada pinjam ke 12 orang,"" kata Kasat Reskrim Polres Metro
Jakarta Selatan AKBP Ridwan Soplanit saat dihubungi, Kamis (7/4).

[Gambas:Video 20detik]

 ",www.detik.com
Aksi Bejat Pria Perkosa Siswi SMP Bandung di Dalam Angkot,"Kamis, 19 Mei  2022 07:00 WIB","\-

Nahas menimpa pelajar kelas 3 SMP berusia 15 tahun di Kabupaten Bandung Barat
(KBB). Ia jadi korban pelampiasan nafsu bejat seorang pria pada Senin
(9/5/2022).

Pelakunya ialah Deri Aryanto (32), sopir angkutan kota (angkot) jurusan
Cijenuk-Cililin. Aksi bejat itu dilakukan Deri di kawasan Cipongkor, KBB.

Korban diperkosa Deri di dalam angkot yang dikemudikannya pada pukul 23.00
WIB. Korban sempat melakukan perlawanan. Namun apa daya, Deri lebih kuat dan
mampu menghempaskan tubuh korban.

  

Peristiwa bermula saat korban bersama seorang temannya hendak pergi ke rumah
temannya tersebut di daerah Cililin dari Cipongkor. Keduanya berjalan kaki
karena tak punya yang untuk membayar ongkos angkot.

""Di tengah perjalanan itu sekitar pukul 17.30 WIB, ada sopir angkot yang
menawarkan tumpangan. Tapi ditolak karena mereka enggak punya uang untuk
ongkos,"" ungkap Yogaswara kepada wartawan, Rabu (17/5/2022).

Kendati korban menolak, sopir angkot tersebut bersikukuh mengajak keduanya
naik. Sadar tak punya pilihan, keduanya akhirnya naik angkot tersebut dan
dijanjikan akan diantar ke Cililin.

""10 menit perjalanan sopir ini berhenti untuk menjemput temannya. Kemudian
maju lagi dan berhenti di depan warung. Korban bertanya kenapa berhenti,
alasannya karena magrib dan hujan,"" ucap Yogaswara.

Sebelum diperkosa, korban sempat diberikan minuman ringan serta sebutir pil
yang diduga merupakan obat tidur oleh pelaku. Hal itu agar korban tak melawan
saat hendak diperkosa.

""Betul korban sempat diberi minuman sama pil (obat). Tapi jenisnya masih belum
diketahui dengan pasti, tapi dugaan kami itu sejenis obat tidur,"" ujar
Yogaswara.

Namun korban menolak minuman dan obat yang diberikan pelaku. Tetapi temannya
meminum obat dan minuman ringan yang diberikan pelaku sampai akhirnya tertidur
pulas di dalam angkot tersebut.

""Kalau korban ini menolak, tapi temannya minum. Oleh korban obat dari pelaku
dibuang,"" ucap Yogaswara.

Akhirnya pelaku mendorong korban sampai terlentang di dalam angkot. Pelaku
juga mengancam korban secara verbal agar korban diam dan menuruti nafsu bejat
pelaku.

""Untuk ancamannya verbal, jadi pelaku bilang ' _cicing maneh, moal dileupas ku
urang_ ' (diam kamu tidak akan saya lepaskan),"" kata Yogaswara

Dari situ pelaku mulai melancarkan aksi bejatnya. Ia pindah ke kursi belakang
untuk melampiaskan nafsunya di atas jok belakang angkot.

""Pelaku langsung memperkosa korban, kejadiannya sekitar 1 menit. Setelah
selesai pelaku langsung pindah ke jok sopir untuk tidur sementara korban ini
menangis di jok belakang angkot sampai pagi hari,"" tutur Yogaswara.

Korban kemudian diantarkan pelaku ke daerah Cililin. Usai mengantarkan korban,
pelaku langsung melarikan diri. Sementara korban dan keluarganya baru
melaporkan kejadian tersebut ke pihak kepolisian empat hari berselang.

""Orang tua korban ini baru melapor ke Polsek Sindangkerta tanggal 13 Mei. Dari
situ kami langsung lakukan pengejaran terhadap pelaku dan diamankan hari itu
juga,"" tutur Yogaswara.

Pelaku disangkakan Pasal 81 dan Pasal 82 UU RI No. 35 tahun 2014 tentang
perubahan atas UU RI No 23 tahun 2002 tentang Perlindungan Anak dengan ancaman
hukuman minimal 5 tahun dan maksimal 15 tahun.

  
  
  
[Gambas:Video 20detik]  

 ",www.detik.com
"Terciduk Maling Motor di Lasem, Pria Ini Bonyok Dimassa Warga","Senin, 03 Jan 2022 19:19 WIB","\-

Seorang pria babak belur dihajar massa karena ketahuan mencuri sepeda motor di
Lasem, Rembang, sore tadi. Kini pria tersebut sudah diamankan polisi dan
tengah dimintai keterangan.

Peristiwa itu terjadi di Desa Sendangsari, Kecamatan Lasem, Kabupaten Rembang,
Jawa Tengah, Senin (3/1/2022). Kapolsek Lasem Iptu Arif Kristiawan membenarkan
peristiwa tersebut.

""Ini masih kita mintai keterangan terlebih dahulu,"" terang Arif dimintai
konfirmasi Senin (3/1).

Arif mengaku belum bisa mengungkap identitas pria tersebut. Sebab, pihaknya
masih meminta keterangan dari yang bersangkutan.

""Diduga dua orang. Satu kita masih mintai keterangan, satunya lari,"" imbuhnya.

Selain menangkap pelaku, polisi juga mengamankan barang bukti berupa sepeda
motor Yamaha Vega bernopol K 2430 QD. Kini barang bukti tersebut diamankan di
Mapolsek Lasem.

Peristiwa maling itu kepergok dan dihajar massa terekam video warga. Tampak
pelaku berkali-kali mendapat bogem mentah dari warga yang geram dengan ulah
pria tersebut.

""Pelakunya sepertinya dua orang, yang satu sudah tertangkap sama warga. Satu
lagi tadi kabur. Motornya langsung diamankan. Pelaku satu orang juga sudah
dibawa polisi,"" terang salah seorang saksi mata pria itu diamuk massa,
Permata.

 ",www.detik.com
"1 Keluarga di Ogan Ilir Diduga Dibegal, Polisi Bantah: Balas Dendam Pilkades","Minggu, 17 Apr 2022 19:22 WIB","\-

Pasangan suami istri (pasutri) di Ogan Ilir, Sumatera Selatan, RG(34) dan WD
(27) serta dua anaknya diduga menjadi korban begal. RG dikabarkan tewas dalam
kejadian tersebut, sementara istrinya sekarat karena diserang dengan senjata
tajam.

Polisi kemudian bergerak cepat untuk mengusut kasus yang terjadi pada Sabtu
(16/4) malam itu. Berdasarkan penyelidikan awal, polisi membantah bahwa satu
keluarga itu merupakan korban begal.

""Bukan korban begal, motifnya itu balas dendam,"" tegas Kapolres Ogan Ilir AKBP
Yusantiyo Sandy dikonfirmasi , Minggu (17/4/2022).

  

Polisi juga sudah menangkap para pelaku. Jumlahnya dua orang. Mereka adalah
Safri (47) dan Zainal Tambunan (38) yang merupakan warga Lembak, Muara Enim.

""Kedua pelaku diamankan pagi tadi sekira pukul 03.00 WIB,"" katanya.

Polisi menyebutkan, dugaan sementara antara korban dengan pelaku sudah
bermasalah. Pelaku memiliki dendam pribadi kepada korban.

""Ada dendam pribadi terkait pilkades (pemilihan kepala desa) yang lalu
sehingga terjadilah peristiwa pembunuhan tersebut,"" sambungnya.

Yusantiyo menjelaskan, aksi pembacokan yang membuat salah satu korban, RG
(34), hingga tewas itu bermula ketika RG bersama istrinya WD (27) dan kedua
anaknya tengah mengendarai sepeda motor menuju Palembang dari Desa Tapus,
Lembak, Muara Enim, Sabtu (16/4) malam.

Saat tiba di lokasi kejadian, korban dihadang pengendara mobil Avanza hitam.
Ada dua orang yang turun dari kendaraan dan langsung menusuk dan membacok
suami-istri tersebut.

Sang suami, kata dia, meninggal dunia di lokasi kejadian dengan luka bacok di
leher, kening dan perut. Sementara, istrinya sekarat dengan luka bacok di
kepala dan sempat melarikan diri. Dua anaknya juga selamat karena berhasil
kabur.

""Jadi ada dua korban yang dibacok, satu orang meninggal (RG) dan satu orang
lainnya kritis (WD). Untuk dua anak, alhamdulillah selamat tidak terjadi apa-
apa,"" jelas Yusantiyo.

  
  
  
[Gambas:Video 20detik]  

 ",www.detik.com
Pria di Kendari Mencuri demi Biaya Pengobatan Ayahnya Dibebaskan Polisi,"Minggu, 12 Jun 2022 03:00 WIB","\-

Polisi mengamankan pria berinisial AS (33) di Kota Kendari, Sulawesi Tenggara
(Sultra) usai membobol sebuah kios. Belakangan polisi membebaskan pelaku usai
korban memaafkan perbuatan AS yang mencuri karena terdesak biaya pengobatan
ayahnya yang tengah sakit

""Pelaku dan bapaknya ini tinggal di kos, mereka harus bayar karena sudah
menunggak 2 bulan, jadi dia nekat,"" kata Kanit Reskrim Polsek Mandonga Ipda
Andry Irwanto kepada , Sabtu (11/6/2022).

Awalnya pelaku AS nekat membobol dengan mencungkil kios milik korban bernama
Arya Dwi Pangga (39) pada Selasa (7/6) sekitar pukul 03.00 Wita. Lokasi
kejadian di Jalan Saranani Kelurahan Korumba, Kecamatan Mandonga.

  

""Korban dia tidur di warungnya, tiba-tiba bunyi sesuatu dari depan. Kemudian
dia keluar cek, sudah terjebol gemboknya,"" ujarnya.

Korban pun inisiatif sembunyi menunggu pelaku yang membobol warungnya kembali.
Tak berselang lama, AS kembali ke warung tersebut hendak masuk pintu yang
dijebolnya tadi.

""Saat mau masuk langsung ditangkap korban, teman-teman penjaga warung datang
membantu. Kemudian korban telfon ke polisi dan pelaku kami amankan,"" ujarnya.

Saat diinterogasi, AS mengaku kepada polisi bahwa nekat mencuri karena
terdesak masalah ekonomi. AS harus segera melunasi kos yang ditempatinya
bersama ayahnya yang tengah sakit stroke.

""Jadi dia mau mencuri itu bimbang tapi jam 8 pagi nanti dia harus bayar
kosnya. Nah yang tinggali itu rumah kos dia dan bapaknya yang sakit,"" ujarnya.

Andry mengungkapkan AS tidak memiliki pekerjaan tetap. Setiap harinya AS
bekerja serabutan untuk memenuhi kebutuhan ayahnya yang membutuhkan biaya
pengobatan dan makan sehari-hari.

""Makanya setelah dia pukul gembok itu besar rasa bersalah dan takutnya, dia
pulang ke kos dulu, tapi dia kasihan juga bapaknya kalau harus keluar kos, dia
beranikan kembali,"" ujar dia.

Namun belum sempat masuk ke warung korban, pelaku berhasil ditangkap. Polisi
pun langsung melakukan penyelidikan dan mengecek keterangan korban.

Benar saja, pelaku dan bapaknya sudah menunggak iuran kos. Sedangkan bapaknya
dalam kondisi sakit stroke.

""Kemudian kami cek, ternyata benar bapaknya dalam kondisi sakit stroke dan kos
dia belum bayar selama 2 bulan,"" ungkap Andry.

Andry mengungkapkan pelaku dan bapaknya selama ini tidak punya rumah di Kota
Kendari sehingga memilih menyewa kos bulanan. Sedangkan ibunya sudah pulang ke
Jawa.

""Kalau mereka diusir pemilik kos, bapaknya juga kasihan mau tinggal dimana
sedang sakit. Kalau pelaku sendiri tidak masalah,"" ujar dia.

Lalu polisi pun berinisiatif untuk memanggil korban ke kantor polisi dengan
memberikan upaya penyelesaian hukum melalui _restorative justice_ dengan
pertimbangan kemanusiaan itu. Setelah korban mendengar langsung keterangan
pelaku dan pihak kepolisian, akhirnya korban pun memaafkan.

""Korban sudah memaafkan dan kemarin (10/6) pelaku sudah kami bebaskan juga,""
ungkapnya.

  
  
  
[Gambas:Video 20detik]  

 ",www.detik.com
Tetangga Curi Duit Wakil Ketua DPRD Bone Rp 640 Juta Jadi Tersangka,"Kamis, 26 Mei  2022 22:24 WIB","\-

Polisi menetapkan 4 orang tersangka dalam kasus pencurian uang Rp 640 juta
milik Wakil Ketua DPRD Bone Andi Wahyudi Taqwa. Para tersangka kini ditahan
polisi.

""Empat orang pelaku sudah jadi tersangka pencurian uang Pak Wakil,"" kata
Kapolsek Tanete Riattang Kompol Andi Iqbal kepada Kamis (25/5/2022).

Kompol Andi mengatakan empat tersangka yakni RA (16), DR (19), SY (25), dan MA
(17) mengakui masuk dan mengambil uang yang tersimpan di dalam gudang dalam
rumah korban di Jalan Sungai Musi, Kecamatan Tanete Riattang, Kabupaten Bone,
Desember 2021 lalu.

  

""Tidak diambil sekaligus uangnya. Mereka berulang kali masuk ke dalam tempat
penyimpanan uang. Setelah diketahui pemilik maka langsung dilaporkan,"" sebut
Iqbal.

Lebih lanjut Kompol Andi mengatakan 4 tersangka terungkap menggunakan uang itu
untuk foya-foya. Diduga uang tersebut turut digunakan untuk membeli narkoba.

""Masih kita gali keterangan pelaku untuk uangnya digunakan apa saja selain
foya-foya. Jangan sampai digunakan untuk narkoba, namun kita belum pastikan
karena belum melakukan tes urine,"" jelasnya.

Sebelumnya diberitakan, keempat tersangka merupakan tetangga korban. Kompol
Andi menjelaskan pencurian tersebut sebenarnya dialami korban pada Desember
2021 lalu di rumahnya di wilayah Tanete Riattang.

Hanya saja korban tak langsung melaporkan tersangka ke polisi. Korban sempat
meminta ganti rugi kepada para pelaku.

Dari Rp 640 juta yang dicuri di rumah korban, para pelaku hanya bisa
mengembalikan Rp 100 juta. Setelah dicari tahu oleh korban, sekitar Rp 540
juta uang korban yang dicuri rupanya dipakai foya-foya. Sementara uang Rp 100
juta yang dikembalikan ke korban merupakan sisa dari Rp 640 juta tersebut.

  
  
  
[Gambas:Video 20detik]  

 ",www.detik.com
"Usai Bunuh Teman Kencan, Sopir Angkot di Bogor Rampas HP-Duit Korban","Jumat, 13 Mei  2022 22:37 WIB","\-

Sopir angkot di Bogor, Agung Prawira (23), membunuh RN (39), teman kencan yang
dikenal via MiChat. Usai membunuh, Agung membawa kabur uang dan ponsel milik
RN.

""Tersangka menjerat leher korban dengan sarung bantal guling dan menyumpal
mulut korban dengan tisu. Kemudian tersangka meninggalkan korban di kamarnya
dan membawa HP dan uang Rp 255 ribu milik korban,"" kata Kapolresta Bogor Kota
Kombes Susatyo Purnomo Condro dalam keterangannya, Jumat (13/5/2022).

Susatyo menjelaskan Agung dan korban berjanjian bertemu di kos korban di Bogor
Barat pada Minggu (1/5), setelah transaksi 'open BO' Rp 1 juta. Namun setelah
keduanya berhubungan seksual, Agung tidak memberikan uang sebagaimana
dijanjikan.

""Kronologisnya tersangka dan korban berjanjian lewat aplikasi MiChat, kemudian
ada kesepakatan harga yang tidak dipenuhi sebesar 1 juta, sedangkan pelaku
ketika di lokasi hanya bawa uang 200 ribu,"" kata Susatyo.

Korban dan tersangka lalu cekcok. Tersangka gelap mata lalu membunuh korban.

""Kemudian terjadi cekcok dan korban dijerat menggunakan sarung bantal guling,
kemudian mulutnya dibekap dengan tisu hingga akhirnya korban meninggal di
lokasi,"" tambahnya.

Agung ditangkap di Terminal Laladon, Bogor, pada Kamis (12/5). Agung dijerat
Pasal 338 KUHP dan/atau Pasal 365 KUHP tentang pembunuhan dan pencurian dengan
kekerasan dengan ancaman 20 tahun penjara.

""Tersangka mulai hari ini ditetapkan sebagai tersangka,"" imbuhnya.

 ",www.detik.com
"Pengemudi Mobil Dirampok Penumpang di Jaktim, Leher Dijerat Ikat Pinggang","Sabtu, 08 Jan 2022 20:48 WIB","\-

Seorang pengemudi mobil bernama Ade Wahyudi (32) dirampok penumpangnya di
Duren Sawit, Jakarta Timur. Korban sempat dijerat ikat pinggang oleh pelaku,
tetapi untungnya selamat.

Peristiwa itu terjadi di Jalan Gusti Ngurah Rai, Klender, Duren Sawit, Jakarta
Timur, pada Jumat (7/1) pukul 10.30 WIB. Mulanya korban berangkat dari
Indramayu, Jawa Barat, dan membawa empat penumpang dengan mobil Daihatsu Xenia
bernopol B-2110-KFE.

""Di Purwakarta, pelaku naik mobil korban, sementara empat penumpang lainnya
turun di tempat berbeda-beda,"" ujar Kabid Humas Polda Metro Jaya Kombes Zulpan
dalam keterangannya, Sabtu (8/1/2021).

Kepada korban, pelaku meminta diantar ke Muara Angke, Jakarta Utara. Namun,
saat korban meminta ongkos, pelaku mengaku tidak memiliki uang.

""Kemudian keduanya setuju pembayaran dilakukan ketika pelaku diantar kembali
ke Indramayu,"" katanya.

Namun, saat mobil tiba di daerah Duren Sawit, pelaku melancarkan aksinya.
Pelaku tiba-tiba menjerat leher korban dengan ikat pinggang.

""Pelaku menjerat leher korban dengan menggunakan gesper warna hitam. Korban
melawan dengan cara menyikut dan memukul kepala pelaku, sehingga korban
terlepas dari jeratan pelaku,"" imbuh Zulpan.

Korban kemudian berteriak minta tolong. Hal tersebut sontak menjadi perhatian
warga sekitar.

""Pelaku akhirnya dapat ditangkap (massa). Selanjutnya pelaku diserahkan ke
Polsek Duren Sawit,"" pungkasnya.

 ",www.detik.com
"Melawan Saat Cari Barang Bukti, Kaki Pencuri Motor di Medan Didor Polisi","Senin, 28 Feb 2022 03:00 WIB","\-

Seorang pria berinisial DI (43) yang diduga pencuri sepeda motor di Medan,
Sumatera Utara (Sumut), kakinya ditembak pihak polisi. Tindakan tegas itu
dilakukan lantaran DI melawan petugas saat mencari barang bukti hasil
curiannya.

""Telah diamankan satu orang laki-laki dewasa perkara tindak pidana pencurian,""
kata Kanit Reskrim Polsek Medan Area, AKP Philip Purba, Minggu (27/2/2022).

Philip mengatakan pengungkapan kasus ini dilakukan setelah seorang warga Medan
Denai berinisial MR (35) menjadi korban pencurian melapor ke polisi. Motor
korban dicuri pelaku pada Rabu (15/2) di Jalan Menteng II, Kelurahan Binjai.

Tak hanya itu, STNK, KTP, SIM dan kartu tanda pengenal lainnya yang disimpan
dalam dompet warna abu-abu ikut hilang. Atas kejadian itu, korban mengalami
kerugian sekitar Rp 20 juta. Korban lalu membuat pengaduan polisi atas
kehilangan barang miliknya tersebut.

Selanjutnya, pada Rabu (23/2) petugas mendapat informasi terkait keberadaan
pelakunya yang berada di sekitar Kelurahan Binjai. Petugas langsung ke lokasi
dan menangkap pelakunya.

""Personel langsung meluncur ke objek, sesampainya personel melihat pelaku yang
duduk di depan rumahnya. Personel langsung melakukan penangkapan terhadap
pelaku tersebut,"" ujarnya.

Setelah itu, petugas melakukan interogasi terhadap pelaku dan dia mengakui
telah mencuri sepeda motor korban lalu menjualnya dengan harga Rp 3,1 juta.

Kemudian, polisi melakukan pencarian barang bukti. Namun, saat pencarian itu,
pelaku melawan petugas hingga kakinya terpaksa ditembak kakinya.

""Kemudian petugas melakukan pencarian barang bukti dan saat itu oleh tersangka
DI mencoba melakukan perlawanan kepada petugas. Kemudian petugas melakukan
tindakan tegas dan terukur dengan menembak kaki tersangka DI,"" ucap Philip.

Pelaku yang diketahui merupakan residivis, dibawa ke RS Bhayangkara guna
mendapatkan perawatan medis. Setelahnya, pelaku dibawa ke Polsek Medan untuk
mempertanggungjawabkan perbuatannya.

 ",www.detik.com
2 Begal Mobil Travel di Trenggalek Ditangkap,"Kamis, 15 Okt 2020 20:05 WIB","\-

Dua pria ditangkap. Mereka diduga sebagai pelaku pembegalan mobil travel asal
Jombang, di Jalan Raya Suruh-Dongko, Trenggalek.

Kasat Reskrim Polres Trenggalek AKP Tatar Hernawan mengatakan, kedua tersangka
yakni I (27) dan BRH (19). Mereka ditangkap di dua lokasi berbeda, yakni di
Surabaya dan Jombang. Selain tersangka, polisi juga mengamankan barang bukti
satu unit mobil hasil rampasan.

""Kami sudah amankan kedua tersangka dan saat ini masih dilakukan pendalaman
terkait motif dan latar belakang aksi perampasan itu,"" kata Tatar, Kamis
(15/10/2020).

Ia menjelaskan, aksi pembegalan mobil travel itu terjadi pada Rabu (13/10)
dini hari, di ruas Jalan Raya Suruh-Dongko, Trenggalek. Saat itu kedua pelaku
berpura-pura menyewa mobil travel dari Jombang dengan tujuan Suruh,
Trenggalek.

Selanjutnya __

Halaman

1  2

 ",www.detik.com
"Ortu Beri Maaf, Guru SD yang Sandiwara Dirampok Rp 150 Juta Tak Dipidana","Rabu, 23 Feb 2022 16:50 WIB","\-

Polisi tidak memproses pidana guru SD di Mojokerto Sri Wahyuliati Ningsih (42)
yang telah membuat laporan palsu terkait perampokan. Sebab, orang tua Sri
telah memaafkan anaknya meski kesal uang Rp 150 juta yang dititipkan telah
dihabiskan.

""Kasus ini kami anggap sebagai sebuah pembelajaran berharga bagi yang
bersangkutan (Sri). Terlebih lagi uang itu milik orang tuanya sendiri dan
orang tuanya sudah memaafkan perbuatan pelaku,"" kata Kasat Reskrim Polres
Mojokerto AKP Tiksnarto Andaru Rahutomo dilansir dari , Rabu (23/2/2022).

Andaru menjelaskan semula kedua orang tua Sri marah setelah tahu uang Rp 150
juta yang mereka berikan sekitar tiga tahun lalu ternyata dihabiskan putrinya.
Padahal mereka meminta Sri mendepositokan uang tersebut agar mendapatkan bunga
setiap bulan dan menjadi persediaan biaya pendidikan dua anak Sri.

""Awalnya orang tuanya marah. Kemudian kami minta melihat kondisi anaknya (pada
Senin 21 Februari 2022). Setelah melihat di rumah sakit, beda sekali
responsnya. Orang tuanya mengikhlaskan uang tersebut dan meminta anaknya tidak
diproses pidana,"" kata Andaru.

Keesokan harinya, Selasa (22/2), polisi meminta Sri dan kedua orang tuanya
datang ke kantor Satreskrim Polres Mojokerto. Kepada polisi, orang tua Sri
meminta agar putrinya tidak dipidana karena membuat laporan perampokan palsu.

""Orang tuanya tidak tega dia (Sri) dipidana. Bagaimanapun, dia anak mereka.
Mereka berterima kasih, ini menjadi pembelajaran bagi anak mereka,"" ujar
Andaru.

Sebelumnya, Sri melapor ke Polsek Ngoro, Mojokerto, pada Senin (21/2) sekitar
pukul 13.00 WIB. Ia mengaku dirampok empat orang di Jalan Raya Desa
Tanjangrono, Ngoro, Mojokerto, tepatnya di Jembatan Tanjangrono pada hari yang
sama sekitar pukul 11.45 WIB.

Menurut pengakuannya, pelaku mengendarai sepeda motor Honda Vario dan Yamaha
RX King warna hitam. Sementara itu, guru salah satu SDN di Kecamatan Ngoro
tersebut seorang diri mengendarai sepeda motor Honda BeAT bernopol W-4351-NCE.

Komplotan perampok kabur setelah merampas tas miliknya yang berisi uang Rp 150
juta. PNS asal Desa Jiken, Kecamatan Tulangan, Sidoarjo, itu mengaku baru
mencairkan uang tersebut dari Bank Jatim Cabang Pembantu Mojosari, Mojokerto,
sekitar pukul 10.00-11.15 WIB.

Tim dari Satreskrim Polres Mojokerto yang diterjunkan menyelidiki kasus ini
menemukan sejumlah kejanggalan. Hasil pengecekan ke Bank Jatim Cabang Pembantu
Mojosari, Sri hari itu tidak mencairkan uang Rp 150 juta. Saldo di rekeningnya
hanya sekitar Rp 3 juta.

Berbekal fakta tersebut, polisi kembali menggali keterangan dari Sri. Cerita
ibu dua anak ini pun berubah. Ia mengarang cerita kehilangan tas berisi uang
Rp 500 ribu, kartu ATM, dan SIM saat pulang mengajar. Sejurus kemudian ia
mendadak pingsan.

Sri pun dilarikan ke RS Dharma Husada, Ngoro. Lagi-lagi ia hanya berpura-pura
sakit untuk mengelabui polisi. Karena dokter yang memeriksanya menyatakan
kondisinya normal. Ia akhirnya tidak bisa mengelak saat diinterogasi polisi
dan mengaku telah membuat laporan perampokan palsu.

Sri nekat membuat sandiwara perampokan tersebut untuk menutupi perbuatannya
yang menghabiskan uang pemberian orang tuanya Rp 150 juta. Orang tuanya
meminta Sri mendepositokan uang tersebut. Salah satunya untuk persediaan biaya
pendidikan dua anak Sri.

Simak selengkapnya di sini.

[Gambas:Video 20detik]

  
  
  

 ",www.detik.com
Polisi Ungkap Cara Sadis Pelaku Hapus Jejak Pembunuhan Pria di Tangerang,"Jumat, 03 Jun 2022 17:08 WIB","\-

Polisi mengungkapkan tersangka Fachrul (21) mencoba menghilangkan jejak
pembunuhan Bayu Samudra (19). Tersangka melakukan cara sadis agar wajah korban
tidak dikenali.

Kapolres Metro Tangerang Kota Kombes Zain Dwi Nugroho mengatakan, setelah
menyeret korban ke semak-semak, tersangka Fachrul kemudian kabur membawa
_handphone_ dan motor korban. Namun, tak lama setelah itu, dia kembali ke
lokasi dengan membawa pisau _cutter_.

""Kemudian pelaku kembali lagi dengan membawa _cutter_ ini untuk memastikan
bahwa korban meninggal dunia, makanya disayat di wajah dan leher,"" ujar Zain.

""Pengungkapannya pun setelah kita identifikasi korban dapat identitasnya dan
makanya setelah itu tim gabungan bisa mengungkap itu semua,"" lanjutnya.

Dalam kesempatan yang sama, Kanit 4 Subdit Resmob Ditreskrimum Polda Metro
Jaya AKP Tomi Haryono mengatakan tersangka melakukan aksi sadis itu untuk
menghilangkan identitas korban.

""Ada upaya menghilangkan identitas. Untuk (barang bukti) _cutter_ digunakan
untuk menyayat wajah dan leher yang saat sudah dipindahkan ke TKP, pelaku
menggunakan _cutter_ untuk menyayat wajah dan leher,"" ujar Tomi.

### Motif Pembunuhan

###

Kabid Humas Polda Metro Jaya Kombes Zulpan mengungkap pembunuhan Bayu ini
dilatari cinta segitiga. Tersangka Fachrul cemburu lantaran korban masih
menghubungi tersangka Dea, yang juga mantan pacar korban.

""Terkait dengan kasus ini, motif terjadinya kasus ini adalah tersangka sakit
hati dan cemburu terhadap korban,"" ujar Zulpan dalam jumpa pers di Polda Metro
Jaya, Jumat (3/6/2022).

Diketahui, Dea merupakan mantan pacar korban, Bayu. Pembunuhan ini berawal
karena Bayu sering kali mengajak Dea berhubungan badan, sehingga membuat
tersangka Fachrul cemburu.

""Kemudian Tersangka juga melihat pembicaraan di medsos melalui pesan WA korban
kepada Tersangka DF, sehingga Tersangka FR ini meminta kepada Tersangka DF
untuk meminta berbicara dengan korban melalui telepon dan memancing korban
agar dilakukan pertemuan,"" jelas Zulpan.

[Gambas:Video 20detik]

 _Baca selengkapnya di halaman selanjutnya._

Selanjutnya __

Halaman

1  2

 ",www.detik.com
Aksi Begal di Sukabumi: Langsung Ngacir Saat Wanita Menjerit,"Jumat, 08 Apr 2022 17:15 WIB","\-

Aksi begal membawa senjata tajam berhasil digagalkan warga. Kejadian itu
terjadi usai berbuka puasa pada Kamis (7/4) kemarin sekitar pukul 18.45 WIB.

Kapolsek Cikole Kompol Nanang R Subarna mengatakan, pelaku ditangkap di depan
kampus Poltekes Yapkesbi tepatnya di Kelurahan Subangjaya, Kota Sukabumi.
Awalnya, terduga pelaku mendekati seorang gadis sambil mengacungkan celurit.

""Yang diduga begal sebenarnya adalah kejahatan yang tidak sempat terjadi. Dia
hanya mendekati seorang wanita yang sedang memegang handphone dengan
mengacungkan celurit,"" kata Nanang di Sukabumi, Jumat (8/4/2022).

  

""Si perempuan itu langsung berteriak dan terduga pelaku langsung kabur karena
mendengar teriakan tersebut,"" sambungnya.

Menurutnya, pelaku berjumlah dua orang, sedangkan yang diamankan baru satu
orang. Pihaknya juga masih mendalami dugaan pelaku merupakan geng motor.

""Sempat diamankan warga dan dilaporkan kepada Bhabinkantibmas setelah datang
dan dibawa ke Polsek Cikole. Satu lagi masih dalam pencarian, untuk geng motor
dan sebagainya masih didalami,"" ujarnya.

Atas kejadian tersebut, jajaran kepolisian melakukan antisipasi dengan patroli
berulang di kawasan sekitar lokasi. Dia menduga, motif pelaku mendekati korban
untuk mencuri handphone.

""(Latar belakang) menginginkan sesuatu. Yang jelas saat seseorang yang belum
menjadi korban membawa handphone. Si pelaku meminta dan korban teriak,""
tuturnya.

Dia menegaskan, Polsek Cikole menangani penguasaan senjata tajam. Pelaku
disangkakan Undang-undang Darurat tentang senjata tajam.

""Yang jelas (Polsek) Cikole menangani penguasaan senjata tajam. Pasal yang
disangkakan kepada pelaku UU Darurat tentang senjata tajam,"" pungkasnya.

Sebelumnya diberitakan, viral di media sosial diduga begal beraksi di
Subangjaya, Kota Sukabumi. Dalam video yang dilihat tampak terduga pelaku
menggunakan jaket dan masker hitam.

Video itu dinarasikan bahwa pelaku berusaha membegal motor dan berhasil
ditangkap warga. Seorang warga sekaligus saksi mata, MR (20) mengatakan,
awalnya, dia mendengar teriakan dari seorang pengendara motor matic yang
sedang mengejar terduga pelaku.

Dia yang hendak pulang ke rumahnya ikut serta mengejar dan menangkap pria
tersebut. ""Mendengar teriakan begal, refleks saya ikut ngejar. Pas di tanjakan
tangkil, yang dikejar itu orang yang di belakangnya nyabet-nyabet celurit
(mengibaskan celurit),"" ujar MR.

  
  
  
[Gambas:Video 20detik]  

 ",www.detik.com
Ini Tampang Ayah Pemerkosa Anak Kandung hingga Tewas di Semarang,"Senin, 21 Mar 2022 16:39 WIB","\-

Pria berusia 41 tahun yang dibekuk polisi karena memerkosa anak kandungnya
hingga tewas dihadirkan dalam jumpa pers di Mapolrestabes Semarang, hari ini.
Dalam jumpa pers itu pelaku sempat bicara soal dirinya yang terpengaruh video
porno.

Dia mengaku kecanduan film porno hingga tega memerkosa anaknya yang berumur 8
tahun sebanyak tiga kali. Selama jumpa pers, pria yang sehari-hari bekerja
sebagai sales makanan ringan itu terus merundukkan kepala.

Saat ditanya wartawan, pelaku hanya menjawab sepatah-sepatah kata. Namun,
suaranya masih terdengar cukup jelas. Dia mengaku memerkosa korban di kosnya
pada Jumat (18/3) malam lalu. Saat itu, korban yang tak lain adalah putri
kandungnya sedang menonton televisi.

""(Saya) Terpengaruh video porno. Sudah 3 kali (memerkosa korban). Pertama, dua
minggu lalu, (kedua) seminggu (lalu), terakhir pas kejadian (Jumat malam pekan
lalu). Iya, ada pemaksaan,"" kata pelaku di Mapolrestabes Semarang, Senin
(21/3/2022).

Sehari-harinya korban tinggal bersama ibunya yang telah bercerai dengan pelaku
pada 2017. Adapun perkosaan itu terjadi saat korban berkunjung ke kos ayahnya
di daerah Tlogosari Wetan.

Setelah WD melakukan aksi bejatnya yang terakhir, korban mengalami kejang.
Kemudian pelaku sempat meminta bantuan tetangga untuk membawa korban ke
klinik, lalu akhirnya ke rumah sakit. Ternyata saat tiba di rumah sakit korban
sudah meninggal. Kepada mantan istrinya, pelaku hanya mengatakan korban
mengalami demam.

""(Saya) Bilang ke mantan istri, dia (korban) demam,"" kata pelaku.

Kasatreskrim Polrestabes Semarang AKBP Donny Sardo Lumbantoruan mengatakan
saat datang ke kos pelaku, korban dalam keadaan sakit dan demam. Aksi bejat
pelaku dilakukan dengan paksaan dan korban dalam kondisi sakit.

""Anaknya demam saat datang, sudah dikasih obat. Anak sedang tidak fit saat
pelaku melakukan (perkosaan),"" kata Donny.

Korban sudah berupaya menolak dan menghalau ayah kandungnya itu. Tapi pelaku
tetap memaksa korban yang masih sakit itu. Akibatnya, korban mengalami kejang-
kejang usai diperkosa pelaku itu.

""Memang pada hari itu pelaku melakukan hubungan seksual. Anaknya kejang sejam
atau dua jam. Pelaku meminta tolong kepada tetangganya membawa ke klinik. Di
klinik direkomendasikan untuk ke rumah sakit lebih besar. Sebelum itu pelaku
bawa ke rumah ibunya untuk izin bawa ke rumah sakit, waktu itu ibunya tidak
cek. Saat dibawa ke rumah sakit korban sudah meninggal dunia,"" jelas Donny.

Untuk diketahui, keluarga sempat tak mencurigai kematian korban. Hingga
akhirnya surat keterangan dokter keluar dan menyatakan kematian korban tidak
tidak wajar dan ditemukan luka akibat kekerasan seksual. Keluarga akhirnya
melapor ke polisi pada Sabtu (19/3). Menindaklanjuti laporan tersebut, polisi
membongkar makam dan mengautopsi jasad korban.

  
  
  
[Gambas:Video 20detik]  

 ",www.detik.com
"Kisah The Boston Strangler, Pembunuh Berantai yang Gemar Mencekik","Minggu, 17 Apr 2022 09:38 WIB","\-

The Boston Strangler atau pencekik asal Boston adalah 'pembunuh berantai'
pertama Amerika Serikat di era modern. Ia membunuh para korbannya dengan
mencekiknya.

Seperti dilansir dari _BBC_ , antara Juni 1962 dan Januari 1964, 13 wanita di
wilayah Boston dicekik. Polisi tidak percaya bahwa itu adalah perbuatan satu
orang. Namun publik diyakinkan oleh media bahwa mereka semua adalah korban
dari seorang pembunuh yang mereka juluki 'The Boston Strangler'.

Yang mengerikan bagi penduduk Boston adalah bahwa korbannya bukan pelacur atau
gelandangan, tetapi wanita paruh baya atau orang terhormat yang diserang di
rumah mereka sendiri.

## Korban pertama

Pada malam 14 Juni 1962, Anna Slesers, seorang penjahit berusia 55 tahun
kelahiran Latvia, baru saja selesai makan malam. Dia memutuskan untuk mandi
sebentar sebelum putranya, Juris, datang menjemputnya. Tahu-tahu, anak sudah
tewas dicekik dengan kabel.

Setelah itu, wanita-wanita paruh baya lainnya turut menjadi korban. Polisi pun
bergerak. Seroang pria bernama Albert DeSalvo dicurigai sebagai sosok The
Boston Strangler.

Kecurigaan terhadap Albert DeSalvo ini bermula dari pengakuannya atas
serangkaian kasus pemerkosaan di AS. Selain itu, bukti DNA yang ditemukan pada
korban terakhir The Boston Stangler, Marry Sullivan saat itu juga tidak cocok.

Selanjutnya __

Halaman

1  2

 ",www.detik.com
Biadab! Pria di Gowa Perkosa Putri Kandung hingga Hamil 7 Bulan,"Senin, 25 Apr 2022 18:06 WIB","\-

Pria berinisial AS (44) di Kabupaten Gowa, Sulawesi Selatan (Sulsel) tega
memperkosa anak kandungnya hingga hamil 7 bulan. Pelaku kini digelandang ke
Mapolres Gowa.

Pemerkosaan terjadi sejak 2016 lalu yang mana saat itu pelaku dan korban
tinggal di Kabupaten Bone. Sejak saat itu, pelaku kerap melancarkan aksi
bejatnya.

Selanjutnya korban dan pelaku pindah rumah ke Kabupaten Gowa pada tahun 2018.
Saat di Gowa, pelaku semakin menjadi-jadi karena semakin sering memperkosa
korban.

  

""Jadi pascaberpindah tempat tinggal, kembali terjadi pemerkosaan yang
dilakukan pelaku terhadap korban,"" kata Kasubag Humas Polres Gowa AKP Hasan
Fadhlyh dalam keterangannya, Senin (25/4/2022).

## Korban Hamil 7 Bulan

Sementara itu, Kasat Reskrim Polres Gowa AKP Boby Rachman mengatakan korban
yang sekarang sudah berusia 18 tahun baru berani buka mulut karena sedang
hamil. Kini usia kandungannya sudah masuk tujuh bulan.

""(Korban hamil) 7 bulan,"" kata AKP Boby saat dimintai konfirmasi terpisah.

Menurut Boby, korban curiga karena mengalami datang bulan tidak seperti bulan-
bulan sebelumnya. Hingga pada bulan Desember 2021 datang bulan korban cuma 3
hari.

""Selanjutnya pada tanggal 10 April 2022, korban menyampaikan kepada sepupu
korban bahwa sudah beberapa bulan tidak datang bulan dan perut korban
diperiksa (dan hamil),"" ungkapnya.

Akibat ulah biadabnya, pelaku dijerat UU Nomor 23 Tahun 2002 tentang
perlindungan anak. Pelaku kini sudah ditahan di Polres Gowa.

  
  
  
[Gambas:Video 20detik]  

 ",www.detik.com
Mobil Dinas Desa di Tasik Dicuri Usai Dipakai Urusan Pribadi Pegawai,"Senin, 09 Mei  2022 14:45 WIB","\-

Kendaraan dinas milik Desa di Kabupaten Tasikmalaya, Jawa Barat kembali jadi
sasaran kejahatan. Kali ini menimpa Mobil dinas Desa Sukamenak, Kecamatan
Sukarame bernomor Polisi Z 1541 N.

Kendaraan ini hilang saat terparkir di depan Kantor Kecamatan Bojongloa Kaler,
Kelurahan Kopo, Kota Bandung, Minggu (8/5/22). Ironisnya mobil dinas desa ini
tengah dipakai untuk acara keluarga salah seorang karyawan desa bukan untuk
dinas.

""Hilangnya mobil dinas itu saat tengah dibawa untuk menghadiri acara keluarga
di Daerah Kopo, Bandung, oleh pegawai Desa Sukamenak,"" Kepala Desa Sukamenak
Sukarna saat dikonfirmasi.

  

Sukarna mengatakan, mobil tersebut digunakan pegawai desa dan keluarganya ke
daerah Kopo pada Sabtu (7/5/2022) malam. Sebelum ditinggalkan, mobil tersebut
dalam kondisi dikunci stang dan stir.

Akibat kehilangan ini, pihak desa telah melaporkan kejadian ini ke Polsek
Bojongloa Polrestabes Bandung. Asuransi mobil yang hilang ini pun tengah
diurus.

""Alhamdulillah mobil sudah kita asuransikan, makanya kini sedang kita urus,""
ujar Sukarna.

Kabid Administrasi Desa Dinas Pemberdayaan Masyarakat dan Desa Kabupaten
Tasikmalaya Tono Haeruman membenarkan adanya mobil desa yang hilang di
Bandung. Bahkan, bukan sekali ini saja, mobil desa hilang sudah berulang kali.

""Iya informasnya sudah masuk ke kita, ada mobil dinas desa Sukamenak,
Kecamatan Sukarame yang hilang. Dan biasanya ketika hilang bisa diasuransikan.
Bukan kali ini aja. Mobil dinas desa yang hilang dicuri. Datanya masih kami
rekap,"" kata dia.

 ",www.detik.com
"Terekam CCTV, Komplotan Pencuri Gondol Motor di Perumahan Elit Probolinggo","Sabtu, 19 Feb 2022 18:51 WIB","\-

Aksi curanmor di Kota Probolinggo kembali terjadi. Kali ini sasaran pencurian
terjadi di perumahan elit di Jalan Sabdo Palon, Kelurahan Jati, Kecamatan
Mayangan.

pencurian motor yang terjadi pada Sabtu (19/2) sekitar pukul 03.00 WIB itu
bahkan sempat diketahui penjaga perumahan. Karena hal ini, penjaga sempat
meneriaki pencuri yang berjumlah empat orang.

Bukannya takut, para pencuri itu malah menyerang dan mencoba menyabetkan
celurit ke penjaga perumahan. Alhasil sebuah motor matic jenis Honda beAT
Nopol N 2589 QM berhasil dibawa kabur.

Salim, penjaga perumahan sekaligus saksi menuturkan sempat menegur para
pencuri itu. Mereka kemudian menjawab sedang menjenguk temannya yang sakit di
Perum AAA Regency itu.

Namun sesaat kemudian pelaku ternyata keluar dengan membawa sebuah motor. Tak
hanya salim, istrinya juga ternyata ikut mencegah komplotan curanmor itu.
Namun sama dengan dirinya, istrinya juga gagal mengentikannya.

""Dua orang pelaku menunggu di depan pagar Perumahan AAA, saat disamperin
pelaku bilang, hendak menjenguk temannya yang sakit, teryata 2 orang pelaku
sudah ada di dalam perumahan, melihat hendak membawa kabur motor matic milik
warga, langsung diteriakin dan tutup pintu pagar, pelaku langsung
menendangnya, dan menyabet - nyabetkan clurit, sambil membawa motor hasil
kejahatannnya, istrinya sempat menyetop aksi pelaku, namun juga gagal,"" tutur
Salim, Sabtu (19/2/2022).

Bagas Tantra Pradhana, korban sekaligus pemilik motor, mengaku tidak
mengetahui saat pencurian terjadi penjaga perumahan dan istrinya sempat
mencegahnya. Kini, aksi curanmor itu telah dilaporkan ke polisi.

""Tidak tahu, kalau waker (penjaga perumahan) bersama istrinya melawan aksi
kawanan curanmor yang jumlahnya 4 orang, tahunya motor matic yang parkir di
depan rumahnya sudah hilang, kasus curanmor ini sudah dilaporkan ke SPKT
Mapolres Probolinggo Kota"" jelas Bagas.

AKP Teddy Tridani, Kasat Reskrim Polres Probolinggo Kota membenarkan aksi
curanmor tersebut. Pihaknya juga telah menerima laporan dari korban. Saat ini,
anggotanya telah mendatangi ke rumah korban. Sejumlah bukti seperti rekaman
CCTV dari perumahan juga telah diambil untuk penyelidikan.

""Korban sudah melaporkan kejadian aksi curanmor, dan sudah kita minta
keterangan, petugas inavis dan tim opsnal Satreskrim Polres Probolinggo Kota,
mendatangi lokasi kejadian dan melakukan olah TKP, untuk melakukan
penyelidikan dan identifikasi dan minta hasil rekaman CCTV milik Perum AAA
Regency,"" terang Teddy.

  
  
  
[Gambas:Video 20detik]  

 ",www.detik.com
"Begal Beraksi di Kota Bogor, Pemuda Dibacok-Motor Dirampas Pelaku","Senin, 16 Mei  2022 15:16 WIB","\-

Gustian Ferdi (24), pria asal Kebon Pedes, Kota Bogor, menjadi korban begal di
Jalan Kebon Pedes, Tanah Sareal, Kota Bogor, dinihari tadi. Gustian mengalami
luka di punggung akibat sabetan samurai dan motornya dirampas pelaku.

Gustian menyatakan peristiwa tersebut terjadi ketika ia tengah dalam
perjalanan pulang menuju rumahnya di Kebon Pedes, Kota Bogor, tak jauh dari
lokasi kejadian. Saat itu, Gustian berboncengan dengan rekannya bernama
Farhan.

""Kejadiannya itu jam 02.30 WIB, saya lagi perjalanan mau pulang. Pakai motor,
boncengan sama teman,"" kata Gustian kepada , Senin (16/5/2022).

Di lokasi kejadian, Gustian tiba-tiba diadang oleh dua pria tidak dikenal yang
menggunakan motor. Satu pria yang dibonceng, mengeluarkan samurai dan
mengacungkannya ke arah Gustian.

""Satu orang yang dibonceng _keluarin_ samurai, terus _samperin_ saya. Nah
teman saya yang dibonceng langsung kabur,"" kata Gustian.

""Terus itu pelaku naik ke motor saya, dari belakang samurainya ditempelkan ke
punggung, ke pundak saya, terus dia minta kunci motor saya,"" tambah Gustian.

Berhasil merampas motor milik Gustian, kedua pelaku kemudian kabur ke arah
Jalan Sholeh Iskandar, Kota Bogor, setelah membacok punggung Gustian.

""Punggung saya kena sabetan samurai. Motor saya langsung dibawa. Motor saya
beat warna hitam,"" kata Gustian.

Kasubsie Humas Polresta Bogor Kota Iptu Rachmat Gumilar membenarkan kejadian
tersebut. Menurutnya, saat ini pihak Polsek Tanah Sara dibantu Satreskrim
Polresta Bogor Bogor Kota masih melakukan penyelidikan.

""Ya benar, bahwa pada hari Senin (16/5), sekitar jam 03.00 dini hari. Telah
terjadi peristiwa pencurian dengan kekerasan begal. Kasus ini dalam penanganan
Reskrim Polsek Tanahsareal,"" kata Rachmat dihubungi terpisah.

[Gambas:Video 20detik]

 ",www.detik.com
"Sekeluarga di Jaktim Ngungsi Usai Dikeroyok, Rumah Dijarah Pelaku","Kamis, 06 Jan 2022 14:44 WIB","\-

Satu keluarga di Jakarta Timur (Jaktim) menjadi korban pengeroyokan oleh tujuh
orang pria. Polisi menyebut sekeluarga itu merasa ketakutan, bahkan sempat
mengungsi ke Bogor.

""Tujuh orang itu mengeroyok satu keluarga, ada lima korban. Dianiaya.
Setelahnya, korban merasa takut, korban pun _ngungsi_ ke Bogor,"" jelas
Kapolres Metro Jakarta Timur Kombes Budi Sartono kepada wartawan, Kamis
(6/1/2022).

Kemudian, rumah korban ditinggal dalam keadaan kosong. Para pelaku yang
mengetahui hal tersebut menjarah sejumlah barang milik korban.

""Rumahnya kosong, pelaku datang _ngambil_ barang-barang di rumahnya,"" terang
Budi.

### Penyebab Pengeroyokan

###

Sebelumnya, polisi membantah penyebab pengeroyokan adalah ucapan selamat
Natal. Polisi menyebut korban dikeroyok gegara serempetan motor.

""Bukan (karena ucapan selamat Natal),"" kata Kapolres Metro Jakarta Timur
Kombes Budi Sartono kepada wartawan, Kamis (6/1/2022).

Budi menjelaskan pengeroyokan tersebut diawali cekcok lantaran salah satu
pelaku terlibat serempetan motor dengan korban. Merasa tak senang, pelaku pun
memanggil teman-temannya, lalu mengeroyok satu keluarga tersebut.

""Cekcok awalnya adalah karena keserempet motor. Jadi dari di depan rumah itu
ada serempetan motor antara pelaku dan korban. Cekcok nggak terima _dimarahin_
, pelaku balik membawa teman-temannya langsung mengeroyok satu keluarga,""
ungkap Budi.

 _Simak selengkapnya di halaman selanjutnya._

Selanjutnya __

Halaman

1  2

 ",www.detik.com
Tragis! Pria di Bulukumba Bunuh Istri-Anaknya Pakai Tombak Lalu Gantung Diri,"Selasa, 17 Mei  2022 17:27 WIB","\-

Pria di Bulukumba, Sulawesi Selatan (Sulsel), Sainuddin (53) gantung diri usai
membunuh istri dan anaknya menggunakan tombak. Pelaku diduga mengalami
gangguan jiwa atau ODGJ.

""Bunuh istri dan anak kandung dan pelakunya suami atau ayah kandung bunuh
diri,"" ujar Kasat Reskrim Polres Bulukumba Iptu Muhammad Yusuf saat dimintai
konfirmasi, Selasa (17/5/2022).

Yusuf mengatakan, istri korban bernama Muliati (51) sementara putrinya adalah
Anti (31). Jenazah korban dan pelaku pertama kali ditemukan oleh salah satu
putri pelaku sekitar pukul 03.00 Wita dini hari tadi.

  

""Kejadiannya di Tanete, Bulukumpa. Salah satu anaknya sekitar jam 3 subuh,
informasi salah satu anaknya dia buka (pintu kamar) dia lihat saudaranya,
mamanya sama bapaknya bunuh diri juga,"" ujar Yusuf.

Yusuf mengatakan, pelaku membunuh istri dan anaknya menggunakan tombak. Korban
ditombak pada bagian perut.

""Informasinya dia tombak (korban) kena badannya, perutnya,"" ungkap yusuf.

Lebih lanjut Yusuf mengatakan pelaku Sainuddin selama ini dikenal sebagai
orang stres atau ODGJ. Informasi ini dibenarkan warga setempat kepada pihak
kepolsiian.

""Informasinya itu dia orangnya stres (ODGJ). Karena tahun dulu pernah juga
melakukan penganiayaan,"" kata Yusuf.

Penyakit pelaku diduga kambuh sehingga tega membunuh istri dan anaknya.

""Informasinya dari Kapolsek habis obatnya dia tega bunuh istri sama anaknya,""
katanya.

  
  
  
[Gambas:Video 20detik]  

 ",www.detik.com
Bejat! Pria di Mubar Sultra Cabuli-Rampok Bidan Desa Saat Tidur,"Selasa, 22 Feb 2022 19:30 WIB","\-

Seorang pria di Muna Barat (Mubar) Sulawesi Tenggara (Sultra) berinisial LS
warga Kecamatan Sawerigadi diduga mencabuli dan merampok seorang bidan desa
inisial SF (27). Korban saat itu tengah tertidur di rumah dinasnya di
Puskesmas Pembantu (Pustu) desa setempat.

""Saat itu korban sedang tertidur di kamarnya,"" kata Kapolsek Sawerigadi, IPDA
Burhanuddin melalui keterangan resminya, Selasa (22/2/2022).

Burhanuddin mengungkapkan kronologi kejadiannya, pada Kamis (17/2) pukul 24.00
Wita, korban tengah tertidur di rumah dinasnya. Tiba-tiba, seorang pria yang
diduga LS masuk di kamarnya dengan tidak menggunakan pakaian dan wajah ditutup
baju.

  

""Korban lantas berteriak, pelaku langsung mencekik leher sambil memengang
pisau,"" ujarnya.

Saat itu, pelaku mengancam akan membunuh korban jika berteriak dan meminta
tolong. Korban tetap memberontak hingga pelaku memukul beberapa kali di bagian
tubuh korban dan terdapat luka lebam.

""Kemudian pelaku melecehkan korban, tapi korban berontak,"" ujarnya.

Mengetahui aksi bejatnya gagal, pelaku lantas meminta uang korban. Korban pun
menunjukkan letak uang tersebut dan meminta pelaku setelah mengambil uang
miliknya untuk keluar dari kamarnya.

Bukannya setelah mendapatkan uang lantas pergi, pelaku kembali menggencarkan
aksi bejatnya.

""Setelah mengambil uang, pelaku kembali mendorong korban dan melecehkan korban
sambil mengancam akan membunuh korban,"" paparnya.

Usai mengancam korban, pelaku lantas keluar rumah lewat pintu Pustu. Korban
kemudian menghubungi perangkat desa dan melaporkan kejadian itu ke pihak
berwajib.

""Saat ini masih dalam proses penyidikan,"" paparnya.

  
  
  
[Gambas:Video 20detik]  

 ",www.detik.com
Remaja di Sidoarjo Diperkosa 6 Orang Setelah Dicekoki Miras,"Senin, 25 Apr 2022 21:03 WIB","\-

Seorang warga Sidoarjo berusia 19 tahun menjadi korban pemerkosaan 6 orang.
Seluruh pelaku telah ditangkap.

Para pelaku yakni MA (21), MAA (19), MWA (21), MK (33), MAR (23), AW (26).
Mereka semua merupakan warga Sidoarjo.

Kapolresta Sidoarjo Kombes Kusumo Wahyu Bintoro mengatakan kasus pemerkosaan
ini terjadi pada awal Maret 2022. Saat itu salah satu pelaku MAR berkenalan
dengan korban dan kemudian berpacaran.

Setelah dua hari berpacaran, MAR kemudian mengajak korban untuk bertemu.
Korban kemudian diajak ke kos salah satu pelaku pada pukul 20.00 WIB. Di sana
kemudian korban dicekoki minuman keras dan diperkosa.

""Di indekos korban dicekoki minuman keras lalu didorong ke kasur dan
terjadilah pemerkosaan tersebut,"" kata Kusumo di Mapolresta Sidoarjo Senin
(25/4/2022).

Kusumo menuturkan setelah melakukan perbuatan itu, tersangka MAA lalu
mengantarkan korban pulang sekitar 01.00 WIB. Usai kejadian itu, korban
kemudian menceritakan ke orang tuanya.

Pada tanggal 19 Maret ayah korban kemudian melaporkan ke Polresta Sidoarjo.
Seluruh pelaku lalu ditangkap pada 14 April 2022.

""Kami tangkap keenam tersangka pada 14 April 2022,"" ujar Kusumo.

Kusumo menambahkan dari hasil penyidikan keenam tersangka melakukan hal
tersebut secara sengaja dan sudah direncanakan.

Atas perbuatannya, mereka kini dijerat dengan Pasal 285 KUHP tentang
pemerkosaan dengan ancaman hukuman 12 tahun penjara.

""Seluruh tersangka melakukan pemerkosaan dan perbuatan cabul terhadap korban
karena terdorong oleh nafsu birahi,"" ungkap Kusumo.

""Keenam tersangka dijerat Pasal 285 KUHP tentang Pemerkosaan dengan ancaman
hukuman 12 tahun penjara dan Pasal 289 KUHP tentang Perbuatan Cabul yang
Disertai Ancaman, hukumannya sembilan tahun penjara,"" tandas Kusumo.

  
  
  
[Gambas:Video 20detik]  

 ",www.detik.com
"Bejat! Pria di Demak Perkosa-Bunuh Adik Ipar, Lalu Dibuang di Semak","Kamis, 26 Mei  2022 16:40 WIB","\-

Seorang pria berinisial SH (21) secara sadis memperkosa dan membunuh adik
iparnya di Kabupaten Demak. Pelaku kini telah ditangkap polisi.

""Polres Demak hari ini merilis kasus pembunuhan sadis oleh tersangka yang
merupakan kakak iparnya sendiri. Karena sebelum tersangka ini membunuh
melakukan persetubuhan terhadap korban, dan posisi korban ini sudah tidak
sadarkan diri,"" kata Kapolres Demak AKBP Budi Adhy Buono saat jumpa pers di
Mapolres Demak, Kamis (26/5/2022).

Pelaku merupakan warga asal Kecamatan Tembalang, Kota Semarang, yang menetap
bersama istri dan adik iparnya di Kecamatan Mranggen, Demak. Korban diketahui
masih berusia 18 tahun.

Budi menerangkan kasus pemerkosaan dan pembunuhan ini terungkap pada Rabu
(25/5) kemarin, setelah ada laporan penemuan mayat perempuan di semak-semak
dekat rumah. Kemudian pihaknya melakukan penyelidikan dan akhirnya berhasil
menangkap pelaku.

Hasil pemeriksaan sementara, pelaku mengakui dua kali memperkosa korban yang
saat itu kondisinya pingsan.

""Ini dua kali dilakukan oleh tersangka. Korban dibekap dulu, setelah itu
dipukul sampai tidak sadarkan diri. Akhirnya korban disetubuhi oleh
tersangka,"" sambungnya.

""Ini dilakukan pada saat korban tidak sadarkan diri. Pingsan, disetubuhi
sebanyak dua kali,"" ujar Budi.

Atas perbuatan sadisnya, pelaku dijerat pasal berlapis yakni tentang
penganiayaan dan pembunuhan berencana.

""Pasal 340 KUHPidana. Subsidair Pasal 338 KUHPidana subsidair Pasal 251 ayat 3
KUHPidana. Dengan ancaman pidana penjara seumur hidup atau penjara 20 tahun,""
jelasnya.

  
  
  
[Gambas:Video 20detik]  

 ",www.detik.com
Polisi Patroli ke Terminal Usut Pencurian Modus Hipnotis di Angkot Cipondoh,"Jumat, 27 Mei  2022 22:14 WIB","\-

Aksi pencurian modus hipnotis di angkot di Cipondoh, Tangerang, viral di media
sosial. Meski belum menerima laporan dari korban, polisi proaktif melakukan
patroli guna menelusuri pelaku hingga ke terminal dan pasar.

""Kita tunggu belum _nyampe-nyampe_ (laporan) itu. Tapi ya itu harus dicegah
juga itu pelakunya kurang ajar itu. Ya kita patroli ke wilayah, terus ke
terminal, ke pasar, kita tunggu laporannya,"" kata Kapolsek Cipondoh Kompol
Ubaidillah saat dihubungi, Jumat (27/5/2022).

Ubaidillah mengatakan pihaknya akan menyelidiki pelaku tersebut. Namun laporan
korban sangat diperlukan agar polisi bisa mendapatkan informasi terkait ciri-
ciri pelaku.

""Kita siap menunggu dan siap tindak lanjut, siap _aja_ kita terbuka ya niat
menolong orang kan. _Gimana_ kita mencarinya, tidak datang ke kita (laporan),""
katanya.

Meski begitu, polisi tetap berupaya mengejar pelaku ke terminal ataupun
stasiun.

""Kita melakukan upaya-upaya pencarian pelakunya ke terminal atau stasiun. Kan
dia naiknya dari sana itu, dari Ciledug ya, ke arah Cikokol, perjalanan itu,""
tambahnya.

Sebelumnya, seorang wanita bernama Prantya Devi dihipnotis di angkot pada
Senin (23/5/2022) saat baru pulang dari rumah sakit. Devi bersama adik dan
ayahnya saat itu naik angkot rute Ciledug-Cikokol di sekitar wilayah Cipondoh,
Tangerang.

Saat kejadian, ada tiga orang pria yang diduga sebagai pelaku di dalam angkot
tersebut. Salah satu di antaranya membagikan brosur praktik terapi gratis.

""Membagikan kertas kecil sambil menerangkan bahwa itu praktik terapi gratis.
Semua _dibagiin_ kertasnya, tapi saya dapat paling terakhir,"" ujar Devi kepada
, Rabu (25/5).

 _Baca selengkapnya di halaman selanjutnya._

Selanjutnya __

Halaman

1  2

 ",www.detik.com
"Motor Dicuri 12 Tahun Lalu Ditemukan, Tuyahman Tak Percuma Lapor Polisi","Sabtu, 13 Nov 2021 15:09 WIB","\-

Motor Tuyahman (40), yang hilang 12 tahun lalu, ditemukan jajaran Polres
Pelabuhan Tanjung Priok. Tuyahman pun menyampaikan apresiasi dan terima kasih
kepada pihak kepolisian.

""Saya sudah putus asa _gitu, udah_ nggak mungkin kembali. Tapi alhamdulillah
masih bisa _ditemuin_ sama Polres Pelabuhan Tanjung Priok,"" kata Tuyahman saat
dihubungi , Sabtu (13/11/2021).

Pencurian sepeda motor milik Tuyahman terjadi di daerah Kalibata, Jakarta
Selatan, pada 2009. Saat itu ia sedang membeli mi ayam di pinggir jalan.

Tuyahman sempat melaporkan perkara itu ke Polsek Pancoran. Laporannya diterima
dan diselidiki oleh polisi.

Namun, tahun berganti tahun, motor milik Tuyahman tidak kunjung ditemukan. Dia
sempat mendatangi polres-polres untuk mengecek keberadaan motornya.

""Sebenarnya ya dulu kan saya terima info ada banyak hasil motor kejahatan di
polres. Saya pernah datang berharap cek ada. Ternyata nggak ada motor saya,""
katanya.

Namun, pada Rabu (10/11), sekitar pukul 15.00 WIB, _handphone_ Tuyahman
berdering. Dia ditelepon oleh polisi Polres Pelabuhan Tanjung Priok, yang
mengaku telah menemukan motor miliknya.

""Hari Rabu jam setengah 4 sore. Jadi saya lagi ojek _online_. Tetangga saya
dulu di Mampang Prapatan telepon saya posisi ada di mana, di sini ada polisi
_cariin_ kamu, katanya motornya ditemukan,"" terang Tuyahman.

""Jadi dari polisi kan awalnya mereka STNK dan rangkanya sesuai. Diceklah nomor
rangka yang ada di bodi motor, semuanya dicek, dan di Samsat ternyata itu
terdaftarnya atas nama saya. Maka info dari Samsat itu temukan alamat saya
yang di Mampang. Saya sudah nggak tinggal di situ, tapi ketemu sama teman saya
di situ. Saya domisili di Citayam,"" sambungnya.

Tuyahman pun segera menyambangi Polres Pelabuhan Tanjung Priok pada Jumat
(12/11). Motornya yang 12 tahun hilang itu pun kini telah kembali lagi.

  
 _Simak selengkapnya di halaman selanjutnya...._

[Gambas:Video 20detik]

  
  

 _

Selanjutnya __

Halaman

1  2

_

 ",www.detik.com
"Melawan Polisi, Perampok Berpistol Jaksel Akhirnya Ditembak di Kaki","Selasa, 14 Des 2021 15:17 WIB","\-

Pria inisial D (22), pelaku perampokan di Indo Gadai, Jl M Kahfi II,
Jagakarsa, Jakarta Selatan, sempat melawan saat polisi hendak menangkapnya. D
bahkan tidak mengindahkan tembakan peringatan ketika polisi mencoba menangkap
saat ia hendak kabur.

Perampokan tersebut terjadi pada Senin (13/12) malam. Warga sampai mengepung
pelaku yang saat itu memegang pistol, yang belakangan diketahui merupakan
_airsoft gun._

Hal ini jugalah yang membuat warga takut mendekat. Beruntung, dua polisi dari
Polsek Jagakarsa sedang berpatroli datang dan langsung melumpuhkan pelaku.

""Karena pelaku memegang _airsoft gun_ , anggota Polri memberikan tembakan
peringatan,"" ujar Kabid Humas Polda Metro Jaya Kombes E Zulpan saat konferensi
pers di Polres Metro Jaksel, Selasa (14/12/2021).

##  
Ditembak di Kaki

Setelah tembakan peringatan tidak diindahkan, polisi melakukan tindakan tegas.
Polisi melumpuhkan pelaku dengan menembakkan di bagian kakinya.

""Tembakan peringatan tidak diindahkan oleh Tersangka. Kemudian anggota coba
melumpuhkan dengan mendorong ke dalam, namun Tersangka melakukan perlawanan.
Kemudian terpaksa terakhir adalah melumpuhkan yaitu menembak kakinya dengan
satu tembakan,"" terang Zulpan.

Pelaku akhirnya bisa ditangkap. Polisi sempat menutup terali gerai Indo Gadai
untuk menghindari pelaku diamuk massa.

  
 _Simak selengkapnya di halaman selanjutnya_

Selanjutnya __

Halaman

1  2

 ",www.detik.com
Jabar Hari Ini: Vonis Mati Herry Wirawan-Pemerkosa Disabilitas Ditangkap,"Senin, 04 Apr 2022 22:40 WIB","\-

Beragam peristiwa yang menggemparkan publik terjadi di Jawa Barat (Jabar) hari
ini, Senin (4/4/2022). detikJabar merangkum sejumlah peristiwanya, dari mulai
vonis mati Herry Wirawan hingga penangkapan pelaku pemerkosa disabilitas.

Pemerkosa 13 santriwati di Bandung Herry Wirawan divonis hukuman mati. Hakim
Pengadilan Tinggi (PT) Bandung mengabulkan banding dari Jaksa.

  

""Menerima permintaan banding dari jaksa/penuntut umum. Menghukum terdakwa oleh
karena itu dengan pidana mati,"" ucap hakim PT Bandung yang diketuai oleh Herri
Swantoro sebagaimana dokumen putusan yang diterima detikJabar, Senin
(4/4/2022).

Dalam dokumen tersebut, pembacaan vonis diputuskan dalam sidang terbuka pada
hari ini. Hakim dalam putusannya juga memperbaiki putusan PN Bandung yang
sebelumnya menghukum Herry Wirawan hukuman seumur hidup.

""Menetapkan terdakwa tetap ditahan,"" tutur hakim.

Adapun dalam perkara ini, Herry tetap dijatuhi hukuman sesuai Pasal 21 KUHAP
jis Pasal 27 KUHAP jis Pasal 153 ayat ( 3) KUHAP jis ayat (4) KUHAP jis Pasal
193 KUHAP jis Pasal 222 ayat (1) jis ayat (2) KUHAP jis Pasal 241 KUHAP jis
Pasal 242 KUHAP, PP Nomor 27 Tahun 1983, Pasal 81 ayat (1), ayat (3) jo Pasal
76.D UU RI Nomor 17 Tahun 2016 tentang Perubahan Atas Undang Undang Nomor 23
Tahun 2002 tentang Perlindungan Anak jo pasal 65 ayat (1) KUHP dan ketentuan-
ketentuan lain yang bersangkutan.

Sekadar diketahui, Herry dituntut hukuman mati oleh Jaksa. Akan tetapi, dalam
vonis, hakim memvonis Herry dengan hukuman penjara seumur hidup.

""Mengadili, menjatuhkan pidana kepada terdakwa oleh karena itu dengan pidana
penjara seumur hidup,"" ucap hakim.

Hakim menilai perbuatan Herry Wirawan telah terbukti bersalah sesuai dengan
Pasal 81 ayat (1), ayat (3) Dan (5) jo Pasal 76.D UU RI Nomor 17 Tahun 2016
tentang Perubahan atas Undang-Undang Nomor 23 Tahun 2002 tentang Perlindungan
Anak jo Pasal 65 ayat (1) KUHP sebagaimana dakwaan pertama.

Jaksa mengajukan banding atas vonis seumur hidup yang diberikan majelis hakim
terhadap Herry Wirawan. Jaksa meyakini, hukuman mati patut diberikan atas
perbuatan Herry memperkosa 13 santriwati.

Banding diajukan jaksa penuntut umum (JPU) Kejaksaan Tinggi (Kejati) Jawa
Barat ke Pengadilan Tinggi (PT) Bandung melalui PN Bandung.

Majelis Wilayah Korps Alumni Himpunan Mahasiswa Islam (MW KAHMI) Jawa Barat
(Jabar) menuntut pemerintah untuk tetap menggunakan kata 'madrasah' dalam draf
RUU Sisdiknas.

Dalam keterangan yang diterima detikJabar, MW KAHMI Jabar menilai
dihilangkannya kata 'madrasah' dalam draf RUU Sisdiknas menyinggung eksistensi
umat Islam. RUU Sisdiknas ini merupakan revisi dari UU Sisdiknas Nomor
20/2003.

""Madrasah banyak berkontribusi dalam perjuangan bangsa, terutama dalam
menghasilkan sumber daya manusia (SDM) dari lembaga madrasah. Penghapusan
madrasah dalam Sisdiknas mengindikasikan upaya peminggiran umat Islam secara
sistematis baik secara strategis, maupun historis,"" kata Koordinator Presidium
MW KAHMI Jabar Joni Martiyus Sikumbang, Senin (4/4/2022).

Joni menyebutkan saat ini sekitar 50.000 madrasah tersebar di berbagai
provinsi. Eksistensi madrasah sebagai satuan pendidikan formal terancam karena
adanya penghapusan kata 'madrasah' dalam RUU Sisdiknas. MW KAHMI Jabar menilai
kondisi demikian bisa menghancurkan masa depan anak bangsa yang mengenyam
pendidikan madrasah.

Joni mengatakan KAHMI Jabar menilai penghapusan kata 'madrasah' dalam RUU
Sisdiknas merupakan bentuk inflitrasi sekularisme secara sistematik. Langkah
tersebut dapat menurunkan kepercayaan publik terhadap pemerintah, khususnya
umat Islam. KAHMI jabar juga melayangkan dua tuntutan lainnya.

""Menuntut Mendikbudristek RI Nadiem Makarim untuk mengembalikan kata
'madrasah' dalam draf RUU Sisdiknas RI,"" kata Joni.

""Mendesak DPR RI agar mengembalikan draf RUU Sisdiknas kepada pemerintah, atau
menolak sama sekali rencana revisi UU Sisdiknas Nomor 30/2003. Bila Pemerintah
bersikukuh menghilangkan madrasah dalam Sisdiknas,"" kata Joni menambahkan.

Sebelumnya, dikutip dari detiknews, Mendikbudristek Nadiem Makarim memberikan
klarifikasi terkait alasan tidak masuknya istilah satuan pendidikan seperti
Madrasah hingga SMA dalam teks RUU Sisdiknas.

""Penamaan secara spesifik, seperti SD dan MI, SMP dan MTs, atau SMA, SMK, dan
MA akan dipaparkan di bagian penjelasan,"" kata Nadiem lewat akun Instagramnya,
Rabu (30/3/2022).

Nadiem menyampaikan istilah itu tidak ada dalam RUU Sisdiknas supaya RUU
tersebut bisa lebih lentur penerapannya. ""Tujuannya adalah penamaan bentuk
satuan pendidikan tidak diikat di tingkat undang-undang sehingga jauh lebih
fleksibel dan dinamis,"" kata Nadiem.

Satu orang auditor Badan Pemeriksa Keuangan (BPK) Jawa Barat ditetapkan
sebagai tersangka pemerasan. Tersangka berinisial AMR tersebut ditahan.

""Iya ditahan,"" ucap Kasipenkum Kejaksaan Tinggi (Kejati) Jawa Barat Dodi
Gazali Emil saat dikonfirmasi, Senin (4/4/2022).

Dodi mengatakan sejauh ini AMR dititipkan penahanannya di Mapolrestabes
Bandung. Dia dititipkan selagi penyidik Kejati Jabar menuntaskan pemberkasan
perkara itu.

""Dititipkan di Polrestabes Bandung,"" katanya.

Dodi menambahkan sejauh ini baru AMR yang ditetapkan sebagai tersangka.
Sedangkan rekannya berinisial F yang sempat ditangkap, belum jadi tersangka
lantaran tak cukup bukti.

Namun, sambung Dodi, tak menutup kemungkinan F bisa juga jadi tersangka
tergantung pengembangan yang dilakukan penyidik.

""Makanya ini lagi dikembangkan, kemarin kita mengamankan itu 1x24 jam yang
kita tetapkan tersangka yang satu, nanti kita melihat apakah ada perkembangan
dari pemeriksaan ini, masuk nanti prosesnya di persidangan,"" tutur Dodi.

Sekadar diketahui, Kejaksaan melakukan operasi tangkap tangan (OTT) di
Kabupaten Bekasi. OTT dilakukan terhadap penyelenggara negara. Adapun mereka
yakni auditor BPK berinisial AMR dan F.

Kedua pegawai tersebut diketahui melakukan pemerasan terhadap satu RSUD Cabang
Bungin dan 17 puskesmas di Kabupaten Bekasi. Belakangan diketahui, hanya AMR
yang dinaikkan statusnya sebagai tersangka. Sedangkan F belum jadi tersangka.

Mobil menabrak truk di Cirebon, Jawa Barat. Insiden tersebut menewaskan enam
warga Batang, Jawa Tengah.  
Kecelakaan maut ini berlangsung di jalur Pantura, Playangan, Kecamatan Gebang,
Kabupaten Cirebon, Minggu (3/4), pukul 12.30 WIB.

Mobil Toyota Avanza bernomor polisi G-1031-CC itu hancur setelah menabrak truk
tangki nomor polisi BH-8350-MV.

Kasat Lantas Polresta Cirebon Kompol Alan Haikel menceritakan detik-detik
kecelakaan maut yang menewaskan penumpang dan sopir mobil tersebut.
Menurutnya, kecelakaan itu bermula saat mobil melaju dari arah Jakarta menuju
Jawa Tengah.

""Kendaraan Toyota Avanza yang melaju dari arah Cirebon menuju ke arah Losari
oleng ke kiri kemudian menabrak truk tangki yang sedang berhenti parkir di
bahu jalan,"" kata Alan kepada via pesan singkat, Senin (4/4/2022).

Polisi datang ke lokasi kejadian. Hasil penyelidikan polisi, kecelakaan maut
itu dipicu sopir mengantuk.

""Hasil pemeriksaan saksi, diduga pengemudi dalam kondisi mengantuk,"" kata
Alan.

Total korban tewas berjumlah enam orang. Tiga orang meninggal dunia di tempat
kejadian dan tiga orang lainnya di RSUD Waled.

Polresta Bandung meringkus pelaku pemerkosaan wanita berkebutuhan khusus.
Pelaku dengan inisial A (21) tersebut saat ini telah ditetapkan tersangka.

Kapolresta Bandung Kombes Kusworo Wibowo mengatakan A ditangkap anggota polsek
setempat setelah adanya pelaporan dari suami korban.

""Tengah malam suami korban menyampaikan hal itu melaporkan ke polsek setempat
dan bersama-sama dengan polsek mendatangi tersangka,"" ujar Kusworo saat press
rilis di Mapolresta Bandung, Soreang, Kabupaten Bandung, Senin (4/4/2022).

Kusworo menjelaskan, saat ditangkap tersangka sempat tidak mengakui perbuatan
tersebut. Akan tetapi, setelah mendapatkan alat bukti, kepolisian langsung
menangkap tersangka.

""Pada saat itu tersangka belum mengakui. Namun setelah melakukan pemeriksaan
yang intens, dengan alat bukti yang ada, hingga akhirnya dilakukan penangkapan
dan penahanan terhadap tersangka,"" jelasnya.

Kusworo menjelaskan, kejadian pemerkosaan berawal saat tersangka melakukan
minum-minum bersama suami korban. Setelah itu, tersangka turun ke lantai bawah
dan melihat korban. Ia lalu terpikir ingin melakukan tindakan tidak senonoh.

""Kronologisnya adalah pada saat tersangka ini merupakan teman dari suami
korban mengajak minum-minuman keras suami korban di lantai dua. Kemudian pada
saat tersangka turun ke bawah itu tidak sengaja melihat korban sedang
memainkan handphone-nya. Sehingga muncul keinginan untuk melakukan tindak
senonoh terhadap korban,"" jelasnya.

""Kemudian korban diajak ke belakang rumah, di kebun dengan pagar, dilakukanlah
tindakan tidak senonoh terhadap korban dengan secara paksa. Kemudian setelah
itu tersangka mengantarkan korban ke depan gang rumah yang pada saat itu
terjadi (pemerkosaan),"" katanya.

Setelah itu, suami korban menemukan korban menangis di rumahnya. Kata dia,
korban langsung menceritakan kejadian sebenarnya kepada suaminya.

""Suami korban mencari korban yang dikiranya itu ke rumah saudaranya. Kemudian
pada ke rumah saudaranya ternyata tidak ada, suami korban kembali ke rumah dan
didapati korban sedang menangis. Pada saat itu diceritakan oleh korban bahwa
telah disetubuhi dengan paksa oleh teman dari pada suami korban,"" jelasnya.

Dia menambahkan tersangka harus mengakui perbuatannya dengan ancaman hukuman
maksimal 12 tahun penjara.

""Dan oleh perbuatannya tersangka dikenakan pasal 285 KUHP dengan ancaman
hukuman penjara maksimal 12 tahun. Tersangka hanya 1 orang dan informasinya
baru satu kali melakukan perbuatan ini,"" ucapnya.

 ",www.detik.com
"Nasabah Bank di Jember Dirampok, Rp 146 Juta Uang Jual Tanah Warisan Raib","Senin, 06 Jun 2022 17:15 WIB","\-

Seorang nasabah bank di Jember kehilangan uang ratusan juta rupiah hasil
menjual tanah warisan. Uang yang ditinggal di mobil itu raib digarong maling.

Korban bernama Misyati (42) warga Kelurahan Sukorejo, Sumbersari, Jember. Uang
yang dibawa kabur pencuri mencapai Rp 146 juta.

Peristiwa itu terjadi di sekitar Alun-Alun Jember. Mobil korban diparkir di
tepi jalan di samping Kantor bank.

Efendi, Adik Misyati menceritakan bagaimana peristiwa itu terjadi. Sekitar
pukul 12.00 WIB korban mengambil uang di bank usai menjual tanah warisan.

""Rencana uang itu mau dibagi empat. Uang tersebut ditaruh dibawa jok mobil,""
kata Efendi, Senin (6/6/2022).

Misyati pun meninggalkan uang dan mobilnya itu ke sebuah warung makan yang ada
di samping bank. Dua menit kemudian alarm mobilnya berbunyi.

![Polisi melakukan olah TKP dan memeriksa saksi pencurian uang nasabah BRI
Jember di
mobil.](https://akcdn.detik.net.id/community/media/visual/2022/06/06/polisi-
melakukan-olah-tkp-dan-memeriksa-saksi-pencurian-uang-nasabah-bri-jember-di-
mobil_169.jpeg?w=620)Tempat korban menaruh uang ratusan juta hasil penjualan
tanah warisan di dalam mobilnya. (Foto: Yakub Mulyono/)  
  
---  
  
Korban pun segera berlari ke arah mobilnya dan mendapati maling itu keluar
dari mobil membawa uang yang ia simpan. Sementara pelaku lainnya menunggu di
atas motor.

Melihat korban datang kedua pelaku segera tancap gas kabur membawa uang hasil
penjualan tanah warisan itu.

Peristiwa itu dilaporkan ke polisi. Tidak berselang lama, polisi datang
melakukan olah TKP dan memasang garis polisi di sekitar mobil.

Kanit Reskrim Polsek Patrang Aiptu Sutaryoto membenarkan kejadian itu. Selain
melakukan olah TKP, polisi juga meminta keterangan sejumlah saksi di tempat
kejadian.

""Kami saat ini masih melakukan olah TKP dan memeriksa beberapa saksi,"" terang
Sutaryoto.

  
  
  
[Gambas:Video 20detik]  

 ",www.detik.com
"Pria di Muna Dibunuh Sadis Teman Sendiri Saat Pesta Miras, 4 Orang Ditangkap","Rabu, 18 Mei  2022 22:40 WIB","\-

Seorang pria bernama Irfan di Kabupaten Muna, Sulawesi Tenggara (Sultra)
dibunuh secara sadis oleh empat temannya sendiri saat pesta minuman keras
(miras). Empat pelaku tersebut kini sudah diamankan polisi.

""Empat pelaku sudah diamankan di Mapolres Muna,"" kata Wakapolres Muna Kompol
Anggi Siaahan saat jumpa pers, Rabu (18/5/2022).

Peristiwa itu terjadi di Desa Masalili, Kecamatan Kontunaga, Muna pada Kamis
(5/5) sekitar pukul 23.30 Wita. Saat itu korban bersama para pelaku bernama
Sumada, Kolu, Lawesi, dan Rima tengah menggelar pesta miras di salah satu
rumah warga di pinggir jalan raya. Korban sempat marah-marah kepada Sumada,
kemudian berdiri di hadapan para pelaku.

  

""Tidak berselang lama Kolu ini sambil memegang sebilah badik berdiri langsung
menikam dada sebelah kiri korban (Irfan) sebanyak satu kali,"" ungkapnya.

Anggi menuturkan, usai ditikam korban langsung keluar dari tempat tersebut
sambil mencabut badik yang menancap di tubuhnya.

""Kemudian pelaku Lawesi, Rima, dan Sumada serentak berdiri dari kursi membantu
Kolu menghadapi korban,"" ungkap dia.

Selanjutnya, Sumada mengambil satu kursi plastik dan menghantamkan ke arah
pinggang korban sebanyak satu kali. Korban pun lari menyusuri jalan raya,
disusul para pelaku yang ikut mengejar.

""Saat itu korban berlari menyusuri jalan sambil memegang badik. Korban
berhenti, lalu pelaku Kolu menikam punggung belakang korban sebanyak tiga
kali,"" ujar dia.

Tak puas, Kolu kembali menikam korban dengan badiknya tersebut sebanyak dua
kali. Kemudian, Lawesi yang ikut mengejar lalu mengambil kayu pagar dan
melemparkan ke arah tangan korban.

""Pelaku Rima datang juga mengambil kayu papan dan menghantamkan ke kepala
korban. Sumada juga ikut mengambil kayu pagar dan memukul korban di badannya,""
bebernya.

Korban yang tumbang berusaha menghindar menuju sebuah pohon yang tidak jauh
dari lokasi untuk berlindung. Namun pelaku Lawesi dan Rima mengikuti korban
dan kembali menghantamkan kayu pagar.

""Korban sempat lari lagi tapi pelaku mengejar dari belakang, tapi korban
terjatuh. Pelaku langsung mengeroyok korban sampai saudara korban datang
memapah korban,"" ungkapnya.

Mengetahui saudara korban datang, para pelaku langsung kabur meninggalkan
lokasi kejadian. Namun tak berselang lama nyawa korban tidak bisa
diselamatkan.

""Korban meninggal malam itu juga,"" bebernya.

## Pelaku Ditangkap dan Serahkan Diri

Anggi mengungkapkan pihaknya mendapatkan informasi keberadaan pelaku Sumada di
rumahnya pada Jumat (6/5) pukul 01.00 Wita. Polisi pun langsung melakukan
penangkapan. Dari keterangan Sumada, polisi lalu mengejar pelaku lain yang
diketahui tengah bersembunyi di salah satu kebun warga setempat.

""Pukul 05.00 Wita polisi berhasil menangkap pelaku Kolu beserta barang bukti
sebilah badik yang diselipkan di pinggang,"" papar dia.

Sementara dua pelaku lainnya berhasil kabur menuju hutan di Desa Masalili.
Polisi yang melakukan pengejaran kehilangan jejak.

""Sekitar pukul 12.30 Wita Lawesi dan Rima secara kooperatif menyerahkan diri
di Polsek Kontunaga lalu kemudian ke empat pelaku diamankan di Polres Muna,""
ujarnya.

Dari keterangan yang didapatkan polisi, pelaku Kolu melakukan kejahatannya
dengan menikam korban karena sakit hati, emosi, dan dendam karena korban
pernah menendang pelaku Rima saat acara joget.

Atas perbuatan tersebut, para pelaku dijerat dengan Pasal 338 KUHP Jo Pasal 55
ayat (1) ke 1 KUHP dan atau Pasal 170 Ayat (2) ke 3 KUHP tentang Tindak Pidana
Pembunuhan dan atau Kekerasan yang dilakukan secara bersama-sama hingga
mengakibatkan matinya orang dengan pidana penjara maksimal 15 tahun.

  
  
  
[Gambas:Video 20detik]  

 ",www.detik.com
"Lansia Bantaeng Tewas Usai Kepergok Curi Limbah Nikel, Keluarga: Dia Pemulung","Senin, 23 Mei  2022 10:10 WIB","\-

Pihak keluarga turut buka suara terkait lansia bernama Nuru Saali (78) di
Bantaeng, Sulawesi Selatan (Sulsel) yang tewas usai diduga mencuri limbah
perusahaan nikel dan dikejar tiga oknum polisi. Keluarga mengatakan kakek Nuru
hanya merupakan seorang pemulung.

""Soal pencurian saya tidak tahu, intinya ini om ku (kakek Nuru) dia masuk cari
besi dari hasil produksi. Kan yang dia tempati cari besi adalah tempat
pembuangan limbah Huadi (limbah perusahaan tambang nikel), nah di situ ada
beberapa besi yang tidak jadi dan itu yang dia kumpulkan,"" kata Ardiansyah
(21), seorang keponakan kakek Nuru kepada , Senin (23/5/2022).

Ardiansyah mengatakan, almarhum kakeknya merupakan seorang pembuat batu merah.
Namun kakek Nuru tak bisa lagi menggeluti pekerjaannya itu sejak kehadiran
perusahaan tambang nikel.

  

""Dia tidak bisa lagi membuat batu merah. Airnya kekeringan karena akibat dari
banyak sekali sumur bor di Huadi. Makanya untuk mendapatkan penghasilan
keluarga itu yang dilakukan, mencari besi di limbah hasil produksi Huadi ini.
Saya tidak tahu apakah ini pencurian tapi dia cuma memulung,"" kata Ardiansyah.

## Keluarga Laporkan Ada Luka di Kepala Kakek Nuru

Ardiansyah kemudian menegaskan dugaan penganiayaan yang dialami kakek Nuru
sebelum dianiaya. Kakek Nuru menderita luka pada kepala sebelah kanan.

""Dia di bagian kepala, bagian kanan itu pecah kepalanya. Hasil visumnya dia
kayak (seperti) dianu benda tumpul,"" kata Ardiansyah.

Selain itu, Ardiansyah juga menyebut tangan kakek Nuru juga patah. Hal itu
diduga karena penganiayaan.

""Terus tangannya patah. Dan tangannya juga ada benjolan keluar. Indikasinya
itu bukan karena jatuh tapi diputar _ki_ itu tangan,"" kata Ardiansyah.

## 3 Polisi Diperiksa Buntut Kakek Nuru Tewas

Sebelumnya diberitakan, 3 oknum polisi yang memergoki kakek Nuru saat diduga
mencuri limbah nikel kini diperiksa Propam Polda Sulsel. 2 Sekuriti perusahaan
tambang juga diperiksa.

""Ada tiga anggota diperiksa oleh Propam. Termasuk dua dari Satpam diperiksa
oleh Satreskrim Polres Bantaeng,"" kata Kabid Humas Polda Sulsel Kombes Komang
Suartana kepada , Rabu (18/5).

Peristiwa itu terjadi di area PT HN, Papanloe, Kecamatan Pakjukukan, Kabupaten
Bantaeng, Selasa (17/5) pukul 02.30 Wita. Saat itu korban dipergoki melakukan
aksi pencurian bersama rekannya Mujahid (51).

""Benar mencuri limbah nikel jenis slag di PT HN,"" ungkap Suartana.

Suartana menuturkan, korban Nuru dan rekannya awalnya dipergoki sedang
melakukan pencurian di area tambang. Korban kemudian kabur dan terjatuh,
sehingga meninggal dunia.

""Yang jatuh kan sudah berumur kan (Nuru). Nah saat dibawa ke rumah sakit,
meninggal (akibat) sesak napas,"" ujarnya.

  
  
  
[Gambas:Video 20detik]  

 ",www.detik.com
Bejat! Pria di Banjarnegara Perkosa Anak Tirinya Sejak Kecil Bertahun-tahun,"Jumat, 27 Mei  2022 16:59 WIB","\-

Seorang pria berinisial R (56) warga Kecamatan Punggelan, Kabupaten
Banjarnegara, Jawa Tengah tega memperkosa anak tirinya sendiri. Aksi bejat itu
dilakukan pelaku selama 7 tahun.

""Ada seorang laki-laki menyetubuhi anak tirinya sendiri. Perbuatan itu
dilakukan selayaknya suami istri,"" ungkap Kapolres Banjarnegara AKBP Hendri
Yulianto saat jumpa pers di Mapolres Banjarnegara, Jumat (27/5/2022).

Ironis, aksi bejat ini dilakukan selama 7 tahun, sejak korban baru berusia 10
tahun. Pelaku selalu mengancam kepada korban akan membunuh jika tidak melayani
nafsunya. Ia juga mengancam jika korban melaporkan perbuatannya.

""Ini terjadi sejak tahun 2015 sampai tahun 2022. Sampai korban ini sekarang
usianya 17 tahun. Persetubuhan ini terjadi cukup lama, karena korban diancam
akan dibunuh jika tidak mau melayani atau melaporkan perbuatannya,"" terangnya.

Tindak asusila ini akhirnya terungkap saat keluarga korban melaporkan kepada
polisi. Pria yang setiap hari bekerja sebagai tukang ojek online ini akhirnya
diringkus Polres Banjarnegara di rumahnya.

""Terakhir membujuk untuk melakukan persetubuhan itu tanggal 8 Mei 2022
kemarin. Dari pengakuan pelaku, saat itu tidak terjadi layaknya hubungan suami
istri. Tetapi dari situ kami menerima laporan kemudian pelaku kami tangkap di
rumahnya,"" kata dia.

Akibat perbuatannya, R dijerat dengan Undang-undang Nomor 35 Tahun 2014
tentang Perlindungan Anak dengan ancaman maksimal 15 tahun penjara.

Sementara itu, R mengaku gelap mata karena nafsu. Dia memperkosa anak tirinya
di rumahnya sendiri saat kosong.

""(Alasan perbuatan persetubuhan) Karena nafsu. Semuanya dilakukan di rumah,""
ujarnya singkat, saat dihadirkan dalam jumpa pers.

  
  
  
[Gambas:Video 20detik]  

 ",www.detik.com
"Motor Warga Tuban yang 1,5 Tahun Hilang Kini Kembali: Matur Nuwun Pak Polisi","Rabu, 26 Jan 2022 16:42 WIB","\-

Motor milik warga Jatirogo, Tuban yang hilang dicuri ditemukan polisi. Tak
hanya itu pencurinya juga ikut ditangkap. Motor tipe Honda vario 125 nopol
2571 EY itu kemudian dikembalikan ke pemiliknya.

Isman (55), pemilik motor mengaku tak menyangka motor yang hilang dicuri pada
Juni 2020 ini bisa kembali lagi. Ia menerima motor satu-satunya itu dengan
perasaan senang saat di halaman Polres Tuban.

""Alhamdulillah, sangat tidak menyangka bisa ketemu lagi motor ini. Matur nuwun
pak polisi."" tutur korban Isman sambil berkaca kaca air matanya, Rabu (
26/1/2022).

Isman kemudian menuturkan bagaimana motornya dicuri waktu itu. Saat itu,
motornya dipakai oleh anaknya untuk mengambil karung jagung di kebun pada
pukul 10.00 WIB. Namun ketika akan kembali motor yang diparkir ternyata telah
raib.

Menurut Isman, hilangnya motor itu membuat anaknya ketakutan sehingga tak
berani melaporkan ke dirinya. Ia sendiri mengetahui motor itu hilang setelah
beberapa hari kemudian.

Isman menyebut hilangnya motor itu sebenarnya sudah mengikhlaskannya.
Kembalinya motornya ini, lanjut Isman, akan digunakan untuk kegiatan sehari-
hari lagi seperti ke kebun dan ke pasar.

""Pada saat panen jagung, karung plastiknya saya habis, kemudian saya meminta
anak saya mengambil dan mengantarnya ke kebun. Saat akan kembali ke parkiran
motor itu sudah hilang,"" imbuh Isman, Rabu (26/1/2022).

Kasat Reskrim Polres Tuban AKP Adi Makayasa mengatakan terungkapnya kasus
curanmor itu karena adanya laporan dari Isman sendiri.

Saat itu, lanjut Adi, korban mengaku melihat motornya itu di daerah Kenduruan.
Mengetahui itu, Isman kemudian melaporkan ke Polsek Jatirogo pada Selasa
(11/1/2022).

Dari laporan itu, Satreskrim Polres Tuban langusng melakukan penyelidikan dan
akhirnya ditemukan motor dan diketahui pelakunya. Kini, pelaku tersebut telah
ditetapkan sebagai tersangka dan ditahan di rutan.

""Pelaku sudah kita amankan dan ditetapkan tersangka oleh penyidik. tersangka
dijerat dengan Pasal 363 KUHP Sub pasal 480 KUHP ancaman hukuman pidana
penjara paling lama 7 tahun penjara atau penjara paling lama 4 tahun penjara,""
kata Adi.

  
  
  
[Gambas:Video 20detik]  

 ",www.detik.com
Anak Buah Eks Kasatpol PP Makassar Perankan Lempar Santet ke Rumah Korban,"Kamis, 19 Mei  2022 13:12 WIB","\-

Rekonstruksi kasus Kasatpol PP Makassar nonaktif Iqbal Asnan membunuh pegawai
Dishub Najamuddin Sewang berlanjut ke rumah korban. Rekonstruksi di rumah
korban dimulai dengan aksi anak buah tersangka Iqbal Asnan, Muhammad Asri
melempar santet ke rumah korban Najamuddin.

Pantauan di rumah korban di Residence Alauddin Blok K, Jalan Sultan Alauddin,
Kamis (19/5/2022) sekitar pukul 14.00 Wita, terlihat Asri dan saksi
Sahabuddin. Keduanya sedang berboncengan motor melintasi jalan depan rumah
korban.

Sahabuddin mengendarai motor sementara tersangka Asri yang dibonceng terlihat
melempar botol berisi air minum ke dalam teras rumah korban. Botol tersebut
sebelumnya sempat dikemas ke dalam kantong kresek hitam.

  

Setelah motor melewati rumah korban, Sahabuddin menyetop kendaraan dan
bertukar posisi dengan Asri. Kali ini Asri yang mengendarai motor dan
Sahabuddin yang duduk di belakang.

![Aksi anak buah eks Kasatpol PP bunuh pegawai Dishub lempar santet ke rumah
korban \(detikSulsel/Muh Ishak
Agus\)](https://akcdn.detik.net.id/community/media/visual/2022/05/19/aksi-
anak-buah-eks-kasatpol-pp-bunuh-pegawai-dishub-lempar-santet-ke-rumah-korban-
detiksulselmuh-ishak-agus_169.jpeg?w=620)Foto: Aksi anak buah eks Kasatpol PP
bunuh pegawai Dishub lempar santet ke rumah korban (detikSulsel/Muh Ishak
Agus)  
  
---  
  
Kemudian Asri memutar balik motor dan kembali melintasi jalan depan rumah
korban. Sahabuddin yang dibonceng kemudian melemparkan sebutir telur ke dalam
teras rumah korban.

Rekonstruksi di rumah korban selesai sampai di situ. Baik tersangka Asri dan
Sahabuddin sama-sama meninggalkan rumah korban.

## Kasatpol PP Makassar Sempat Kirim Santet Sebelum Bunuh Najamuddin

Untuk diketahui, Eks Kasatpol PP Makassar Iqbal sempat mengirim santet kepada
korban Najamuddin sebelum merencanakan penembakan maut. Santet itu dikirim
setelah dia meminta jasa seorang dukun,

""Adapun langkah atau cara si otak pelaku ini melakukan pembunuhan berencana
ini mulai dari mencari dukun,"" ungkap Kapolrestabes Makassar Kombes Budi
Haryanto saat jumpa pers di Polrestabes Makassar, Senin (18/4) lalu.

![Aksi anak buah eks Kasatpol PP bunuh pegawai Dishub lempar santet ke rumah
korban \(detikSulsel/Muh Ishak
Agus\)](https://akcdn.detik.net.id/community/media/visual/2022/05/19/aksi-
anak-buah-eks-kasatpol-pp-bunuh-pegawai-dishub-lempar-santet-ke-rumah-korban-
detiksulselmuh-ishak-agus-1_169.jpeg?w=620)Foto: Aksi anak buah eks Kasatpol
PP bunuh pegawai Dishub lempar santet ke rumah korban (detikSulsel/Muh Ishak
Agus)  
  
---  
  
Pembunuhan Najamuddin memang sudah direncanakan Iqbal sejak tahun 2020, dimana
upaya mengirim santet menjadi salah satu cara agar Najamuddin cepat terbunuh.

""Ada orang disuruh untuk melempar sesuatu (santet) ke rumah korban. Tetapi
tidak meninggal,"" jelasnya.

![Aksi anak buah eks Kasatpol PP bunuh pegawai Dishub lempar santet ke rumah
korban \(detikSulsel/Muh Ishak
Agus\)](https://akcdn.detik.net.id/community/media/visual/2022/05/19/aksi-
anak-buah-eks-kasatpol-pp-bunuh-pegawai-dishub-lempar-santet-ke-rumah-korban-
detiksulselmuh-ishak-agus-2_169.jpeg?w=620)Foto: Aksi anak buah eks Kasatpol
PP bunuh pegawai Dishub lempar santet ke rumah korban (detikSulsel/Muh Ishak
Agus)  
  
---  
  
Karena santet yang dikirim gagal membunuh Najamuddin, Iqbal lantas mencari
eksekutor yang bisa membunuh korban.

""Akhirnya dia mencari siapa yang bisa membunuh si korban ini. Ternyata ketemu,
terjadilah peristiwa penembakan tersebut,"" tuturnya.

  
  
  
[Gambas:Video 20detik]  

 ",www.detik.com
"Cabuli Mahasiswi Tetangga Kos saat Tidur, Mahasiswa di Makassar Ditangkap!","Sabtu, 26 Mar 2022 14:05 WIB","\-

Mahasiswa berinisial IK (20) di Kota Makassar, Sulawesi Selatan (Sulsel)
ditangkap polisi atas kasus pencabulan mahasiswi berusia 21 tahun. Korban
merupakan tetangga kamar kos pelaku.

""Pelaku sudah diamankan di Polsek,"" kata Kasi Humas Polsek Tamalanrea Aipda M
Khalil saat dimintai konfirmasi Sabtu (26/3/2022).

IK berbuat bejat di salah satu pondok rumah kos di kawasan Bumi Tamalanrea
Permai (BTP) pada Jumat (25/3). Saat kejadian, korban sedang tidur sore di
kamar kosnya sekitar pukul 16.00 Wita.

  

""Awalnya korban sedang tidur di dalam kamar kosnya dan pintu dalam keadaan
terbuka,"" kata M Khalil.

Sementara pelaku yang melihat kondisi itu lantas timbul niat berbuat bejat. Ia
kemudian nekat memasuki kamar kos korban dan melakukan perbuatan bejat di
dalam kamar kos sehingga korban terbangun.

""(Saat tersadar) korban langsung berteriak dan membuat pelaku langsung
melarikan diri,"" katanya.

Akibat kejadian tersebut, korban langsung melaporkan IK ke Polsek Tamalanrea.
Pelaku pun diciduk polisi.

""Sekarang unit Reskrim sedang gelar perkara untuk melihat kasusnya lanjut atau
kah bagaimana,"" katanya.

  
  
  
[Gambas:Video 20detik]  

 ",www.detik.com
"Maling Bobol Mobil Pagi Hari di Ciputat Tangsel, Aksinya Terekam CCTV","Sabtu, 16 Apr 2022 13:55 WIB","\-

Aksi pencurian mobil pikap milik penjual keramik terjadi di Jalan Sumatera,
Ciputat, Tangerang Selatan, Banten, terekam CCTV. Dalam rekaman CCTV, pelaku
membobol pintu mobil bak terbuka tersebut.

Pemilik mobil, Njen, menjelaskan saat itu mobilnya terparkir di depan toko
pemotongan keramik. Sekitar pukul 08.00 WIB, salah satu karyawannya mendapati
mobil pikap sudah raib.

""Mobil memang lagi parkir di depan toko pemotongan keramik di Jalan Sumatera
pas tanjakan Sidik. Pas tahu mobil nggak ada, ketika karyawan mau _nurunin_
barang karena sudah jam kerja, sekitar pukul 08.00 WIB,"" jelas Njen saat
dihubungi, Sabtu (16/4/2022).

""Tapi, begitu ditanya sama teman-teman, 'mobil siapa yang _make_?', nggak ada
yang tahu, tapi kunci ada. Baru kita buka CCTV, ternyata kecurian,"" imbuh
Njen.

Pencurian itu terjadi pada Jumat (15/4). Dari rekaman CCTV, pelaku pencurian
beraksi sekitar pukul 05.45 WIB.

""Iya sepi, karena masih pagi. Mobil dibawa sekitar jam 05.55 WIB,"" ujar Njen

Njen berniat melaporkan kejadian ini kepada pihak kepolisian. ""Pastilah (lapor
polisi) tampak jelas soalnya CCTV kita,"" sambung dia.

[Gambas:Video 20detik]

 ",www.detik.com
Kapolres Kupang Minta 3 Pemerkosa Gadis Disabilitas Dihukum Berat,"Selasa, 26 Apr 2022 17:35 WIB","\-

Dua pelaku pemerkosaan gadis disabilitas di Kupang, Nusa Tenggara Timur yakni
DT alias Dani dan ZT alias Zaka telah ditangkap polisi dari Polres Kupang.

Keduanya menjadi tersangka kasus pemerkosaan sesuai laporan polisi nomor
LP/B/91/IV/2022/NTT/Polres Kupang tanggal 15 April 2022.

Satu pelaku lainnya NT alias Niko kabur dan masih dalam pencarian. Niko pun
buron dan dijadikan Daftar Pencarian Orang (DPO) oleh Polres Kupang.

  

Pelaku Dani dan Zaka ditangkap di Desa Oebola, Kecamatan Fatuleu, Kabupaten
Kupang pada Minggu (24/4/2022) subuh.

Tersangka Dani ditangkap di kediamannya di Desa Oebola Luar saat tidur.

Sementara tersangka Zaka diamankan anggota di dalam kebun kakak nya yang
berjarak sekitar 1 kilometer dari rumah yang berlokasi di Oemolo, Kecamatan
Fatuleu.

Terkait hal ini, Kapolres Kupang, AKBP FX Irwan Arianto menegaskan kalau
pihaknya akan tegas dalam menindak dan memproses para tersangka.

Kapolres Kupang AKBP FX Irwan Arianto malah langsung berkoordinasi dengan
kepala Kejaksaan Kupang dan ketua Pengadilan Kupang soal penerapan pasal bagi
para tersangka.

""Kami koordinasi dengan jaksa dan hakim agar diterapkan pasal pemberatan
karena aksi para tersangka di luar batas kemanusiaan,"" ujar nya, Selasa
(26/4/2022).

Ia minta penyidik unit PPA Satreskrim Polres Kupang menerapkan pasal berlapis.
""Harus ada hukuman maksimal bagi para pelaku karena korban diperkosa bersama-
sama,"" tambahnya.

FX Irwan Arianto juga menyebutkan kalau tersangka Dani malah dua kali
memperkosa korban di waktu dan tempat yang berbeda.

Tersangka Dani malah mengajak dua kerabatnya yang lain Zaka dan Niko untuk
bersama-sama memperkosa korban pasca korban melaporkan kasus pemerkosaan ini
ke Polres Kupang.

Kapolres Kupang AKBP FX Irwan Arianto pun memerintahkan anggotanya mencari dan
menemukan Pelaku Niko.

Selain itu polisi juga meminta bantuan kepala dusun di Desa Oebola Dalam yang
juga kakak kandung dari Niko agar membantu polisi menemukan Niko dan
menyerahkan ke polisi.

""Kita minta Niko melalui keluarganya menyerahkan diri. Kita akan cari dan
kejar,"" ungkap mantan Kapolres Sumba Barat ini.

Ia merasa miris dengan kondisi bugil pasca diperkosa karena korban ditemukan
dengan posisi tangan dan mata terikat serta mulut tersumbat daun dan pakaian
terkoyak.

  
  
  
[Gambas:Video 20detik]  

 ",www.detik.com
"Gagal Sasar Ibu dan Anak, Begal di Bandung Tewas Dihakimi Warga","Senin, 23 Mei  2022 11:56 WIB","\-

Begal bersenjata tajam berinisial AH tewas usai dihakimi warga. AH kepergok
warga tengah beraksi dengan sasaran ibu dan anak.

Aksi begal yang dilakukan oleh AH berlangsung di Jalan Pasir Impun,
Gempolsari, Kecamatan Bandung Kulon, Kota Bandung pada Sabtu (21/5) malam.
Saat itu, AH sedang beraksi dengan menyasar korban ibu-anak.

""Nah saat itu, satu orang warga terluka karena sabetan (senjata tajam) pelaku
(AH),"" ucap Pjs Kasubbag Humas Polrestabes Bandung Kompol Rahayu
Mustikaningsih saat dikonfirmasi, Senin (23/5/2022).

  

Aksi pelaku tersebut kepergok warga sekitar. AH sempat hendak ditangkap oleh
warga namun berusaha melawan dengan senjata golok yang di genggamnya.

Dia berusaha melarikan diri. Akan tetapi, warga sudah kadung mengepung AH. Dia
lalu ditangkap warga dan menjadi bulan-bulanan warga.

Adanya insiden tersebut, polisi langsung datang ke lokasi untuk mengamankan
pelaku. AH lalu dievakuasi oleh polisi ke Rumah Sakit Sartika Asih.

""Pelaku dibawa ke rumah sakit karena mengalami luka akibat dihakimi warga.
Pada hari Minggu jam 16.15 WIB, pelaku meninggal dunia,"" kata Rahayu.

 ",www.detik.com
6 Fakta Dugaan Perampokan Tewaskan Sekuriti Studio Foto di Semarang,"Rabu, 30 Mar 2022 06:31 WIB","\-

Kasus dugaan perampokan terjadi di salah satu studio foto dan toko kamera di
Kota Semarang, Jawa Tengah. Sekuriti atau penjaga malam studio foto, Supriyono
(37), ditemukan tewas di lokasi kejadian.

Berikut ini fakta-fakta peristiwa di Jalan Diponegoro, Gajahmungkur, Kota
Semarang, yang diketahui pada Selasa (29/3/2022) itu.

## 1\. Diketahui pagi hari

Kakak korban, Eko Supriyanto (45), mengaku mendapat informasi adiknya tewas di
pagi hari.  
  
""Jam 7 sampai jam 8 tadi pagi dikasih tahu kalau di Lempong ada kasus
pembunuhan ternyata adik saya,"" kata Eko kepada wartawan di lokasi kejadian,
Selasa (29/3).

Eko mengungkap Supriyono sehari-hari bekerja sebagai penjaga malam di studio
foto itu. Pria yang tinggal tak jauh dari lokasi kejadian itu mengaku belum
bisa melihat jenazah adiknya secara langsung.

""Kalau lukanya kurang paham, karena tidak boleh mendekat sama pihak berwajib,""
ujarnya.

### 2\. Korban alami luka tusuk

Kasat Reskrim Polrestabes Semarang AKBP Donny Lombantoruan menyebut korban
mengalami luka tusuk.

""Dari penyelidikan awal kita temui adanya tanda-tanda tusukan pada korban
kemudian kita temui juga ada barang bukti terkait pisau yang diduga digunakan
untuk menusuk,"" kata Donny di lokasi kejadian, Selasa (29/3).

""Korban sehari-hari bertugas sebagai sekuriti untuk mengawasi Focus dan Jurnas
ini, sekeliling kompleks,"" lanjutnya.

Disebutkan studio foto itu sebenarnya sudah tidak aktif. Selain studio foto
dan toko kamera, ada juga warung steak tempat korban ditemukan tewas.

## 3\. Barang di studio foto hilang

Sejumlah barang di studio foto tempat penemuan mayat Supriyono dilaporkan
hilang.

Salah seorang pegawai, Wahyu (33), menyebut pelaku mengambil barang dari satu
lokasi saja. Menurutnya, lokasi itu merupakan tempat penyimpanan barang yang
terbilang mahal.

""Kayaknya yang nyuri juga sudah tahu lokasinya juga yang diambil juga cuma
satu lokasi, sudah tahu tempatnya yang mahal mana,"" ujar Wahyu saat ditemui di
lokasi, Selasa (29/3).

Pelaku perampokan diduga masuk ke toko kamera melalui area toilet di lokasi.
Sebab, terlihat ada satu lubang yang seukuran dengan lingkar pinggang orang
dewasa.

Saat pertama kali ditemukan jasad korban, pintu toko kamera juga masih
tertutup rapi dengan alarm yang dipastikan masih menyala.

""Jalannya kok juga tahu lewat belakang situ,"" ucap Wahyu.

Wahyu mengaku belum mengetahui detail barang yang hilang. Namun, diprediksi
mencapai ratusan juta rupiah.

""Ini prediksinya nih kurang lebih Rp 200 juta, itu kamera, sama tas, sama
lensa. Kalau detailnya sih belum pasti,"" jelasnya.

## 4\. Dugaan perampokan

Donny sendiri menyebut pihaknya mendapat laporan sekitar pukul 06.15 WIB.
Diduga tewasnya Supriyono berkaitan dengan perampokan di studio foto.

""Dugaan kita adanya upaya untuk perampokan (pasal) 365,"" jelasnya.

## 5\. Polisi temukan barang diduga milik pelaku

Polisi menemukan sejumlah barang di lokasi kejadian. Diduga barang-barang itu
milik pelaku yang tertinggal di lokasi.

""Ada alat las, terus juga ada barang-barang tersangka yang diduga tertinggal
sejumlah satu ransel dengan segala peralatan isinya,"" kata Donny.

Barang yang ditemukan antara lain adalah obeng, alat las, dan sebuah ransel.
Polisi juga menemukan pisau yang diduga digunakan untuk menusuk korban.

""Ketinggalan dari pelaku ada pisau yang digunakan diduga untuk menusuk,
kemudian ada alat las ada tas berisi obeng dan lain-lain, ada ransel,""
ujarnya.

## 6\. Periksa saksi

Polisi masih menyelidiki kasus dugaan perampokan dan tewasnya sekuriti studio
foto di Semarang bernama Supriyono (37) itu. Setidaknya, sudah tiga orang
saksi yang diperiksa.

""Saksi yang akan kita periksa ada tiga orang sementara,"" lanjut Donny.

Pantauan di lokasi, Selasa (29/3) pagi terlihat tim Inafis melakukan olah TKP.
Satu ekor anjing pelacak dikerahkan dan TKP dipasangi garis polisi.

Korban baru dievakuasi sekitar pukul 09.35 WIB. Polisi membawa jenazah korban
ke RSUP Dr Kariadi untuk dilakukan autopsi.

  
  
  
[Gambas:Video 20detik]  

 ",www.detik.com
"Curi Rp 4 M dari Bintang Porno Selingkuhan Trump, Pengacara AS Dibui","Jumat, 03 Jun 2022 15:56 WIB","\-

Seorang pengacara selebriti di Amerika Serikat (AS), Michael Avenatti, divonis
empat tahun penjara oleh pengadilan setelah dinyatakan bersalah mencuri uang
sebesar US$ 300.000 (Rp 4,3 miliar) dari kliennya, mantan bintang porno Stormy
Daniels, bekas selingkuhan mantan Presiden AS Donald Trump.

Seperti dilansir _AFP_ , Jumat (3/6/2022), Avenatti yang mewakili Daniels
dalam gugatan hukum terhadap Trump beberapa tahun lalu, dinyatakan terbukti
bersalah atas tindak pidana penipuan kawat dan pencurian identitas menyusul
persidangan di Manhattan, New York, pada Februari lalu.

Kasus yang menjerat Avenatti sangat berbeda dengan kasus yang ditanganinya
ketika dia menjadi pengacara Daniels, yang memiliki nama asli Stephanie
Clifford, saat mengajukan gugatan hukum terhadap Trump pada Februari 2018
hingga Maret 2019 lalu.

Tindak penipuan yang dilakukan Avenatti itu terjadi selama menjadi pengacara
Daniels. Uang yang dicuri Avenatti itu disebut sebagai uang yang seharusnya
diterima Daniels dari menulis buku soal dugaan perselingkuhannya dengan Trump.

Diungkapkan dalam persidangan bahwa Avenatti menipu agen penerbit untuk
mengirimkan US$ 300.000 dari uang muka sebesar US$ 800.000 yang diterima
Daniels untuk bukunya yang berjudul 'Full Disclosure' ke rekening bank yang
dikendalikannya, tanpa sepengetahuan Daniels.

Menurut jaksa dalam persidangan, Avenatti menggunakan uang tersebut untuk
pengeluaran pribadi dan profesional, termasuk untuk membeli sejumlah tiket
pesawat, makan di restoran dan menyewa sebuah Ferrari.

Dia kemudian membayar kembali hanya separuh uang tersebut, atau sebesar US$
150.000 (Rp 2,1 miliar), kepada Daniels.

[Gambas:Video 20detik]

Selanjutnya __

Halaman

1  2

 ",www.detik.com
Polisi Ungkap Pengakuan Neneng Umaya Usai Bunuh Dini: Menyesal tapi Puas,"Selasa, 17 Mei  2022 08:46 WIB","\-

Neneng Umaya (24) ditangkap atas pembunuhan Dini Nurdiani (26), wanita yang
sempat dilaporkan hilang di bulan puasa lalu. Neneng tega menghabisi nyawa
Dini Nurdiani karena cemburu lantaran korban memiliki hubungan dengan
suaminya, seorang pria berinisial ID (27).

Kapolsek Cengkareng Kompol Ardhie Dimasetyo mengatakan Neneng Umaya mengaku
telah membunuh korban. Ardhie juga mengungkapkan penyesalan tersangka setelah
membunuh Dini Nurdiani.

""Pengakuannya menyesal tapi puas,"" ujar Ardhie saat dihubungi wartawan, Selasa
(17/5/2022).

Polisi saat ini masih terus melakukan pemeriksaan terhadap Neneng Umaya. Kasus
ini dilimpahkan ke Polres Metro Bekasi Kota, mengingat tempat kejadian perkara
(TKP) ada di wilayah Kota Bekasi.

""Dilimpahkan ke Polres Metro Bekasi Kota,"" imbuhnya.

### Motif Pembunuhan Dilatari Cinta Segitiga

Polisi mengungkap motif cinta segitiga di balik pembunuhan Dini Nurdiani (26),
wanita yang ditemukan tewas setelah dilaporkan menghilang pada 26 April 2022.
Tersangka, perempuan berinisial NU (24), merasa cemburu dan menuding korban
sebagai pengganggu rumah tangga dengan suaminya.

Kapolsek Cengkareng Kompol Ardhie Dimasetyo mengatakan Dini Nurdiani dan suami
tersangka NU memiliki hubungan asmara terlarang. Hal ini menimbulkan
kecemburuan tersangka NU.

""Motifnya sendiri ternyata kecemburuan. Tersangka ini adalah istri pacar
korban,"" kata Ardhie saat jumpa pers di Mapolsek Cengkareng, Jakarta Barat,
Sabtu (14/5).

Dini dan suami NU, pria berinisial ID (27), sama-sama bekerja di sebuah bank
BUMN sebagai _cleaning service._ Keduanya sudah menjalin hubungan asmara
terlarang selama 4 bulan.

""Korban tahu. Dia mengetahui bahwa suami tersangka ini sudah berumah tangga
dan mempunyai 3 anak,"" tambahnya.

[Gambas:Video 20detik]

 _Baca di halaman selanjutnya: Tersangka rencanakan pembunuhan._

Selanjutnya __

Halaman

1  2

 ",www.detik.com
"Pembunuhan Sadis ABG Kebumen, Teman Pelaku Juga Jadi Tersangka!","Jumat, 20 Mei  2022 15:36 WIB","\-

Polisi menetapkan dua orang tersangka dalam kasus pembunuhan ABG yang jasadnya
ditemukan di Desa Kaliputih, Kecamatan Alian, Kebumen. Mereka terancam hukuman
15 tahun penjara.

""Pelaku ada dua orang, RK dan HS tapi pelaku utama RK. Atas hasil penyelidikan
dan alat bukti yang cukup, kami tetapkan dua pelaku sebagai tersangka,"" kata
Kapolres Kebumen, AKBP Burhanuddin saat menggelar pers rilis di Mapolres
Kebumen, Jumat (20/5/2022).

Menurutnya, pelaku utama dalam kasus pembunuhan itu adalah RK (17) yang telah
membunuh korbannya di sebuah ladang. Dia lantas merampas handphone serta
sepeda motor milik korban.

Sedangkan tersangka kedua dalam kasus itu adalah HS (15) yang merupakan teman
dari RK. Dia ikut menyaksikan saat pelaku membunuh korbannya. Dia juga
membantu pelaku dalam menjual barang-barang milik korban.

""Kemudian HS (15) juga turut serta menyaksikan dan menjual kendaraan bermotor
dan handphone daripada korban, kami tetapkan sebagai tersangka,"" kata
Burhanuddin.

Sebelum membunuh, lanjutnya, pelaku sempat mengajak korban berhubungan badan
di lokasi kejadian. Usai berhubungan, barulah pelaku membunuh korban dengan
cara mencekik dan menjerat lehernya dengan tali.

RK juga sempat memukuli korban beberapa kali dan bahkan menginjaknya.

""Sedangkan kawannya satu tadi, HS (15) di lokasi hanya menyaksikan,"" jelasnya.

Kedua tersangka dibekuk petugas di rumahnya masing-masing pada Rabu (18/5).
Untuk mempertanggungjawabkan perbuatannya, kini para tersangka harus mendekam
di sel tahanan Mapolres Kebumen dan bakal dijerat pasal 76c Jo pasal 80
ayat(3) UU RI No 35 tahun 2014 sebagai pengganti UU No 23 tahun 2002 tentang
Perlindungan Anak.

""Ancaman maksimal 15 tahun (penjara) dan denda Rp 3 miliar,"" jelasnya.

Diberitakan sebelumnya, seorang warga Kebumen menemukan mayat di sebuah ladang
yang berada di Desa Kaliputih, Sabtu (14/5) sekitar pukul 10.00 WIB. Saat itu
warga bernama Sariman itu tengah mencari rumput untuk pakan ternak.

Dia lantas memberitahukan hal itu ke warga yang lain. Kabar itu kemudian
diteruskan ke polisi. Dari pemeriksaan polisi, ada luka memar di beberapa
bagian tubuh korban dan bekas luka jerat di leher.

Setelah melalui serangkaian proses penyelidikan, tim Jatanras Polda Jateng
menangkap pelaku. Tim itu dipimpin Kanit Jatanras Ditreskrimum Polda Jateng
Kompol Onkoseno Sukahar. ""Pelaku ditangkap di rumahnya di Wonosobo,"" kata
Djuhandani, Kamis (19/5).

  
  
  
[Gambas:Video 20detik]  

 ",www.detik.com
Satpam Bank di Jaksel Gagalkan Perampokan Kepala HRD Diganjar Award,"Senin, 18 Apr 2022 11:21 WIB","\-

Perampokan bank BJB Cabang Fatmawati, Cilandak, Jakarta Selatan, yang
dilakukan tersangka BS (43) beberapa waktu lalu, tidak terlepas dari bantuan
satpam. Adalah Fahriza, satpam bank BJB yang saat itu menggagalkan percobaan
perampokan oleh kepala HRD bank swasta itu.

Atas hal itu, Polres Metro Jakarta Selatan memberikan penghargaan kepada
Fahriza. Penghargaan tersebut diberikan langsung oleh Kapolres Metro Jakarta
Selatan Kombes Budhi Herdi Susianto dan digelar dalam apel pagi.

""Beliau dengan respons cepat, dengan tindakan yang tepat telah menggagalkan
peristiwa percobaan pencurian dengan kekerasan yang terjadi di bank tersebut
dan akhirnya pelakunya bisa ditangkap dan diproses secara hukum,"" kata Budhi
di Polres Metro Jakarta Selatan, Senin (18/3/2022).

Budhi mengapresiasi tindakan Fahriza. Ia menyampaikan terima kasih kepada
Fahriza yang telah menggagalkan aksi percobaan perampokan tersebut.

""Saya mengucapkan banyak terima kasih, semoga ke depannya kinerja saya semakin
lebih baik di area saya bertugas,"" kata Fahriza di tempat yang sama.

Seperti diketahui, BS ditangkap atas percobaan perampokan di Bank BJB,
Cilandak, Jakarta Selatan, pada Selasa (5/4) lalu. BS saat itu sudah
melepaskan tembakan dari sepucuk _airsoft gun_ ke arah kasir.

Beruntung tidak ada korban jiwa dalam kejadian tersebut. Fahriza yang saat itu
sedang bertugas kemudian menggagalkan aksi BS ini.

BS pun akhirnya ditangkap dan ditetapkan sebagai tersangka. Pria yang mengaku
kepala HRD sebuah bank swasta ini berdalih melakukan perampokan karena
terlilit utang Rp 5 miliar.

Atas pengakuan BS sebagai kepala HRD di bank swasta ini, polisi juga akan
meminta klarifikasi dari pimpinannya. Pimpinan bank tempat BS bekerja
diagendakan diperiksa hari ini, Senin (18/4).

""Hari Senin pihak bank dipanggil,"" kata Kasat Reskrim Polres Metro Jakarta
Selatan AKBP Ridwan Soplanit saat dihubungi, Sabtu (16/4).

BS diketahui mengaku sebagai kepala HRD sebuah bank swasta. Namun pengakuan
dari BS itu akan dikonfrontasi penyidik dengan keterangan petinggi bank tempat
BS bekerja.

Menurut Ridwan, pihak bank yang nantinya diperiksa polisi pada Senin (18/4)
selevel direktur.

""Langsung selevel direktur ya, di atas dia. Kategorinya BS kan direktur
_finance_ apa _gitu_. Jadi, berdasarkan hasil keterangan dia, bank itulah bisa
kita lihat posisi dia sebenarnya. Makanya kita minta konfirmasi bank,"" tutur
Ridwan.

Pelaku kini telah ditahan di Polres Metro Jakarta Selatan. Dia dijerat dengan
Pasal 365 _juncto_ Pasal 53 KUHP dan UU Darurat dengan ancaman hukuman hingga
10 tahun penjara.

[Gambas:Video 20detik]

  
  

 ",www.detik.com
3 Sales Motor di Tulungagung Diperkosa Atasan,"Selasa, 26 Apr 2022 04:19 WIB","\-

Tiga sales motor di Tulungagung diperkosa atasannya. Pelaku mengancam 3 wanita
itu akan dipersulit urusan pekerjaan, jika tidak melayani nafsu bejatnya.

Jaksa Penuntut Umum (JPU) Kejaksaan Negeri (Kejari) Tulungagung menahan pelaku
yang merupakan seorang koordinator sales di salah satu dealer sepeda motor.
Kasi Intelijen Kejari Tulungagung, Agung Tri Radityo mengatakan, berkas
tersangka BTC (26) warga Kecamatan Sumbergempol baru dilimpahkan dari penyidik
kepolisian kepada tim kejaksaan.

""Saat di penyidikan, tersangka ini tidak ditahan, namun dengan berbagai
pertimbangan jaksa memutuskan untuk melakukan penahanan. Sekarang tersangka
dititipkan di Rutan Polres Tulungagung,"" kata Agung, Senin (25/4/2022).

Menurut Agung, kasus pemerkosaan itu dilakukan tersangka terhadap tiga sales
perempuan yang menjadi anak buah. Aksi pemerkosaan tersebut dilakukan pada
waktu yang berbeda-beda yakni 2019, 2020 dan 2021.

""Ada tiga korban yang ketiganya adalah sales. Usianya saat itu ada yang 19
tahun, ada juga yang 20 tahun, sudah dewasa semua,"" ujarnya.

Saat melancarkan aksinya, tersangka BTC mengancam korban akan dipersulit
urusan pekerjaannya jika tidak menuruti kemauannya.

""Lokasinya ada yang di kos Plosokandang, Pulosari dan di sebuah hotel,""
jelasnya.

Pascakejadian itu, para korban akhirnya memberanikan diri untuk melaporkan
kasus itu kepada polisi. Saat ini berkas penyidikan telah berada di tangan
kejaksaan dan segera dilimpahkan ke Pengadilan Negeri Tulungagung untuk
disidangkan.

""Dalam perkara ini pelaku kami jerat dengan Pasal 285 KUHP karena melakukan
pemaksaan persetubuhan, kemudian junto 65 ayat 1 KUHP,"" jelas Agung.

  
  
  
[Gambas:Video 20detik]  

 ",www.detik.com
Polisi Ragu Kepala HRD Rampok Bank di Jaksel hanya Gegara Utang Rp 5 M,"Sabtu, 09 Apr 2022 11:58 WIB","\-

Pria inisial BS (43), yang belakangan diketahui menjabat kepala HRD sebuah
bank swasta, ditangkap setelah mencoba melakukan perampokan Bank BJB Cabang
Fatmawati, Cilandak, Jakarta Selatan. Polisi masih mengusut motif lain dari
aksi nekat BS.

Kasat Reskrim Polres Metro Jakarta Selatan AKBP Ridwan Soplanit mengatakan BS
mengaku terlilit utang hingga Rp 5 miliar hingga nekat merampok bank. Namun
keterangan dari BS itu masih diselidiki oleh penyidik.

""Motifnya ini kan juga menarik, masa sih gara-gara utang? Seorang pejabat
pemikirannya harusnya lebih baik. Kalau dia melakukan hal konyol itu tidak
serta merta, apakah ada motif lain,"" kata Ridwan saat dihubungi, Sabtu
(9/4/2022).

Ridwan mengaku sejauh ini keterangan yang didapatkan polisi dalam kasus itu
mayoritas berasal dari hasil kesaksian BS saat diperiksa penyidik. Polisi kini
tengah menggali bukti-bukti pendukung lainnya untuk membuat terang perkara
tersebut.

Dugaan adanya motif lain hingga BS terlibat dalam sindikat pelaku perampokan
kini tengah didalami oleh pihak kepolisian.

""Ini yang masih diselidiki apakah ada motif lain di balik ini. Penyelidikan
masih lanjut apakah ada sindikat lain, apakah ada motif lain,"" katanya.

### Rumah BS Digeledah

Polisi telah menggeledah rumah BS (43), pelaku perampokan bank pelat merah di
Cilandak, Jakarta Selatan. Penggeledahan itu untuk memastikan tiap keterangan
yang diberikan oleh pelaku saat diperiksa penyidik.

""Penggeledahan itu kan kita hasil pemeriksaan dengan tersangka itu kan dari
keterangan dia kita buktikan kita lengkapi dengan lakukan penggeledahan.
Dengan penggeledahan itu untuk memastikan apakah ada hal-hal yang harus
diamankan atau tidak terkait dengan tindak pidana yang dilakukan,"" kata
Ridwan.

Penggeledahan di rumah BS dilakukan pada Jumat (8/4) siang. Rumah BS yang
digeledah diketahui berada di daerah Tangerang Selatan.

Menurut Ridwan, sejauh ini belum ditemukan adanya hal-hal yang disembunyikan
BS di rumahnya. Barang-barang dari BS di rumah tersebut belum ada yang disita.

""Di sana tujuan kita geledah itu untuk memastikan apakah ada hal-hal lain yang
selama ini dia sembunyikan. Tapi temuan kemarin belum ada ke arah sana. Barang
yang disita belum ada,"" ujar Ridwan.

Lebih lanjut BS diketahui bukan pegawai biasa. Hasil pemeriksaan sejauh ini
mengungkap pelaku merupakan Kepala HRD sebuah bank swasta.

""Dia kepala HRD, pejabat tinggi di HRD. Bukan staf biasa. Orang pejabat tinggi
di HRD dan kelas banknya bank swasta,"" pungkas Ridwan.

[Gambas:Video 20detik]

  
  

 ",www.detik.com
"Polisi Tangkap Komplotan Curanmor di Bekasi-Tangerang, 15 Motor Disita","Kamis, 16 Jun 2022 16:08 WIB","\-

Polisi menangkap komplotan pencurian sepeda motor (curanmor) yang kerap
beraksi di kawasan Kota Bekasi, Jakarta hingga Tangerang. Ada 10 pelaku yang
ditangkap, dan belasan sepeda motor ikut disita.

""Kami mendapatkan informasi dari masyarakat bahwa adanya pencurian kendaraan.
Setelah informasi itu kita tidak lanjuti, anggota kami melakukan pengecekan.
Ternyata benar, sehingga dilakukan penangkapan,"" kata Kasat Reskrim Polres
Metro Bekasi AKBP Aris Timang kepada wartawan, Kamis (16/6/2022).

Aris menjelaskan pengungkapan jaringan curanmor ini berawal dari penangkapan
satu pelaku. Setelah dilakukan pengembangan, 9 pelaku lainnya dibekuk.

""TKP- nya (tempat kejadian perkara) ada beberapa wilayah, yaitu Bekasi Kota,
Jakarta Timur, Selatan dan Tangerang. Awalnya satu orang kami tangkap,
pengembangan bertambah, bertambah. Jadi totalnya yang kita patok adalah 10
orang,"" ucapnya.

Dari 10 pelaku, satu di antaranya merupakan penadah. Polisi turut mengamankan
15 kendaraan bermotor dari tangan para pelaku.

""Ada, ada 480-nya (Pasal 480 KUHP tentang penadahan) satu orang. Barang
buktinya ada sekitar 15 motor,"" kata Aris.

Aris menuturkan penangkapan komplotan curanmor ini merupakan hasil kerja sama
Polres Metro Bekasi dengan Subdit Ranmor Polda Metro Jaya.

""Nah ini mereka adalah komplotannya. Ini ada 3 kelompok, tapi mungkin lebih
jelasnya biar Polda Metro Jaya yang menjelaskan. Ini kerja sama antara
Kasubdit Ranmor Polda Metro Jaya dengan Polres Metro Bekasi,"" ucapnya.

 ",www.detik.com
Pengakuan Tiada Ilmu Kebal dari Korban Usai Bunuh 2 Begal,"Jumat, 15 Apr 2022 03:33 WIB","\-

Pria bernama Murtede alias Amaq Sinta (34) ditetapkan sebagai tersangka karena
perbuatan menghilangkan nyawa orang lain. Dua orang yang dibunuh Amaq
merupakan pelaku begal yang menghadangnya.

Amaq dibegal empat orang saat mengendarai sepeda motor di jalan Desa Ganti
untuk mengantarkan makanan buat ibunya di Lombok Timur pada Minggu malam
(10/4). Direktur Kriminal Umum Polda NTB, Kombes Hari Brata mengatakan
pengakuan dua rekan korban yang saat itu melihat langsung kejadian itu,
tersangka melakukan perlawanan ketika hendak dibegal oleh korban.

Saat itu pula, tersangka menusuk kedua korban menggunakan senjata tajam
miliknya sendiri. Saat itu Amaq melawan empat orang yang membegalnya.

Amaq sempat ditahan dalam kasus dugaan pembunuhan terhadap dua orang yang
membegalnya. Namun karena ada dukungan dari masyarakat, terkhusus Lombok
Tengah, penahanannya ditangguhkan. Dia pun dikeluarkan dari rutan.

###

Amaq menceritakan detik-detik dirinya dibegal lalu melawan dan menyebabkan dua
begal tewas. Dia mengatakan dirinya tak punya ilmu kebal.

""Saya tidak ada kepandaian dan tidak memiliki ilmu kebal,"" kata Amaq Sinta di
rumahnya di Praya Timur, seperti dilansir dari Antara, Kamis (14/4/2022).

Dia melawan para begal itu dengan pisau kecil yang dibawa. Dia mengaku hanya
dilindungi Tuhan.

""Tapi ini memang saya dilindungi Tuhan,"" katanya.

Amaq menyatakan dirinya terpaksa melawan. Dia mengatakan seharusnya tidak
ditetapkan sebagai tersangka karena melawan para begal.

""Saya melakukan itu, karena dalam keadaan terpaksa. Dihadang dan diserang
dengan senjata tajam, mau tidak mau harus kita melawan. Sehingga seharusnya
tidak dipenjara, kalau saya mati siapa yang akan bertanggung jawab,"" katanya.

Amaq berharap dibebaskan murni dan kasusnya tak sampai ke pengadilan.

""Saya berharap bisa dibebaskan murni dan tidak sampai di pengadilan. Supaya
bisa kerja kembali seperti biasanya. Saya ucapkan terimakasih kepada seluruh
masyarakat yang telah mendukung saya,"" katanya.

[Gambas:Video 20detik]

 _Simak selengkapnya di halaman berikut_

Selanjutnya __

Halaman

1  2

 ",www.detik.com
Pria di Medan Serahkan 3 Pemerkosa Anaknya ke Polisi,"Kamis, 09 Jun 2022 11:26 WIB","\-

Seorang pria berinisal M membawa tiga pelaku pemerkosa anaknya ke Polrestabes
Medan. M tidak menyangka anaknya yang masih berusia 14 tahun menjadi korban
pemerkosaan, apalagi pelaku adalah tetangganya.

Usai menyerahkan pemerkosa anaknya ke polisi, M yang ditemani istri dan anak
laki-lakinya duduk termenung di depan Unit Reskrim Polrestabes Medan.

Kepada , M pun menceritakan apa yang dialami oleh anaknya perempuannya itu. M
mengatakan dirinya memergoki aksi ketiga tetangganya itu saat akan memperkosa
anaknya di sebuah gudang pupuk Selasa (7/6) kemarin.

  

""Jadi saya ikuti aktivitas anak saya. Lalu, sampai di gudang pupuk. Ternyata
anak saya diperkosa oleh tiga orang anak laki-laki yang sebenarnya tetangga,""
ujarnya saat ditemui di halaman Polrestabes Medan, Rabu (8/6/2022) sore.

Mendapati kenyataan itu, M langsung menaikkan ketiga pelaku ke mobil box untuk
selanjutnya dibawanya ke kantor polisi. ""Saat itu saya langsung bawa mereka ke
Polrestabes Medan,"" sebutnya.

M mengatakan dirinya sempat menanyai pelaku. Satu di antaranya berinisal J.
Mirisnya, J mengakui telah berkali-kali memperkosa anaknya.

""Katanya sudah berkali-kali si J ini. Tapi belum tau saya pastinya dari kapan
yang jelas sudah berkali-kali,"" ucapnya.

Menurut keterangan para pelaku, kata M, anaknya diperkosa secara bergantian di
tempat dan waktu yang berbeda.

""Mereka berganti-gantian melakukan nya, tempatnya juga beda-beda. Pengakuannya
ada tiga tempat salah satunya di gudang pupuk,"" ungkapnya.

Kanit PPA Sat Reskrim Polrestabes Medan, AKP Mardianta Ginting membenarkan
adanya penyerahan pelaku pemerkosaan oleh ayah korban. Mardiana menyebut
pelaku saat ini sedang menjalani pemeriksaan.

""Memang benar ada tiga pelaku pemerkosaan diserahkan, saat ini sedang dalam
pemeriksaan,"" ujarnya saat dikonfrimasi, Kamis (9/6/2022).

  
  
  
[Gambas:Video 20detik]  

 ",www.detik.com
Pemerkosa Wanita Berkebutuhan Khusus di Baleendah Ditangkap!,"Senin, 04 Apr 2022 13:10 WIB","\-

Polresta Bandung meringkus pelaku pemerkosaan wanita berkebutuhan khusus.
Pelaku dengan inisial A (21) tersebut saat ini telah ditetapkan tersangka.

Kapolresta Bandung Kombes Kusworo Wibowo mengatakan A ditangkap anggota polsek
setempat setelah adanya pelaporan dari suami korban.

""Tengah malam suami korban menyampaikan hal itu melaporkan ke polsek setempat
dan bersama-sama dengan polsek mendatangi tersangka,"" ujar Kusworo saat press
rilis di Mapolresta Bandung, Soreang, Kabupaten Bandung, Senin (4/4/2022).

  

Kusworo menjelaskan, saat ditangkap tersangka sempat tidak mengakui perbuatan
tersebut. Akan tetapi, setelah mendapatkan alat bukti, kepolisian langsung
menangkap tersangka.

""Pada saat itu tersangka belum mengakui. Namun setelah melakukan pemeriksaan
yang intens, dengan alat bukti yang ada, hingga akhirnya dilakukan penangkapan
dan penahanan terhadap tersangka,"" jelasnya.

Kusworo menjelaskan, kejadian pemerkosaan berawal saat tersangka melakukan
minun-minum bersama suami korban. Setelah itu, tersangka turun ke lantai bawah
dan melihat korban. Ia lalu terpikir ingin melakukan tindakan tidak senonoh.

""Kronologisnya adalah pada saat tersangka ini merupakan teman dari suami
korban mengajak minum-minuman keras suami korban di lantai dua. Kemudian pada
saat tersangka turun ke bawah itu tidak sengaja melihat korban sedang
memainkan _handphone_ -nya. Sehingga muncul keinginan untuk melakukan tindak
senonoh terhadap korban,"" jelasnya.

""Kemudian korban diajak ke belakang rumah, di kebun dengan pagar, dilakukanlah
tindakan tidak senonoh terhadap korban dengan secara paksa. Kemudian setelah
itu tersangka mengantarkan korban ke depan gang rumah yang pada saat itu
terjadi (pemerkosaan),"" katanya.

Setelah itu, suami korban menemukan korban menangis di rumahnya. Kata dia,
korban langsung menceritakan kejadian sebenarnya kepada suaminya.

""Suami korban mencari korban yang dikiranya itu ke rumah saudaranya. Kemudian
pada ke rumah saudaranya ternyata tidak ada, suami korban kembali ke rumah dan
didapati korban sedang menangis. Pada saat itu diceritakan oleh korban bahwa
telah disetubuhi dengan paksa oleh teman dari pada suami korban,"" jelasnya.

Dia menambahkan tersangka harus mengakui perbuatannya dengan ancaman hukuman
maksimal 12 tahun penjara.

""Dan oleh perbuatannya tersangka dikenakan pasal 285 KUHP dengan ancaman
hukuman penjara maksimal 12 tahun. Tersangka hanya 1 orang dan informasinya
baru satu kali melakukan perbuatan ini,"" ucapnya.

  
  
  
[Gambas:Video 20detik]  

 ",www.detik.com
Aksi Brutal Maling Pecah Kaca Fortuner di Klaten Terekam CCTV,"Rabu, 15 Jun 2022 13:58 WIB","\-

Pencuri dengan modus pecah kaca mobil beraksi dan terekam kamera CCTV di
Klaten, Jawa Tengah. Satu unit mobil Fortuner milik Budiarto (54) warga Mlati
Baru, Semarang Timur, Semarang, jadi sasaran.

""Pelaku beraksi cuma satu menitan. Setelah itu dijemput dan kabur ke arah
selatan, terekam CCTV,"" ungkap saksi, Silvia Aura (18), di lokasi kejadian,
Rabu (15/6/2022).

Mobil Budiarto dibobol maling saat sedang parkir di dekat warung soto Desa
Bugisan, Kecamatan Prambanan, Klaten, Jawa Tengah. Pantauan di lokasi, siang
ini, warung tersebut berada di pojok simpang empat jalan yang ramai ke arah
objek wisata Candi Prambanan. Di depannya juga ada warung lain dan permukiman
di sebelah baratnya.

Kejadian tersebut juga viral di beberapa grup Facebook di Klaten. Di info
cegatan klaten (ick) unggahan disertai rekaman CCTV berdurasi 46 detik.

Silvia, yang merupakan anak pemilik warung itu menuturkan, aksi pecah kaca
mobil bernopol F 1502 FAG itu terjadi Selasa (14/6) sekitar pukul 10.48 WIB.
Kondisi lokasi sangat ramai saat kejadian.

""Posisi warung dan sekitarnya ramai banget. Pelakunya tidak masuk ke warung
tapi menunggu di tepi jalan, terus nyeberang beraksi,"" lanjut Silvia.

Pelakunya terdiri dari dua orang pria. Satu orang memecah kaca dan satu orang
dengan sepeda motor menjemput.

""Pelaku tergolong nekat, nekat karena posisi sekitar ramai, warung pada buka,""
ucap Silvia.

Kejadian kali pertama, sebut Silvia, diketahui oleh pemilik mobil yang hendak
pulang. Saat di parkiran kaget kaca mobil sudah pecah.

""Ya kaget karena kaca pecah. Kemudian kita cek CCTV di lokasi,"" ungkap Silvia.

Kapolsek Prambanan AKP Edy Prasetyo menambahkan begitu mendapat informasi
kejadian, polisi kemudian mendatangi lokasi. Kaca mobil yang pecah di belakang
sisi kanan.

""Kita cek yang dipecah kaca belakang bagian kanan. Hasil klarifikasi dengan
korban, yang hilang hanya tas kosong, kerugian sekitar Rp 3 juta karena kaca
pecah,"" papar Edy kepada wartawan di Mapolsek.

Dari olah TKP, ucap Edy, ditemukan kaca pecah dan serbuk pecahan busi yang
diduga untuk memecahkan kaca. ""Dari pemeriksaan CCTV, kejadian cepat sekali.
Kurang lebih hanya satu menit dan kita sudah koordinasi dengan Polres untuk
penyelidikan,"" pungkas Edy.

  
  
  
[Gambas:Video 20detik]  

 ",www.detik.com
Pengakuan Bejat Sopir Angkot Bunuh Teman Kencan Gegara Kurang Bayar,"Sabtu, 14 Mei  2022 08:59 WIB","\-

Sopir angkot, Agung Prawira (23), ditangkap polisi atas pembunuhan RN (39),
wanita yang dikencaninya di Bogor Barat, Kota Bogor. Agung tega menghabisi
nyawa RN gara-gara ditagih karena kurang bayar.

Agung mengaku sempat berhubungan badan dengan korban sebelum membunuhnya
dengan cara memiting leher. Agung hanya bisa pasrah kini harus berhadapan
dengan hukum atas kejahatannya itu.

""Iya (berhubungan badan). (Membunuh dengan cara) dikunci, dipiting,"" kata
Agung di Polresta Bogor Kota, Jumat (13/5/2022).

Agung mengatakan korban sempat memberontak saat dicekik lehernya.

""Cuma _nyakar_ ,"" singkatnya.

Agung mengaku baru pertama kali bertemu dengan korban. Ia janjian dengan
korban untuk transaksi di tempat indekos korban yang juga lokasi kejadian.

""Baru kali ini (bertemu),"" katanya.

Setelah membunuh korban, Agung merampas ponsel dan uang korban. Ia lalu kabur
ke Puncak, Bogor, dan akhirnya ditangkap di Terminal Laladon, Bogor, pada
Kamis (12/5) sore.

Agung dijerat Pasal 338 dan/atau 365 KUHP tentang pembunuhan dan pencurian
dengan kekerasan dengan ancaman hukuman 20 tahun penjara. Agung hanya bisa
pasrah.

""Sudah begini mau _gimana_ lagi,"" ujarnya.

### Cekcok Gegara Ditagih Kurang Bayar

Kapolresta Bogor Kota Kombes Susatyo Purnomo Condro mengatakan korban dan
tersangka janjian via MiChat. Korban dan tersangka sempat cekcok karena uang
bayar ' _open BO_ ' tidak sesuai seperti yang dijanjikan.

""Kronologinya, tersangka dan korban berjanjian lewat aplikasi MiChat, kemudian
ada kesepakatan harga yang tidak dipenuhi sebesar Rp 1 juta, sedangkan pelaku
ketika di lokasi hanya bawa uang Rp 200 ribu,"" kata Susatyo.

Korban dan tersangka kemudian cekcok mulut. Tersangka kalap hingga membunuh
korban dengan jeratan sarung bantal.

""Motifnya, selain untuk memuaskan nafsu, juga motif ekonomi,"" imbuhnya.

[Gambas:Video 20detik]

  
  

 ",www.detik.com
LBH Makassar Sesalkan Kasus Ayah Diduga Perkosa 3 Anak Disetop,"Sabtu, 21 Mei  2022 10:18 WIB","\-

LBH Makassar menyesalkan polisi menghentikan kasus ayah diduga memperkosa tiga
anaknya di Luwu Timur, Sulawesi Selatan (Sulsel). LBH Makassar kecewa karena
penghentian pengusutan perkara itu mengesampingkan pengakuan korban.

""Sangat menyesalkan polisi menghentikan karena mengesampingkan pernyataan para
anak (terduga korban pemerkosaan),"" ujar Ketua Divisi Perempuan Anak dan
Disabilitas LBH Makassar Resky Pratiwi, seperti dilansir dari , Sabtu
(21/5/2022).

Dia mengatakan ketiga anak pelapor dengan gamblang mengakui menjadi korban
kekerasan seksual oleh S alias ayah kandungnya. Resky mengatakan penyidik
kepolisian tak seharusnya menutup mata.

""Dalam konteks kekerasan seksual, tentu kita harus berangkat langsung dari
keterangan anak atau korban. Kemudian baru mencari bukti-bukti,"" katanya.

LBH Makassar dan LBH Apik merupakan koalisi penasihat hukum korban yang juga
hadir saat gelar perkara di Polda Sulsel pada Jumat (20/5). Dalam pandangan
Resky, sebenarnya sudah ada dua alat bukti yang cukup untuk melanjutkan kasus
ini dari penyelidikan ke penyidikan.

""Tim penasihat hukum itu menilai dua alat bukti itu sudah terpenuhi untuk
menyatakan ditemukannya peristiwa yang diduga sebagai tindak pidana pencabulan
dan atau tindak pidana persetubuhan pada anak,"" katanya.

Simak selengkapnya di sini.

 ",www.detik.com
"Maling Bobol Toko di Bogor Terekam CCTV, Gondol Sekarung Aksesori Ponsel","Senin, 30 Mei  2022 11:24 WIB","\-

Sebuah video memperlihatkan aksi pencurian di salah satu toko aksesori
_handphone_di Kecamatan Klapanunggal, Kabupaten Bogor, viral di media sosial.
Pelaku berjumlah dua orang menggondol sejumlah aksesori dari toko dengan
menggunakan karung.

Pembobolan toko tersebut terjadi pada Senin (30/5/2022) pukul 05.44 WIB.
Pelaku dua orang laki-laki masing-masing membawa karung.

Pencurian ini terekam kamera CCTV. Dalam rekaman CCTV terlihat dua pelaku
menggunakan jaket, yang satu warna abu-abu dan satu lagi warna hitam.

Kedua pelaku terlihat mengambil sejumlah aksesori yang dipajang di toko
tersebut. Terlihat toko masih dalam keadaan tutup saat dibobol kedua pelaku.

Belum diketahui barang apa saja yang berhasil digondol kedua rampok tersebut.
Kanit Reskrim Polsek Klapanunggal Ipda AM Zalukhu membenarkan adanya pencurian
tersebut dan sedang melakukan penyelidikan.

""Ada pembobolan ada,"" kata Zalukhu saat dihubungi.

Zalukhu belum membeberkan detail perampokan yang terjadi. Pihaknya masih
melakukan olah tempat kejadian perkara (TKP).

""Ini anggota lagi cek ke TKP nih,"" jelasnya.

[Gambas:Video 20detik]

 ",www.detik.com
2 ABG Digilir 8 Pria selama 3 Hari di Gudang Durian Bener Meriah,"Sabtu, 21 Mei  2022 16:50 WIB","\-

Aksi tidak terpuji dan biadab dilakukan delapan pria di Kabupaten Bener
Meriah, Aceh. Delapan pria berinisial ESP (24), AR (22), ZR (22), SP (24), WS
(22), MK (22) dan dua pria lainnya yang masih berusia 17 dan 19 memperkosa dua
orang gadis yang masih berusia belasan tahun atau Anak Baru Gedek (ABG).

Perbuatan menyimpang tersebut dilakukan delapan pria itu salah satu gudang
durian. Sadisnya lagi, tindakan asusila tersebut dilakukan selama tiga hari
berturut turut. Korban secara bergantian di gilir delapan pria itu.

""Korban berusia 15 dan 16 tahun diperkosa oleh para pelaku berjumlah delapan
orang di sebuah gudang durian pada 17-19 Mei,"" kata Kepala Kepolisian Resort
(Kapolres) Bener Meriah AKBP Indra Novianto kepada wartawan, Sabtu
(21/5/2022).

  

Indra mengatakan, kedua korban awalnya dibawa ke gudang tersebut oleh salah
seorang pelaku yang masih berusia 17 tahun. Begitu tiba di sana, datang tujuh
pelaku lain yakni ESP (24), AR (22), ZR (22), SP (24), WS (22), MK (22) dan
pelaku berusia 19 tahun. Mereka memperkosa korban secara bergantian.

Kasus itu terungkap setelah korban melaporkan aksi pemerkosaan yang dialaminya
ke orang tuanya. Tak terima anaknya dilecehkan, orang tua korban kemudian
melapor ke polisi.

Usai mendapat laporan, polisi turun tangan melakukan penyelidikan. Dalam
hitungan jam, polisi menciduk para tersangka di rumah masing-masing, Kamis
(19/5).

Polisi masih mendalami kasus pemerkosaan tersebut. Para tersangka masih
diperiksa di Satuan Reserse dan kriminal (Satreskrim) Polres Bener Meriah.
Dalam kasus itu, polisi menyita sejumlah barang bukti antara lain pakaian yang
dipakai korban.

""Saat ini pihak kepolisian yakni Unit Pelayanan Perempuan dan Anak Satreskrim
Polres Bener masih melakukan pemeriksaan intensif terhadap kedelapan pelaku
dan saksi-saksi,"" ujar Indra.

  
  
  
[Gambas:Video 20detik]  

 ",www.detik.com
AKBP Mustari Tak Ajukan Memori Banding Kasus Pemerkosaan Remaja Putri,"Sabtu, 26 Mar 2022 10:39 WIB","\-

Polisi Sulawesi Selatan (Sulsel) AKBP Mustari tak kunjung mengajukan memori
banding usai dipecat tidak hormat atau PTDH dalam kasus pemerkosaan remaja
putri. Padahal perwira Polda Sulsel itu sebelumnya menyatakan banding pada
sidang kode etik beberapa waktu lalu.

""Belum ada tuh informasi (AKBP Mustari banding),"" ujar Kabid Humas Polda
Sulsel Kombes Komang Suartana saat dimintai konfirmasi , Sabtu (26/3/2022).

Kombes Suartana mengaku tak mengetahui pasti alasan AKBP Mustari tak kunjung
mengajukan memori banding. Dia mengatakan AKBP Mustari hanya memiliki waktu 14
hari mengajukan banding sejak sidang kode etik pada Jumat (11/3).

  

""Kalau sudah 14 hari nggak ada ya kita tinggal menunggu saja (surat pemecatan)
dari Mabes,"" ujar Kombes Suartana.

Menurut Suartana, memori banding tersebut seharusnya diajukan ke Propam Mabes
Polri yang kemudian akan diputuskan apakah memori banding itu diterima atau
tidak. Polda Sulsel memastikan hingga kini pihaknya belum menerima informasi
pengajuan memori banding dari AKBP Mustari.

""Jadi kalau dia nggak bikin (memori banding) berarti dia terima. Karena kalau
saya tanya Propam belum ada,"" tutur Suartana.

Sebelumnya, Polda Sulsel sudah melimpahkan berkas rekomendasi Pemberhentian
Tidak Dengan Hormat (PTDH) milik polisi Sulsel AKBP Mustari, tersangka
pemerkosa remaja putri ke Mabes Polri. Pelimpahan ini dilakukan karena
kewenangan pemecatan seorang perwira menengah disebut berada di tangan Kapolri
Jenderal Listyo Sigit Prabowo.

""Rekomendasi PTDH sudah diajukan ke Mabes Polri,"" ujar Kabid Humas Polda
Sulsel Kombes Komang Suartana kepada wartawan, Jumat (25/3).

Dengan demikian, Polda Sulsel tinggal menunggu surat pemecatan AKBP Mustari.
""Tinggal menunggu turunnya,"" kata Kombes Suartana.

Seperti diketahui, polisi Sulsel AKBP M tersangka pemerkosa dan menjadikan
remaja putri budak seks dipecat dengan tidak hormat. Sanksi pemberhentian
tidak dengan hormat (PTDH) kepada AKBP M diputuskan sidang etik Propam Polda
Sulsel.

""Hasilnya menjatuhkan sanksi berupa sanksi yang sifatnya tidak administratif
berupa perilaku pelanggaran dinyatakan sebagai perbuatan tercela,"" kata ketua
sidang kode etik Kombes Ai Afriandi di Mapolda Sulsel, Jumat (11/3).

""Kemudian kedua, sanksi yang sifatnya administratif berupa direkomendasikan
pemberhentian tidak dengan hormat atau PTDH dari dinas Kepolisian Negara
Republik Indonesia,"" sambung Afriandi.

Afriandi mengatakan, AKBP M resmi dipecat berdasarkan hasil sidang kode etik.
Terduga pelanggar AKBP M terbukti melanggar kode etik profesi Polri.

""Melanggar Pasal 7 Ayat 1 huruf B Peraturan Kapolri (Perkap) Nomor 14 2011
tentang Kode Etik Profesi Polri,"" kata Afriandi.

  
  
  
[Gambas:Video 20detik]  

 ",www.detik.com
"Dendam Gaji Tak Dibayar, Anak Buah Nekat Bobol Bengkel Majikan","Senin, 25 Apr 2022 22:39 WIB","\-

Seorang karyawan sebuah bengkel press ban bekas berinisial MS (42) ditangkap
karena membobol bengkel milik majikannya.

Pelaku mengambil uang dan hanphone (HP) milik majikannya berinisial YHD di
Banjar Pangkung Buluh, Desa Kaliakah, Kecamatan Negara, Jembrana, Bali.

Informasi detikBali, aksi pencurian dilakukan sekitar pukul 23.00 WITA, Minggu
(17/4/2022) lalu.

  

Menurut pengakuan pelaku, ia nekat mencuri karena sakit hati dan dendam karena
gajinya tidak dibayar oleh korban.

""Jadi dia merasa dendam karena setelah diminta gajinya belum juga diberikan,""
ujar Kapolsek Negara Kompol I Gusti Made Sudarma Putra saat press release,
Senin (25/4/2022).

Sehingga pada malam hari, pelaku datang ke tempat dia bekerja di sebuah
bengkel.

Dia coba menggedor-gedor _rolling door_ dengan maksud memastikan bahwa di
dalam tidak ada orang.

Setelah tidak ada jawaban dari dalam pelaku membongkar paksa _rolling door_
sehingga terbuka dan pelaku masuk ke dalam, kemudian mengacak-acak isi dalam
bengkel tersebut, mencari barang berharga.

Salah satunya adalah kaleng yang dibuka berisi uang Rp 1,3 juta. Setelah
mengambil uang, pelaku kemudian mengambil HP.

""Setelah tidak ada lagi barang berharga pelaku pergi meninggalkan tempat,""
ungkap Kompol Made Sudarma Putra.

Dengan kejadian tersebut, korban melapor, dan tim Polsek Negara melakukan
penyelidikan.

Selanjutnya setelah meminta keterangan saksi - saksi dan timbul kecurigaan
dengan pelaku. Karena menurut keterangan pihak korban, dulu pernah mengalami
hal yang sama.

""Waktu itu karyawannya ini minta uang tapi tidak diberi, akhirnya dicuri
juga,"" jelas Sudarma Putra.

Kecurigaan muncul terhadap pelaku yang merupakan karyawan korban, ternyata
benar. ""Kemudian pelaku mengakui perbuatannya dan kita amankan,"" ungkapnya.

Menurut keterangan korban, pelaku sempat minta gaji saat sudah berhenti
bekerja.

Kemudian korban minta rincian kekurangan gaji yang harus dia bayar oleh
korban, namun pelaku tidak bisa menjawab.

""Kata korban, pelaku sudah sering minta kasbon dan dikasi uang oleh korban,""
kata Kapolsek menirukan keterangan korban.

Akibat kejadian tersebut, korban mengalami kerugian sebesar Rp 1,9 juta.

Atas perbuatannya, tersangka dijerat dengan Pasal 364 KUHP dengan ancaman
pidana 3 bulan penjara.

Karena ancaman dibawah 5 tahun, selama proses penyelidikan dan penyidikan,
tersangka tidak ditahan. ""Motif tersangka karena sakit hati,"" tukasnya.

  
  
  
[Gambas:Video 20detik]  

 ",www.detik.com
"Tak Ada Laporan, Polda Bali Belum Usut Kasus Pembegalan Remaja Australia","Jumat, 06 Des 2019 19:31 WIB","\- Remaja asal Australia Lawson Rankin disebut koma akibat jadi korban begal
di Bali. Polisi menyebut korban tak melaporkan peristiwa itu sehingga kasus
ini belum diusut.  
  
""Sampai sekarang semua jajaran polsek, polres, semua segala macem nggak ada
laporannya. Di mana kejadiannya, siapa tersangkanya, korbannya siapa,"" kata
Dirkrimum Polda Bali Kombes Andi Fairan saat dihubungi via telepon, Jumat
(6/12/2019).  
  
  
  

Andi menegaskan dia belum menerima laporan soal peristiwa yang mengakibatkan
Lawson koma.  
  
""Apanya yang mau diusut? nggak ada laporan. Pengaduan tidak ada,"" ucap Andi.  
  

Selanjutnya __

Halaman

1  2

 ",www.detik.com
"HMI Suarakan Pembelaan untuk Fikry, Kader yang Didakwa Jadi Begal","Jumat, 22 Apr 2022 20:39 WIB","\-

Kader Himpunan Mahasiswa Islam (HMI) Muhammad Fikry didakwa membegal di
Tambelang, Bekasi. HMI membela kadernya itu. Fikry adalah korban penangkapan
sewenang-wenang.

HMI menyampaikan pembelaannya untuk Fikry, sebagaimana dimuat dalam keterangan
pers tertulis, berjudul 'HMI Menggugat Begal Hukum dan HAM, Peradilan Sesat
Bagi Fikry dkk', diterima , Jumat (22/4/2022).

""Sebagaimana salah satu adagium hukum mengatakan 'In Dubio Pro Reo' bahwa
lebih baik membebaskan seribu orang yang bersalah dari pada menghukum orang
yang tidak bersalah, maka demi hukum, Fikry dkk harus dibebaskan,"" demikian
pernyataan HMI pimpinan Ketua Umum Raihan Ariatama ini.

Sebagaimana diberitakan , sorotan terhadap kasus Fikry ini sudah disampaikan
oleh Komisi Nasional Hak Asasi Manusia (Komnas HAM), LBH Jakarta, hingga
KontraS. Kasus penangkapan empat terdakwa begal di Bekasi itu disebut sebagai
kasus salah tangkap. Kapolres Metro Bekasi Kombes Gidion Arif menegaskan
pihaknya tidak salah tangkap, penangkapan sudah sesuai dengan prosedur.

Peristiwa pembegalan disebut terjadi di Tambelang, Kabupaten Bekasi, 24 Juli
2021. Belakangan berdasarkan persidangan di Pengadilan negeri Cikarang pada 1
Maret, Fikry tidak berada di lokasi pembegalan saat pembegalan berlangsung
Fikry si guru ngaji itu ada di musala samping rumahnya.

Penangkapan Fikry dilakukan pada 28 Juli 2021. Fikry dan teman-temannya
ditangkap Tim Gabungan dari Unit Reskrim Polsek Tambelang dan Uni Jatanras
Satreskrim Polres Metro Bekasi Kabupaten Bekasi atas tindak pidana pencurian
dengan kekerasan. Penangkapan dijalankan polisi berdasarkan laporan.

HMI dalam rilis tertulis mengutip Komnas HAM bahwa polisi tidak menunjukkan
identitas sebagai petugas saat menangkap Fikry, juga tidak melibatkan
perangkat lingkungan RT/RW. Fikry juga disebut mengalami kekerasan verbal
hingga fisik serta ancaman agar Fikry mengaku sebagai begal.

""Anak bangsa saudara M Fikry dkk saat ini sedang menjalani proses peradilan di
Pengadilan Negeri Bekasi atas dakwaan tindak pidana yang tidak mereka
lakukan,"" kata HMI.

Demonstrasi digelar HMI di depan Istana Negara. Mereka menyuarakan tuntutan
sebagai berikut:

 _\- Mendesak Presiden Jokowi segera menuntaskan kasus HAM yang menimpa rakyat
Indonesia;_

 _\- Mendesak Presiden Jokowi agar memerintahkan Kapolri untuk mencopot
Kapolsek Tambelang dan Kapolres Metro Bekasi, serta mengadili secara etik,
dispilin maupun pidana oknum Polsek Tambelang dan Polres Metro Bekasi yang
terlibat dalam kasus dugaan salah tangkap terhadap Kader HMI Muhammad Fikry
dan kawan-kawan;_

 _\- Mendesak Kapolri untuk mengevaluasi Polda Metro Jaya dan/atau Kapolda
Metro Jaya atas dugaan penyampaian keterangan tidak sesuai fakta di lapangan
dalam kasus dugaan salah tangkap terhadap kader HMI Muhammad Fikry dan kawan-
kawan;_

 _\- Meminta Kapolri untuk segera mengambil Langkah agar memastikan kasus
kekerasan dan pembegalan HAM oleh anggotanya tidak terjadi lagi;_

 _\- Meminta Presiden Jokowi dalam kapasitasnya sebagai kepala negara dan
kepala pemerintahan untuk terlibat langsung menyelesaikan ketimpangan
penegakan hukum yang menimpa kader HMI Muhammad Fikry dan kawan-kawan, dan
mengevaluasi seluruh Institusi penegak hukum baik Polri, Kejaksaan maupun
Pengadilan di wilayah hukum Kabupaten Bekasi._

 ",www.detik.com
Mih! Gadis di Tabanan Jadi Korban Penculikan-Percobaan Pemerkosaan,"Selasa, 03 Mei  2022 06:38 WIB","\-

Seorang gadis di Desa Pandak Gede di Kecamatan Kediri, DA (19), diduga menjadi
korban penculikan.

Selain diculik, korban juga diduga mengalami percobaan pemerkosaan dan
penganiayaan.

Pelakunya tiga orang pria dan saat ini sedang diburu petugas Polsek Kediri.

  

""Masih dikejar,"" ujar Kapolsek Kediri Kompol I Kadek Ardika yang dikonfirmasi,
Selasa (3/5/2022).

Mengenai kronologi penculikan tersebut, Kadek Ardika belum bersedia
menjelaskannya.

Ia hanya menyebutkan korbannya dalam keadaan selamat, namun masih syok.

""Korbannya masih sakit belum bisa diminta keterangannya untuk BAP (berita
acara pemeriksaan),"" sebutnya.

Informasi yang diperoleh detikBali, korban diculik pada Sabtu (30/4/2022)
sekitar pukul 18.00 Wita.

Waktu itu korban lagi mencari buah pepaya untuk dipakai sebagai sayur.

Tidak lama kemudian ketiga pelaku mendekati korban. Kemudian membekap mulut
korban dan membawanya ke dalam mobil.

Di dalam mobil, mulut korban diikat dengan kain putih. Sementara tangan dan
kakinya diikat pakai tali.

Korban kemudian diajak ke satu tempat di wilayah Badung. Di tempat itu, ketiga
pelaku memaksa korban untuk berhubungan badan.

Namun korban melakukan perlawanan sehingga ia dipukul menggunakan botol bir
dan dicekik.

Karena terus mendapatkan perlawanan, ketiga pelaku membawa korban ke sebuah
lokasi yang tidak jauh dari tempat pertama kali ia diculik.

Tragisnya, korban ditinggalkan begitu saja dalam posisi masih terikat selama
seharian lebih.

Baru pada Senin (2/5/2022), korban ditemukan oleh seseorang yang kebetulan
melintasi lokasi kejadian.

Orang itu membantu menghubungi keluarga korban hingga peristiwa itu dilaporkan
ke pihak Kepolisian.

  
  
  
[Gambas:Video 20detik]  

 ",www.detik.com
Beredar Video Aksi Maling Motor yang Niatnya Untung Malah 'Buntung',"Rabu, 26 Jan 2022 12:39 WIB","\-

Beredar video aksi maling motor yang bukannya untung malah buntung. Aksi
curanmor itu terjadi di Kabupaten Pasuruan.

Video yang beredar berdurasi 32 detik. Dalam video itu tampak dua pencuri
motor menggunakan jaket hitam.

Dalam caption posting-an video itu diterangkan, dua pencuri motor datang ke
sebuah minimarket di kawasan Nongkojajar, Kabupaten Pasuruan. Mereka datang
menggunakan sepeda motor yang ditaruh di luar parkir minimarket.

Kemudian salah satu dari mereka masuk ke minimarket tersebut. Sementara
temannya duduk di sepeda motor korban.

Pelaku kemudian mengambil motor matic yang diparkir di sebelah motor yang
diduduki temannya. Namun aksi pencurian itu diketahui orang yang ada di dalam
minimarket.

Sekelompok remaja bersarung yang diduga karyawan minimarket akhirnya berusaha
menggagalkan aksi pencurian itu. Mereka memukuli pelaku yang mengambil motor.

Sementara teman pelaku lari terbirit-birit dari lokasi menghindari amukan
sekelompok remaja bersarung dan warga. Kedua pelaku kabur namun tak sempat
mengendarai motor yang dibawa untuk beraksi. Motor tersebut tertinggal.

Peristiwa itu terjadi di Dusun Mesagi, Desa Wonosari, Kecamatan Tutur,
Kabupaten Pasuruan, pada Senin (25/1/2022) pukul 17.33 WIB. Seperti yang
disampaikan Kapolsek Tutur AKP Kusmani.

""Itu parkiran (minimarket) Basmalah. Pelaku gagal bawa kabur motor korban.
Kunci kontaknya sudah dirusak,"" jelas Kusmani, Rabu (26/1/2022).

  
  
  
[Gambas:Video 20detik]  

 ",www.detik.com
Kondisi Terkini Kanit Resmob Polda Jambi yang Ditombak Begal,"Rabu, 11 Mei  2022 17:46 WIB","\-

Kanit Resmbob Polda Jambi AKP Johan Silaen kini dirawat di rumah sakit setelah
ditombak pelaku begal. Polisi mengungkapkan kondisinya terkini.

Dilansir detikSumut, AKP Johan saat ini sudah dipindahkan ke RS Bhayangkara
Polda Jambi untuk pemulihan. Sebelumnya, AKP Johan dirawat di RSUD Raden
Mataher.

""Saya mengucapkan terima kasih yang sebesar-besarnya kepada pihak rumah sakit
yang sudah merespons cepat sehingga nyawa dari kanit saya akhirnya bisa
diselamatkan. Sekarang kanit saya kondisi sudah membaik dan dipindahkan ke
Rumah Sakit Bhayangkara,"" kata Direskrimum Polda Jambi Kombes Kaswandi Irwan
kepada wartawan, Rabu (11/5/2022).

Kaswandi mengatakan kondisi bagian perut yang ditusuk oleh pelaku begal kini
sudah dibersihkan dan ditangani pihak RS Bhayangkara Polda Jambi. Kondisi AKP
Johan Silaen saat ini membaik dan sudah sadar.

""Kondisinya kini sudah mulai sadar, sudah bisa diajak bicara juga. Apalagi kan
luka tombaknya itu juga sempat ditangkis pakai tangannya kan jadi tidak sampai
dalam tombakan pelaku itu,"" ujar Kaswandi.

Diketahui, peristiwa penombakan terjadi pada Selasa (10/5), sekitar pukul
18.00 WIB. Saat itu, polisi mengetahui keberadaan pelaku yang merupakan DPO
atas kasus curat dan curas di 11 TKP di wilayah Jambi.

Simak berita lengkapnya di sini

 ",www.detik.com
Eks Kasatpol PP Serahkan Rp 90 Juta ke Penembak Najamuddin: Uang Terimakasih,"Jumat, 20 Mei  2022 21:06 WIB","\-

Kasatpol PP Makassar nonaktif Iqbal Asnan langsung menyerahkan Rp 90 juta
kepada oknum Brimob Polda Sulsel Sulaiman usai memastikan pegawai Dishub
Makassar Najamuddin Sewang tewas. Polisi menyebut duit Rp 90 juta tersebut
ucapan terimakasih Iqbal yang telah dibantu membunuh korban.

Dalam rekonstruksi di rumah milik Iqbal di Perumahan Bumi Tamalanrea Permai
(BTP), Jumat (20/5/2022), tersangka Iqbal ditemui oleh tersangka Asri. Asri
adalah bawahan Iqbal yang bertugas menjemput Rp 90 juta tersebut yang telah
dikemas dalam kantong kresek merah.

Asri juga bertugas menyerahkan uang tersebut kepada Sulaiman, oknum Brimob
sekaligus rekan Chaerul Akmal selaku eksekutor penembakan.

  

Rekonstruksi penyerahan uang Rp 90 juta dari Iqbal ke Asri digelar di sebuah
ruangan tengah rumah Iqbal. Tepatnya di lantai satu.

Sejumlah aparat kepolisian tampak menjaga lokasi rekonstruksi itu dan melarang
awak media masuk ke dalam.

Setelah penyerahan uang itu dilakukan, jaksa dan polisi menuju ke sebuah
lapangan di BTP. Di sini, tersangka Asri memperagakan adegan uang Rp 90 juta
yang diterima dari Iqbal Asnan kepada Sulaiman.

Seperti terungkap dalam rekonstruksi sebelumnya, Sulaiman menyerah duit Rp 90
juta tersebut kepada Akmal yang sudah menyelesaikan tugasnya membunuh korban.

Sulaiman memberikan uang Rp 90 juta itu kepada Chaerul di belakang Asrama
Brimob Polda Sulsel. Sebaliknya, Chaerul langsung mengembalikan pistol yang
dipakai untuk membunuh Najamuddin.

Dalam rekonstruksi sebelumnya juga terungkap bahwa Sulaiman membawa pistol itu
di rumahnya di Kabupaten Pangkep. Di sana Sulaiman mengubur pistol itu untuk
menghilangkan barang bukti.

Sementara itu, Kasat Reskrim Polrestabes Makassar AKBP Reonald Truly
Sohomuntal Simanjuntak mengatakan uang Rp 90 juta itu merupakan uang
terimakasih.

""Uang itu diserahkan (oleh Iqbal kepada tersangka Asri) untuk Sulaiman atas
ucapan terima kasih telah membunuh korban,"" kata Rheonald.

  
  
  
[Gambas:Video 20detik]  

 ",www.detik.com
KPAI Duga Gadis yang Diperkosa Ayah Tiri di Riau Dijual Ibu Kandung,"Minggu, 10 Apr 2022 04:15 WIB","\-

Komisi Perlindungan Anak Indonesia (KPAI) berkomentar soal gadis yang dipaksa
ibunya untuk berhubungan seksual dengan ayah tiri. KPAI meminta polisi
mengusut dugaan tindak pidana perdagangan orang (TPPO).

""Harus betul-betul ditelusuri, apakah ada kemungkinan perdagangan. Bapak tiri,
misal 'saya menafkahi kamu kalau anak kamu sama saya.' Kepolisian harus sampai
ke situ, karena terlihat relasi kuasanya begitu kuat,"" kata Komisioner KPAI Ai
Maryati Solihah, saat dihubungi, Sabtu (9/4/2022).

Ai Maryati merasa ada yang janggal saat seorang ibu meminta anaknya untuk
berhubungan badan dengan suaminya. Apalagi, ada paksaan dari si ibu kandung.

""Biasanya ibu melindungi anaknya dari tindakan biadab. Berarti kan di sini ada
faktor lain, ada kecurigaan ada tindakan 'transaksional.' Harus diungkap oleh
kepolisian,"" kata Ai Maryati.

Kemudian, polisi harus berkoordinasi dengan Dinas Pemberdayaan Perempuan dan
Perlindungan Anak di daerah. Korban harus dicek dan dipastikan, apakah dia
mengalami masalah fisik dan psikis usai peristiwa tersebut.

""Kepolisian koordinasi dengan pemberdayaan perempuan dan perlindungan anak
terkait perlindungan dan rehabilitasi terhadap anak usia 17 tahun,"" ujarnya.

""Menurut mandat undang-undang, anak ini harus mendapat rehabilitasi
psikososial. Karena jelas ini ada tindak persetubuhan. Bahkan, dilakukan
berulang kali. Perlu juga dipastikan apakah ini ada dampak tidak terhadap alat
reproduksi,"" ujarnya.

Diketahui, nasib malang menimpa gadis asal Kuantan Singingi, Riau. Gadis
berusia 17 tahun itu dipaksa ibu kandungnya sendiri melayani nafsu bejat ayah
tirinya. Pemaksaan itu bahkan sudah terulang sebanyak enam kali.

Kasat Reskrim Polres Kuantan Singingi, AKP Boy Marudut Tua mengungkapkan,
kedua pelaku telah ditahan polisi. Mereka adalah IN ibu kandung korban dan SF
ayah tirinya.

""Terakhir kali beraksi, Selasa 5 April 2022. Semua dilakukan di kediaman
mereka di daerah Sentajo Raya,"" terang Boy kepada , Sabtu (9/42022).

Menurut Boy, kasus bermula saat pelaku SF mengajak IN berhubungan badan. Namun
tidak bisa melaksanakan permintaan sang suami dengan alasan sedang sakit.

Mirisnya, IN malah menyuruh buah hatinya ,TS untuk menggantikannya melakukan
hal tersebut. SF pun setuju dengan permintaan IN untuk tidur dengan anak
tirinya.

""Korban ini dipaksa oleh ibunya untuk mau berhubungan badan dengan bapak
tirinya. Si korban sempat menolak, tetapi dipukul oleh ibunya, bahkan korban
diancam akan diusir keluar dari rumah,"" kata Boy.

Tidak hanya sekali, pelaku malah berulang kali minta jatah kepada korban.
Namun saat minta jatah, dia selalu menyampaikan pada istrinya.

[Gambas:Video 20detik]

  
  

 ",www.detik.com
Polisi Ungkap Asal-usul Airsoft Gun Dipakai Pegawai Bank Merampok Bank,"Rabu, 06 Apr 2022 16:32 WIB","\-

Pria berinisial BS (43) merampok bank di Cilandak, Jakarta Selatan, dengan
menggunakan senjata _airsoft gun_. Tersangka yang juga pegawai bank swasta di
Jakarta ini sempat mengumbar tembakan saat melakukan aksinya.

Kapolres Metro Jakarta Selatan Kombes Budhi Herdi mengungkapkan asal usul
_airsoft gun_ yang dimiliki tersangka BS ini.

""Jadi _airsoft gun_ yang dimiliki pelaku memang sudah cukup lama dimiliki
pelaku, pelaku belinya sama _temen_ pada tahun 2010,"" kata Budhi dalam jumpa
pers di Polres Metro Jakarta Selatan, Rabu (6/4/2022).

Tersangka sempat melepaskan tembakan dengan _airsoft gun_hingga pelurunya
mengenai pipi petugas keamanan bank berinisial F. Diketahui F tertembak karena
melakukan perlawanan.

""Salah seorang sekuriti F tidak mau tiarap sehingga tersangka kemudian marah
dan menembakkan senjata yang dia bawa,"" kata dia.

""Kena peluru _airsoft gun_ di pipinya (F), karena pada saat itu diperintahkan
untuk tiarap langsung pada saat itu tidak mau, dan kemudian langsung di tembak
oleh pelaku,"" katanya.

Selain _airsoft gun_ , polisi menyita barang bukti lain berupa alat kejut
hingga 'bom' asap dan _cable ties_ yang akan digunakan jika keadaan tersangka
terimpit.

""Kami juga menemukan petasan asap dan juga ada juga tali _ties_. Jadi nanti
kalau terjepit dia akan menggunakan ini,"" kata dia.

Saat ini tersangka telah ditahan di Polres Metro Jakarta Selatan. Akibat
perbuatannya, tersangka dijerat Pasal 365 _juncto_ Pasal 53 KUHP dan UU
Darurat dengan ancaman hukuman hingga 10 tahun penjara.

 ",www.detik.com
Tukang Ojek Asal Makassar Tewas Dibacok OTK di Ilaga Papua,"Kamis, 09 Jun 2022 16:57 WIB","\-

Seorang tukang ojek bernama Adil (40) tewas ditebas oleh orang tak dikenal
(OTK) di Kabupaten Puncak, Papua. Korban yang merupakan warga asal Kota
Makassar, Sulawesi Selatan (Sulsel) itu sebelumnya sempat kritis di rumah
sakit.

""Korban sudah meninggal dunia pada jam 16.27 WIT,"" ujar Wakasatgas Humas
Operasi Damai Cartenz AKBP Arif Irawan, Kamis (9/6/2022).

Arif mengatakan korban diserang OTK di Tanjakan Lapar Kampung Kibogolome,
Distrik Ilaga, Kabupaten Puncak, sekitar pukul 13.25 WIT siang tadi. Korban
diduga diserang pakai parang.

  

""Korban mengalami luka bacok di hampir sebagian tubuh, dan kedua tangan korban
hancur akibat dianiaya,"" kata Arif.

Menurut Arif, korban Adil langsung dilarikan ke Puskesmas Ilaga buntut
penyerangan itu. Saat itu korban dirawat karena kritis.

""Korban (sempat) dalam keadaan kritis,"" katanya.

Arif mengatakan petugas di Ilaga, Puncak, Papua saat ini sedang dalam siaga 1
buntut penyerangan tukang ojek.

""Sebagai info awal besok pagi jenazah diterbangkan ke Timika,"" kata Arif.

  
  
  
[Gambas:Video 20detik]  

 ",www.detik.com
"Curi Mobil Penjual Kue Keliling, Oknum Polisi di Sulut Ditahan 14 Hari","Rabu, 01 Jun 2022 01:04 WIB","\-

Oknum polisi Briptu RG di Kotamobagu, Sulawesi Utara (Sulut) menjalani sidang
disiplin kasus pencurian dan penggelapan mobil minibus milik wanita penjual
kue keliling. RG disanksi disiplin berupa kurungan 14 hari, teguran tertulis
dan penundaan kenaikan pangkat.

""Yang bersangkutan dijatuhi hukuman disiplin berupa teguran tertulis,
penundaan kenaikan pangkat 1 periode,"" kata kata Kapolres Kotamobagu AKBP
Irham Halid kepada , Selasa (31/5/2022).

Irham mengatakan secara internal institusi Polri ada aturan yang mengikat.
Jadi ketika ada anggota Polri yang terbukti bersalah maka akan diberikan
sanksi sesuai aturan yang berlaku.

  

""Dia sudah disidangkan internal Polres Kotamobagu, sebagai pelaksana adalah
Propam dengan Pimpinan Sidang Wakapolres dan Anggota-anggota sidang Kasi Was
dan Perwira lainnya,"" bebernya.

Sanksi lain terhadap oknum polisi Briptu RG ini berupa penempatan di tempat
khusus (di sel) dengan ketentuan waktu tertentu sesuai aturan internal yang
berlaku. Dia mendapatkan kurungan badan selama 14 hari.

""Untuk penempatan di tempat khusus sudah dijalani yang bersangkutan pada
Desember 2021,"" jelasnya.

Dia memastikan sekalipun sanksi internal telah dijatuhi. Namun pihaknya masih
akan terus melakukan penyelidikan terkait dugaan pidana berupa dugaan penipuan
dan penggelapan mobil orang lain.

""Untuk proses etika, menunggu hasil dari penyidikan pidana-nya, yang tentunya
dalam prosesnya melibatkan aparat penegak hukum (APH) lain seperti JPU dan
PN,"" jelasnya.

Irham menuturkan lambatnya proses penanganan perkara tersebut karena ada
beberapa masalah. Salah satunya terkait dengan tidak hadirnya salah satu saksi
kunci dalam kasus tersebut.

""Masih ada saksi kunci yang belum memenuhi panggilan untuk dimintai keterangan
dari penyidik,"" pungkasnya.

Diberitakan sebelumnya, oknum polisi Briptu RG dilaporkan ke Polres Kotamobagu
atas tuduhan pencurian dan penggelapan mobil minibus milik wanita penjual kue
keliling. Briptu RG dipolisikan oleh Muktar selaku suami penjual kue keliling
tersebut.

Laporan polisi milik Muktar teregistrasi di Polres Kotamobagu dengan nomor
LP/B/398/IX/2021/SULUT/SKPT-RES KTGU. Briptu RG dituding bekerja sama dengan
pria inisial C dan IP dalam menjalankan aksinya.

""Ini _oto_ (mobil) istri punya. Dia beli dari hasil jualan kue naik-turun
kantor, keliling kampung-kampung jualan kue,"" ujar Muktar kepada wartawan,
Sabtu (28/6).

Muktar mengatakan mobilnya awalnya dirental oleh pria berinisial C pada 19
Desember 2020. Namun dia menerima kabar bahwa mobil itu ditarik dari tangan C
oleh pihak leasing dengan alasan menunggak cicilan tiga bulan.

""Seharusnya kembalikan (mobil) tanggal 20 Desember. Sekitar jam 2 dia (pelaku)
hubungi kalau mobilnya bermasalah soal tagihan, katanya dari pihak leasing
tarik kendaraan,"" katanya.

Belakangan diketahui pria C merupakan orang suruhan RG. Mobil korban akhirnya
dijual oleh RG sehingga oknum polisi itu dilaporkan ke Polres Kotamobagu.

  
  
  
[Gambas:Video 20detik]  

 ",www.detik.com
Polisi Ringkus Dua Terduga Pelaku Curanmor di Bima,"Senin, 13 Jun 2022 09:58 WIB","\-

Dua terduga pelaku pencurian kendaraan bermotor (curanmor) berhasil dirungkus
Tim Puma Polres Bima di Desa Dadibou dan Desa Penapali, Kecamatan Woha,
Kabupaten Bima. Kedua terduga pelaku masing-masing berinisial OD dan HF.

Kasi Humas Polres Bima Iptu Adib Widayaka menjelaskan kejadian yang menimpa
korban YT (50) warga Desa Kalampa, Kecamatan Woha, Kabupaten Bima terjadi
Kamis (28/5/2022) pukul 19.30 Wita. Tepatnya di halaman Perumahan Sekolah SDN
Inpres 02 Kalampa.

Kejadian berawal saat korban sedang melaksanakan ibadah shalat Tarawih di
dalam rumah (perumahan sekolah) setempat. Setelah melaksanakan ibadah sholat
Tarawih korban keluar dan mengetahui sepeda motor miliknya raib.

  

""Akibat kejadian tersebut pelapor mengalami kerugian ditaksir mencapai Rp
10.500.000 dan melaporkan ke Mapolsek Woha"" kata Adib.

Setelah mendapat laporan, Tim Puma Polres Bima melakukan penyelidikan terkait
keberadaan pelaku.

""Kurang lebih dalam kurun waktu kurang dari satu bulan tim puma berhasil
mengendus keberadaan satu dari dua terduga pelaku yang berinisial OD tepatnya
di Desa Dadibou. Tim langsung bergerak menuju TKP,"" papar Adib.

Terduga pelaku OD ditangkap saat asyik tidur di rumahnya di Desa Dadibou,
Kecamatan Woha, Kabupaten Bima dan langsung digiring ke Mapolres Bima.  
Di hadapan petugas, OD mengaku melakukan aksi jahatnya bersama rekannya yang
diketahui berinisial HF warga Desa Penapali, Kecamatan Woha, Kabupaten Bima.

Berdasarkan pengakuan OD, Tim Puma kembali bergerak untuk meringkus terduga
pelaku HF.

""Setibanya di TKP, Tim Puma langsung mengamankan HF dan pada saat ditangkap
terduga tidak melakukan perlawanan,"" ujarnya.

Setelah itu tim puma melakukan interogasi kepada HF yang merupakan seorang
residivis itu mengaku kalau sepeda motor yang dicuri dijual kepada FE warga
Desa Sampungu, Kecamatan Soromandi, Kabupaten Bima.

Tim Puma kembali bergerak menuju Desa Sampungu namun kedatangan tim puma
diketahui oleh FE dan berhasil melarikan diri meninggalkan barang bukti (BB)
satu unit sepeda motor Honda Scoopy tanpa nopol dan barang bukti tersebut
langsung diamankan oleh petugas.

""Kedua terduga pelaku saat ini masih menjalani pemeriksaan intensif di
Mapolres Bima karena diduga kuat keduanya merupakan komplotan spesialis
curanmor yang tidak segan-segan melukai korbannya,"" tutup Adib.  

  
  
  
[Gambas:Video 20detik]  

 ",www.detik.com
Detik-detik Satpam Disekap Saat Perampokan Sekolah di Bogor,"Selasa, 18 Jan 2022 09:20 WIB","\-

Perampokan SMPN 3 Tenjo, Kabupaten Bogor, Jawa Barat (Jabar), diwarnai
penyekapan terhadap penjaga sekolah. Perampok juga mempersenjatai diri dengan
senjata tajam (sajam).

Penyekapan bermula pada Minggu (9/1) sekitar pukul 19.30 WIB saat penjaga
sekolah beristirahat di salah satu ruangan sekolah. Hingga pada Senin (10/1)
pukul 02.00 WIB, keempat perampok masuk ke sekolah.

""Sekitar pukul 02.00 WIB pelapor disekap (diikat bagian tangan, mulut, dan
kaki dengan menggunakan gorden) oleh empat orang tidak dikenal dan diancam,""
ujar Kasat Reskrim Polres Bogor AKP Siswo Tarigan melalui pesan singkat,
Selasa (8/1/2022).

Keempat pelaku perampokan adalah adalah N (23), M (29), S (39), dan AH (27).
Pada saat itu penjaga sekolah sedang berjaga seorang diri. Setelah menyekap
penjaga sekolah, keempat perampok leluasa menggasak aset milik sekolah.

""Pelaku mengambil barang aset milik SMPN 3 Tenjo,"" lanjutnya.

Saat ini keempat perampok telah diringkus pihak kepolisian. Polisi juga sedang
mencari dua tersangka lainnya.

""Empat tersangka pencurian yang melakukan penyekapan terhadap penjaga keamanan
di SMPN 3 Tenjo tersebut berhasil ditangkap pada Jumat (14/01),"" kata Kasi
Humas Polres Bogor AKP Ita Puspita melalui keterangan tertulis, Senin (17/1).

[Gambas:Video 20detik]

  
  

 ",www.detik.com
Maling Ayam di Bantul Ini Terlacak Gegara HPnya Ketinggalan di Kandang,"Jumat, 08 Apr 2022 15:21 WIB","\-

Dua pria warga Bantul, Daerah Istimewa Yogyakarta (DIY), berinisial K (22) dan
RF (20) terpaksa menyerahkan diri ke polisi. Alasannya, kedua pria ini justru
meninggalkan ponselnya di kandang ayam Pedukuhan Tlenggongan, Kalurahan Kebon
Agung, Imogiri saat mencuri dua ekor ayam jago.

Peristiwa itu berawal saat korban Wawan tertidur pada Selasa (5/4) malam.
Keesokan harinya korban mendapati dua ekor ayam jagonya di kandang hilang dan
justru menemukan ponsel.  
  
""Kemudian di TKP (kandang ayam korban) itu ditemukan sebuah HP (smartphone).
Nah, pas didekati korban kok ada telepon masuk dan diangkatlah sama korban,""
kata Kanit Reskrim Polsek Imogiri AKP Suyanto saat ditemui di Polsek Imogiri,
Jumat (8/4/2022).

Dari peristiwa itu, Wawan mengetahui identitas pelaku yang mencuri 2 ekor jago
seharga Rp 2 juta miliknya. Karena itu, pelaku memilih menyerahkan diri ke
Polsek Imogiri beserta 2 ekor ayam milik Wawan.

""Ternyata yang telepon itu pencuri ayam korban karena HP-nya ketinggalan.
Karena korban sudah mengetahui pelaku, akhirnya pelaku menyerahkan diri sambil
membawa 2 ekor ayam jago ke Polsek Rabu (6/4) pagi. Setelah datang pelaku
langsung kami amankan,"" ucapnya.

Suyanto menyebut pencurian ayam itu berawal saat K dan RF hendak ke rumah
mertua K di Kalurahan Selopamioro, Kapanewon Imogiri. Di tengah perjalanan,
keduanya melihat ayam jago milik Wawan yang kandangnya berada di halaman
rumah.

""Pelaku ini pas lewat pukul 22.00 WIB malam kebetulan melihat kandang ayam di
halaman rumah. Karena itu muncul niatan pelaku untuk mencuri ayam tersebut,""
ujarnya.

Suyanto menyebut motif K nekat mencuri karena membutuhkan uang untuk
mendaftarkan anaknya masuk PAUD. Namun, belum sempat menjual ayam hasil curian
ternyata gawai milik K tertinggal di kandang ayam.

""Dari pengakuan sementara, pelaku mencuri ayam itu karena butuh uang untuk
membiayai anaknya masuk PAUD. Selain itu, K mengaku baru sekali melakukan
pencurian,"" ujarnya.

Atas perbuatannya, kedua pelaku disangkakan Pasal 363 KUHP tentang pencurian
dengan pemberatan. ""Untuk ancaman hukumannya maksimal 5 tahun penjara,""
katanya.

  
  
  
[Gambas:Video 20detik]  

 ",www.detik.com
"Kasihan Dua Pemuda di Jember Babak Belur Dimassa, Apa Penyebabnya?","Selasa, 22 Mar 2022 21:59 WIB","\-

Dua pria di Jember bundas dihajar massa karena dikira mencuri motor.
Belakangan baru diketahui peristiwa itu terjadi karena salah paham. Dua pria
yang dihajar massa itu bukan pencuri tetapi hanya salah mengambil sepeda
motor.

""Peristiwanya terjadi di areal Pasar Hewan Dusun Krajan, Desa Tempurejo,
Kecamatan Tempurejo. Sekitar pukul 9 pagi,"" kata Kanit Reskrim Polsek
Tempurejo Bripka Nur Afandi, Selasa (22/3/2022).

""Jadi, aksi massa itu murni kesalahpahaman. Keduanya salah ambil motor karena
di lokasi itu ada motor lain dengan jenis dan warna yang sama,"" tambah Afandi.

Dua pria yang menjadi korban aksi massa itu bernama Samsul Arifin (28) warga
Dusun Krajan dan Lukman Sauri (39) warga Dusun Karang Kokap, Desa Sruni,
Kecamatan Jenggawah.

Afandi menyampaikan kronologi peristiwa itu. Semua bermula ketika Samsul dan
Lukman yang berboncengan motor tiba di pasar hewan. Mereka ke pasar hewan naik
motor Yamaha N-Max P 2937 HY warna hitam milik Samsul.

""Tiba di lokasi, Lukman yang saat itu dibonceng turun lebih dulu kemudian
masuk ke dalam warung. Sementara Samsul yang membonceng Lukman sekaligus
pemilik motor itu memarkirkan motornya di selatan warung,"" kata Afandi.

Tak lama berselang Samsul pamit melihat hewan di pasar itu. Dia lalu
menyerahkan kontak motor itu dan meminta Lukman untuk mengambil motor yang
tadi dia parkir. Samsul lalu berjalan kaki melihat-lihat hewan yang dijual di
pasar itu.

Lukman yang tidak tahu bahwa motor Samsul diparkir di sebelah selatan warung
berjalan ke arah utara. Dia mencari-cari motor Samsul sampai akhirnya
menemukan Yamaha N-Max warna hitam seperti milik Samsul.

""Ada motor Yamaha N-Max warna serupa yang ada di sebelah utara warung itu.
Lukman mengira motor itu adalah motor Samsul,"" kata Afandi.

Padahal bukan. Motor N-Max bernopol P 5032 LN yang terparkir di sebelah utara
warung itu milik Poniman (47) warga Dusun Krajan, Desa Cangkring, Kecamatan
Jenggawah, Jember.

Karena memang tidak tahu di mana motor Samsul diparkir Lukman langsung saja
memasukkan kunci motor ke lubang kontak Yamaha N-Max milik Poniman. Berkali-
kali dia coba menghidupkan mesin tapi tidak bisa.

""Karena tidak hidup, motor itu kemudian didorong oleh Lukman. Nah saat itulah
Poniman tahu motornya didorong oleh Lukman,"" kata Afandi.

Poniman menegur Lukman, mengapa dia membawa motornya? Sementara Lukman yang
meyakini motor itu milik Samsul ngotot bahwa motor itu milik temannya.

""Ketika berselisih itulah datang warga yang meneriaki Lukman maling. Dia pun
langsung dipukuli beramai-ramai oleh warga,"" kata Afandi.

Tidak lama kemudian datanglah Samsul yang bermaksud memberikan penjelasan
kepada warga yang sedang mengeroyok Lukman. Tapi dia juga menjadi sasaran
amukan massa karena dianggap teman si pencuri motor.

""Beruntung saat itu ada anggota kami di lapangan dan langsung mengamankan
keduanya,"" kata Afandi.

Saat melakukan penyelidikan dan gelar perkara keduanya memang tidak terbukti
melakukan pencurian motor. ""Jadi memang murni salah paham,"" kata Afandi.

Meski sudah babak belur dihajar massa, Lukman dan Samsul tidak melanjutkan
kasus itu. Mereka tidak membawa kasus itu ke ranah hukum.

""Dua orang yang dimassa ini enggak mau lapor dan menyadari karena memang telah
terjadi kesalahpahaman,"" kata Afandi.

  
  
  
[Gambas:Video 20detik]  

 ",www.detik.com
Ini Tampang Tersangka Pembunuh Pria dalam Karung di Tangerang,"Kamis, 02 Jun 2022 15:03 WIB","\-

Polisi telah mengungkap kasus pembunuhan yang menimpa S, yang jasadnya
ditemukan di dalam karung di sebuah bekas galian pasir di Legok, Tangerang.
Dua pelaku ditangkap. Ini tampangnya.

Kabid Humas Polda Metro Jaya Kombes E Zulpan mengatakan dua pelaku berinisial
SY (35) dan MYM (18). Keduanya diketahui merupakan tetangga korban.

""Mereka saling kenal, tetangga,"" kata Zulpan di Polda Metro Jaya, Jakarta,
Kamis (2/6/2022).

Dua pelaku itu ditampilkan saat polisi menggelar konferensi pers pengungkapan
kasus tersebut. Kedua pelaku telah mengenakan baju tahanan berwarna oranye.

Sejumlah barang bukti pun ikut ditampilkan polisi. Salah satu barang bukti itu
berupa barbel berukuran besar yang digunakan pelaku sebagai alat pemberat
untuk membuat korban tenggelam ketika dibuang di sungai.

""Iya barbel ini dipakai ketika pelaku membuang korban,"" katanya.

Kasus pembunuhan pria inisial S yang jasadnya ditemukan dalam karung di bekas
galian pasir di Legok, Tangerang, telah terungkap. Korban diketahui merupakan
seorang pedagang.

""(Korban) pedagang biasa,"" kata Kapolres Tangerang Selatan AKBP Sarly Sollu
saat dihubungi, Rabu (1/6).

Jasad korban awalnya ditemukan warga pada Selasa (31/5). Korban ditemukan
dengan kondisi tanpa busana.

Polisi lalu melakukan penyelidikan. Kurang dari 24 jam pelaku berhasil
ditangkap.

""Pelaku sudah diamankan,"" kata Sarly.

Sarly mengatakan ada dua pelaku yang ditangkap. Kedua ditangkap pada Rabu
(1/6) sekitar pukul 10.00 WIB.

Pelaku ditangkap tim gabungan Polres Tangsel dan Polda Metro Jaya yang
dipimpin Kasubdit Resmob Ditreskrimum Polda Metro Jaya AKBP Handik Zusen,
Kasubdit Jatanras Ditreskrimum Polda Metro Jaya AKBP Awalaudin Amin, Kanit 2
Resmob Kompol Maulana Mukarom, Kanit 2 Jatanras Kompol Abd Rohim, Kanit 5
Jatanras Kompol Rensa, Kanit 3 Resmob Kompol Widi Irawan dan Kasat Reskrim
Polres Tangsel AKP Aldo Primananda Putra, serta Katimsus 2 Resmob Ipda Adin
Rifai.

Polisi sebelumnya mengungkap identitas korban. Pria berinisial S itu diketahui
bertempat tinggal di Kelurahan Bojong Nangka, Kecamatan Kelapa Dua, Kabupaten
Tangerang.

Mayat pria dalam karung ini sempat menggegerkan warga Legok, Tangerang, pada
Selasa (31/5). Korban ditemukan dalam keadaan tanpa busana.

Korban ditemukan dalam kondisi kepala tertutup plastik dan mulutnya dilakban.
Tangan dan kakinya diikat pemberat dari barbel.

[Gambas:Video 20detik]

 ",www.detik.com
"Kasus Suami Bunuh Istri di Pekalongan, Pelaku Jalani Rekonstruksi","Senin, 23 Mei  2022 16:00 WIB","\-

Polres Pekalongan Kota menggelar rekonstruksi kasus suami bunuh istri.
Tersangka pembunuhan inisial MS (35) warga Desa Kradenan, Kecamatan Pekalongan
Selatan, Kota Pekalongan, menjalani 21 adegan.

Dalam kasus pembunuhan yang terjadi April lalu, pelaku sempat mengatakan
kepada tetangga dan keluarga bahwa istrinya, inisian N (35) meninggal karena
gantung diri. Namun pembunuhan itu terbongkar hingga MS menjadi tersangka.
Tersangka terlihat menangis sesenggukan selama proses rekonstruksi itu
berlangsung.

Dalam rekonstruksi itu terungkap bahwa pembunuhan itu didahului dengan sebuah
pertengkaran. Pertengkaran kian hebat sehingga pelaku menggunakan kekerasan
fisik.

Dalam pertengkaran itu pelaku mendorong korban hingga terjatuh dan kepalanya
terbentur tembok. Korban pingsan akibat benturan itu. Namun, pelaku belum puas
hingga akhirnya mencekik korban hingga tewas.

Melihat istrinya tak bernyawa, pelaku kemudian mengambil sprei dan
melilitkannya ke leher korban. Dia lantas mengabarkan ke tetangga dan keluarga
bahwa korban tewas akibat bunuh diri.

""Kita melaksanakan rekonstruksi kejadian KDRT. Untuk informasi awalnya memang,
korban diinformasikan bunuh diri. Tetapi setelah kita lakukan olah TKP dan
hasil pemeriksaan medis, korban dibunuh. Pelakunya suaminya sendiri,"" kata Ali
Sunyoto usai rekonstruksi, Senin (23/5/2022).

Menurutnya, tidak ada temuan baru dalam rekonstruksi itu. Semua adegan
berjalan sesuai dengan hasil pemeriksaan yang telah dilakukan.

""Pembunuhan tidak direncanakan, spontan saat cekcok, korban didorong dengan
keras, kepala korban membentur dinding dan ada unsur cekikan. Motifnya masalah
ekonomi, biasanya setiap harinya cekcok,"" jelasnya.

Tersangka akan dijerat dengan pasal berlapis, yakni Undang-Undang KDRT pasal
44 ayat 3, pasal 338 KUHP dengan ancaman hukuman 15 tahun penjara.  
Dalam rekonstruksi tersebut dihadiri pula jaksa penuntut umum Beni Agus S dan
pengacara tersangka yakni Joko Pitoyo.

Sebelumnya diberitakan, seorang ibu muda, dilaporkan tewas akibat aksi gantung
diri, pada Selasa (12/4) malam. Tetapi belakangan diketahui, di balik kematian
ibu muda di Kota Pekalongan itu terungkap dugaan tindak pidana. Korban N (35)
tewas bukan karena gantung diri, namun dibunuh oleh suaminya sendiri yakni MS.

  
  
  
[Gambas:Video 20detik]  

 ",www.detik.com
Aksi Menegangkan Wanita Penjaga Konter Lawan Maling Purbalingga Terekam CCTV,"Selasa, 19 Apr 2022 18:31 WIB","\-

Video aksi perempuan penjaga konter handphone berhasil menggagalkan usaha
pencurian viral di media sosial. Seperti apa kejadiannya?

Dari penelusuran diketahui peristiwa itu terjadi di Desa Bajong, Kecamatan
Bukateja, Kabupaten Purbalingga. Perempuan dalam video itu bernama Janatin
Alfafa.

""Iya itu saya, kejadian Minggu (17/4) pukul 18.00 WIB. Alhamdulillah berhasil
saya gagalkan orang yang mau membawa kabur HP dari konter,"" kata Janatin
kepada , Selasa (19/4/2022).

Video itu salah satunya diunggah di akun Instagram @sragenkita. Hingga petang
ini postingan video itu sudah mendapat 2.855 likes dari netizen.

Janatin menceritakan awalnya laki-laki itu mendatangi konter dan menyampaikan
akan membeli satu unit handphone. Dia lalu meminta untuk ditunjukkan salah
satu tipe HP, Janatin yang tidak menaruh curiga menunjukkan barang yang
ditanyakan oleh pencuri itu.

""Setelah saya keluarkan (HP), dia berusaha mau kabur sambil membawa barangnya,
terus saya rebut sambil tarik-tarikan itu,"" jelasnya

Setelah sempat aksi saling tarik, Janatin berhasil merebut handphone itu dan
berusaha menahan pelaku agar tidak melarikan diri. Namun pelaku akhirnya kabur
setelah helmnya terlepas.

""Setelah HP aman, saya tahan pelaku sekuat tenaga supaya dia tidak kabur tapi
karena dia lebih kuat akhirnya berhasil kabur,"" ucap Janatin.

""Betul barang-barang pelaku ada yang ketinggalan di sini, itu ada jaket,
mantel sama helm,"" tuturnya.

Atas aksi heroiknya, Janatin mendapatkan apresiasi dari bos pemilik konter.
Sejumlah hadiah diberikan karena berhasil mencegah aksi pencurian itu.

""Alhamdulillah sama bos dikasih hadiah baju sama uang tunai, belum tahu ini
belum saya buka berapa jumlahnya, tapi berapa pun lumayan rejeki Ramadan,""
tutupnya.

  
  
  
[Gambas:Video 20detik]  

 ",www.detik.com
"Curi Vespa Mogok Anak Punk di Sumsel, Ronaldo Bersama Kembaran Diciduk","Rabu, 06 Okt 2021 19:55 WIB","\-

Ronaldo (20) bersama kembarannya, Renaldi (20), ditangkap polisi. Warga di
Palembang, Sumatera Selatan (Sumsel), itu kedapatan mencuri Vespa mogok milik
anak _punk_.

""Kedua pelaku ini kembar, dia kita tangkap kasus curanmor 1 unit motor Vespa
mogok milik korban 'anak punk',"" kata Kapolsek Sukarami Palembang, Kompol Budi
Hartono, Rabu (6/10/2021).

Dalam aksinya, kedua tersangka sempat dikeroyok oleh segerombol 'anak punk'
karena kepergok mencuri motor BG-3745-PG milik korban. Peristiwa pencurian itu
terjadi di Jalan Soekarno Hatta, Palembang, pada Kamis (30/9) lalu.

""Tersangka beraksi saat korban sedang tidur, saat sedang mendorong motor Vespa
mogok itu korban bangun dan memergoki pelaku. Keduanya kita tangkap dan
mengakui perbuatannya,"" kata Budi.

###

### Vespa Mau Dijual Rp 500 Ribu

Keduanya mengaku hendak menjual motor mogok tersebut Rp 500 ribu dengan
pemesan. Hasil penjualan rencananya digunakan untuk biaya sekolah adik
keduanya.

""Mau kami jual Rp 500 ribu ke pemesan, uangnya untuk biaya sekolah adik kami,
Pak,"" kata kedua tersangka.

### 2 Pelaku Curanmor Lain Diciduk

Dalam jumpa pers ini, polisi juga menetapkan dua tersangka pencurian kendaraan
bermotor (curanmor) lain dengan korban berbeda. Keduanya bermodus mencuri
motor duplikat kunci.

![Ronaldo \(20\) bersama kembarannya, Renaldi \(20\) ditangkap polisi. Warga
di Palembang itu kedapatan mencuri vespa mogok milik anak punk. \(Prima
S/detikcom\)](https://akcdn.detik.net.id/community/media/visual/2021/10/06/ronaldo-20-bersama-
kembarannya-renaldi-20-ditangkap-polisi-warga-di-palembang-itu-kedapatan-
mencuri-vespa-mogok-milik-anak-pun_169.jpeg?w=620)Dua pelaku curanmor bermodus
duplikat kunci juga ditangkap personel Polsek Sukarami Palembang. (Prima
S/detikcom)  
  
---  
  
Satu tersangka bernama, Randi Rahman, ditangkap karena nekat mencuri motor
BG-5930-ADF milik orang yang dilatihnya dengan cara duplikat kunci. Randi
diketahui merupakan pelatih futsal korban.

""Tersangka (Randi) merupakan pelatih futsal dari korban, modusnya duplikat
kunci motor alasan meminjam dan melakukan pencurian motor milik korban,""
katanya.

Sedangkan satu tersangka lainnya, bernama Sandi (19) yang mencuri motor paman
angkatnya sendiri. Dia berpura-pura meminjam motor BG-3901-AY itu untuk
menduplikat kunci. Selanjutnya dia mencuri motor korban menggunakan kunci
duplikat tersebut.

""Tersangka Sandi ini mencuri motor paman angkatnya sendiri. Modusnya duplikat
kunci dengan cara meminjam motor korban,"" katanya.

Semua tersangka ditahan dan dijerat Pasal 363 KUHP tentang tindak pidana
pencurian dan pemberatan.

[Gambas:Video 20detik]

 ",www.detik.com
"Terungkap, Begal Sadis Tewaskan Wanita di Bekasi Pernah Sasar Polisi","Senin, 28 Mar 2022 17:39 WIB","\-

Polisi menangkap dua begal yang menewaskan wanita muda, IN (22), di Cikarang
Utara, Kabupaten Bekasi. Salah satu pelaku, N (17), disebut pernah melakukan
aksi begal kepada anggota polisi.

Kapolres Metro Bekasi Kombes Gidion Arif mengungkapkan aksi yang dilakukan N
kepada polisi ini terjadi pada Oktober 2021.

""Iya pernah, Oktober 2021,"" ujar Gidion ketika dihubungi pada Senin
(28/3/2022).

Terpisah, Kanit Jatanras Satreskrim Polres Metro Bekasi Iptu I Gede Bagus
Ariska mengatakan pelaku N membegal polisi yang baru pulang dari tugas
vaksinasi. Selain itu, N pernah melakukan pembacokan saat melakukan tawuran.

""Pelaku N pernah membegal anggota Cikarang Timur saat pulang dari tugas
vaksinasi dan juga merupakan pelaku dalam pembacokan tawuran di Rengas
Bandung, Kedung Waringin beberapa hari yang lalu,"" ujar Gede.

Sebelumnya tim gabungan Satuan Reskrim Polres Metro Bekasi dan Ditreskrimum
Polda Metro Jaya menangkap dua pelaku pembacokan wanita muda di Bekasi yang
berinisial N (17) dan MR (20). Polisi masih memburu satu pelaku lagi yang
berinisial AS alias Tile.

""Total pelaku ada tiga orang. Dua berhasil diringkus dan seorang lagi masih
kami kejar,"" kata Kanit Jatanras Satreskrim Polres Metro Bekasi Iptu I Gede
Bagus Ariska dalam keterangan tertulis, Jumat (25/3/2022).

### Hendak Cari Lawan Tawuran

Gede mengatakan para pelaku memiliki peran masing-masing saat melakukan
pembacokan. N diketahui sebagai eksekutor dan MR menjadi joki.

Gede menyebut para pelaku sebelumnya hendak melakukan tawuran. Namun, niatnya
digagalkan polisi yang sedang berpatroli. Lalu, pelaku mencari korban untuk
dibegal.

""Saat kejadian, para pelaku sempat berkeliling mencari musuh untuk tawuran.
Niatnya gagal karena ada Patroli Perintis Presisi,"" ujarnya.

""Korban dipepet. Korban sempat melawan akhirnya dibacok 4 kali oleh pelaku N,
karena berteriak akhirnya pelaku gagal membawa harta milik korbannya,""
sambungnya.

[Gambas:Video 20detik]

 ",www.detik.com
Kabar Terbaru Maling 'Hilang' di Gorong-gorong Masih Diburu,"Kamis, 26 Mei  2022 05:14 WIB","\-

Aksi pencurian ponsel warga di Cijantung, Pasar Rebo, Jakarta Timur,
menghebohkan warga. Pelaku kabur dengan menceburkan diri ke gorong-gorong
sesaat setelah aksinya dipergoki oleh korban.

Pelarian pelaku pencurian ini membuat Damkar turun melakukan pencarian di
gorong-gorong. Akan tetapi pencarian Damkar tak membuahkan hasil.

Kapolsek Pasar Rebo, Kompol Agung Ardiansyah, mengatakan pelaku menceburkan
diri setelah aksinya mencuri di salah satu rumah warga di Jalan Gongseng Raya,
Kelurahan Cijantung, pada Minggu (22/5) pagi dipergoki korban.

""Pelaku masuk ke rumah korban dengan cara merusak pintu rumah. Kerugian dua
unit telepon seluler. Diduga pelaku diteriaki maling oleh korbannya,"" kata
Agung seperti dilansir Antara, Selasa (24/5/2022).

Teriakan warga tersebut membuat pelaku panik, sehingga menceburkan diri ke
gorong-gorong yang terbuat dari beton 'U-ditch' dengan lebar sekitar 1,5 meter
dan tinggi sekitar 1,5 meter.

Aksi pelaku kabur ke gorong-gorong ini membuat petugas Damkar turun tangan.
Kepala Seksi (Kasi) Operasional Sudin Gulkarmat Jaktim, Gatot Sulaeman,
mengatakan pencarian terhadap pelaku di gorong-gorong memakan waktu lebih dari
1 jam.

Gorong-gorong tersebut berada di pinggir jalan dan lebarnya sekitar 50-80 cm.
Ada 4 personel Damkar yang dikerahkan ke lokasi.

""Pencarian radius sekitar 100 meter. Karena gorong-gorong panjang, belokan,
dan arahnya ke kali. Kemungkinan pelaku sudah keluar tapi kita nggak tahu ke
mana,"" ujar Gatot.

##  
Pelaku Diduga Sudah Keluar dari Gorong-gorong

Pencarian terhadap pelaku pencurian HP ini tidak membuahkan hasil. Polisi
menduga pelaku sudah keluar dari gorong-gorong sesaat setelah korban mencari
pertolongan.

""Kita cari sama buser sama damkar kan karena gorong-gorong itu kering,
kemungkinan dia naik ke atas (keluar). Sudah disusuri sama damkar semuanya ke
situ,"" kata Kapolsek Pasar Rebo Kompol Agung Ardiansyah saat dihubungi, Rabu
(25/5).

Saat proses pengejaran itu, korban melihat pelaku masuk ke gorong-gorong.
Korban yang mengejar seorang diri sempat meninggalkan lokasi gorong-gorong
untuk meminta bantuan warga lain dalam menangkap pelaku.

Ada jeda waktu korban pergi memanggil warga lain yang kemudian diduga
dimanfaatkan pelaku untuk keluar dari gorong-gorong dan melarikan diri.

""Iya si pelaku keluar. Korban pun tidak melaporkan, jadi sudah ikhlas
katanya,"" tutur Agung.

  
 _Baca di halaman selanjutnya: HP korban sempat terdeteksi di Pekayon._

[Gambas:Video 20detik]

  
  
  
  

Selanjutnya __

Halaman

1  2  3

 ",www.detik.com
Korban Jadi Tersangka Gegara Bunuh 2 Begal: Saya Tak Ada Ilmu Kebal,"Kamis, 14 Apr 2022 16:02 WIB","\-

Pria bernama Murtede alias Amaq Sinta (34) menceritakan detik-detik dirinya
dibegal lalu melawan dan menyebabkan dua begal tewas. Dia mengatakan dirinya
tak punya ilmu kebal.

""Saya tidak ada kepandaian dan tidak memiliki ilmu kebal,"" kata Amaq Sinta di
rumahnya di Praya Timur, seperti dilansir dari _Antara_ , Kamis (14/4/2022).

Amaq Sinta merupakan korban begal yang ditahan polisi dan ditetapkan menjadi
tersangka karena membunuh dua begal dan melukai dua begal yang lain. Dia
dibegal empat orang saat mengendarai sepeda motornya di jalan Desa Ganti untuk
mengantarkan makanan buat ibunya di Lombok Timur pada Minggu malam (10/4).

Dia melawan para begal itu dengan pisau kecil yang dibawa. Dia mengaku hanya
dilindungi Tuhan.

""Tapi ini memang saya dilindungi Tuhan,"" katanya.

Amaq Sinta menyatakan dirinya terpaksa melawan. Dia mengatakan seharusnya
dirinya tidak ditetapkan sebagai tersangka karena melawan para begal.

""Saya melakukan itu, karena dalam keadaan terpaksa. Dihadang dan diserang
dengan senjata tajam, mau tidak mau harus kita melawan. Sehingga seharusnya
tidak dipenjara, kalau saya mati siapa yang akan bertanggung jawab,"" katanya.

Amaq Sinta, yang memiliki dua anak, juga mengalami sakit pada bagian tubuhnya
karena terkena senjata tajam para pelaku. Amaq Sinta berharap dibebaskan murni
dan kasusnya tak sampai ke pengadilan.

""Saya berharap bisa dibebaskan murni dan tidak sampai di pengadilan. Supaya
bisa kerja kembali seperti biasanya. Saya ucapkan terimakasih kepada seluruh
masyarakat yang telah mendukung saya,"" katanya.

Sebelumnya, jajaran Satreskrim Polres Lombok Tengah menetapkan korban begal
berinisial S (34) menjadi tersangka dalam dugaan kasus dua begal yang tewas
bersimbah darah di jalan raya Desa Ganti, Kecamatan Praya Timur, Minggu dini
hari (10/4).

""Penyelidikan kasus ini ditingkatkan menjadi sidik, setelah melakukan
pemeriksaan saksi,"" kata Wakil Kepala Polres Lombok Tengah, Komisaris Polisi
Ketut Tamiana, pada konferensi pers di halaman Polres Lombok Tengah.

Selain menetapkan korban menjadi tersangka dalam dugaan kasus pembunuhan dan
penganiayaan, dua begal berinisial WH dan HO, warga Desa Beleka yang berhasil
melarikan diri, juga ditetapkan menjadi tersangka dalam kasus tindak pidana
curat.

""Korban begal dikenakan pasal 338 KHUP menghilangkan nyawa seseorang melanggar
hukum maupun pasal 351 KHUP ayat (3 ) melakukan penganiayaan mengakibatkan
hilang nyawa seseorang,"" katanya.

[Gambas:Video 20detik]

 ",www.detik.com
"Kisah John Ausonius, Si Perampok Bank dan Pembunuh Sadis dari Swedia","Minggu, 16 Jan 2022 16:15 WIB","\-

John Ausonius bisa dikenal sebagai perampok bank sekaligus pembunuh keji dari
Swedia. Dia kerap merampok sejumlah bank dan membunuh orang atas dasar
sentimen kebencian.

Dikutip dari _Murderpedia_ , dari Agustus 1991 hingga Februari 1992 dia
menembak sebelas orang, semuanya adalah imigran, dan membunuh satu orang di
daerah Stockholm dan Uppsala. Dia pertama kali menggunakan senapan yang
dilengkapi dengan penglihatan laser.

John yang memiliki nama asli Wolfgang Zaugg, dibesarkan di Vällingby,
pinggiran kota kelas pekerja di Stockholm, Swedia. Sebagai anak imigran Jerman
dan Swiss, ia pernah mendapat intimidasi di masa mudanya karena rambut hitam
dan kulitnya yang gelap.

Ketika dewasa, ia mengecat rambutnya menjadi pirang dan secara resmi mengubah
namanya, yang pertama menjadi John Stannerman, dan kemudian menjadi John
Ausonius untuk menyamarkan nama belakangnya yang bukan orang Swedia.

Selanjutnya __

Halaman

1  2

 ",www.detik.com
"Cerita Keji KKB Papua Bunuh Sopir Truk, Korban Diculik-Diberondong Peluru","Sabtu, 14 Mei  2022 06:23 WIB","\-

Teroris kelompok kriminal bersenjata (KKB) kembali menunjukkan kekejiannya
setelah membunuh seorang sopir truk bernama Nober Palintin (31) di Kabupaten
Puncak, Papua. Korban terlebih dulu diculik kemudian diberondong peluru hingga
tewas.

Pembunuhan keji yang menimpa korban bermula saat ia bersama rekannya inisial
AT menambang pasir di wilayah Distrik Gome, Kabupaten Puncak, Papua pada Rabu
(11/5). Selanjutnya sejumlah anggota KKB menculik korban.

""Korban sebelumnya diculik. Korban tiba-tiba ditarik dari mobil truk dan saat
itu dibawa pergi,"" ungkap Wakasatgas Humas Operasi Damai Cartenz AKBP Arif
Irawan kepada , Jumat (13/5/2022).

  

Korban Nober dibawa cukup jauh yakni dari Distrik Gome menuju Distrik Ilaga.
Tepat di Kali Wilipur Kampung Kimak, Distrik Ilaga, korban langsung ditembak
mati.

Saat ditemukan pada Kamis (12/5), ada dua luka tembakan pada jenazah korban.
Kedua luka tembak itu ditemukan pada bagian punggung dan bahu korban.

""Itu 2 kali (luka tembak), di punggung sama di bahu,"" katanya.

Menurut Arif, anggota KKB sebenarnya melakukan tembakan lanjutan sebanyak 5
kali. Tembakan susulan itu disinyalir untuk menakut-nakuti para penambang
pasir.

""Itu ada tembakan susulan 5 kali. Mereka itu _pengen_ melarang orang memasuki
wilayah pengambilan pasir itu,"" katanya.

## Korban Sempat Diminta Pulang Oleh Keluarga

Korban kekejian KKB Nober Palintin ternyata seorang perantau asal Kabupaten
Toraja Utara (Torut), Sulawesi Selatan (Sulsel). Dia juga sempat diminta
pulang kampung oleh keluarganya lantaran belakangan ini warga Toraja kerap
jadi korban kebengisan KKB.

""Terakhir itu Minggu 8 Mei Nober menelepon. Saya suruh dia pulang karena
akhir-akhir ini banyak orang Toraja menjadi korban. Tapi dia bilang banyak
temannya di sana,"" kata Ayah Nober, Yulius Palintin saat wawancara terpisah.

Yulius lantas mengenang percakapan yang terakhir dengan anaknya benar-benar
tidak terduga olehnya. Dia tak menyangka sang anak benar-benar jadi korban KKB
seperti yang ia khawatirkan.

""Ada temannya yang informasikan kalau Nober diculik. Satu keluarga langsung
khawatir karena nomor HP-nya tidak bisa dihubungi,"" ungkapnya.

Satu hari berselang, Kamis (12/5), keluarga Nober di Desa Sa'dan Pabulian,
Kecamatan Sa'dan, Toraja Utara mendapatkan kabar jika Nober ditemukan tewas di
sungai akibat luka tembakan.

""Anakku kasihan, di sungai ditemukan, kenapa bisa terjadi begini menimpa
Nober,"" tangis Yulius.

Nober dikenal sebagai sosok yang sangat bertanggung jawab. Kepergian Nober
juga meninggalkan luka mendalam bagi istri dan dua putrinya yang masih berumur
7 dan 4 tahun di Toraja Utara.

""Kalau info dari sana (Papua) hari ini jenazah sudah diterbangkan dari Timika
ke Makassar. Kalau sampai di Makassar nanti malam, itu besok jenazahnya sudah
di rumah,"" beber Yulius.

  
  
  
[Gambas:Video 20detik]  

 ",www.detik.com
"Todong Warga, Bandit Berpistol di Bogor Coba Kabur Lalu Nyebur ke Danau","Rabu, 23 Feb 2022 11:11 WIB","\-

Aksi pencurian kendaraan bermotor (curanmor) di Desa Bojong, Klapanunggal,
Kabupaten Bogor, digagalkan warga. Pelaku sempat menodong warga dengan senjata
api dan mencoba kabur dengan menceburkan diri ke danau.

Kanit Reskrim Polsek Klapanunggal AKP AM Zalukhu membenarkan adanya peristiwa
itu. Peristiwa itu terjadi pada Selasa (22/2/2022), sekitar pukul 19.30 WIB.

""Jadi, ketika dia ketahuan, kemudian dia _nodong_ warga dan melarikan diri.
Melarikan diri salah jalan,"" kata AM Zalukhu saat dimintai konfirmasi, Rabu
(23/2).

Pelaku berjumlah dua orang itu meninggalkan motornya karena salah jalan.
Mereka kemudian berlari ke hutan bekas galian.

""Nah, dia salah jalan, karena nggak ada jalan, maka motornya ditinggal. Dia
lari ke arah hutan bekas galian itu,"" katanya.

Merasa terdesak, kedua pelaku kemudian menceburkan diri ke danau. Namun
akhirnya salah satu pelaku tertangkap.

""Karena _udah_ nggak ada jalan lagi, di situ ada danau kan, _nyeburlah_ dia.
_Nyebur_ ke danau kemudian kita cari dan ketemu,"" lanjutnya.

Pencarian terhadap pelaku selesai pada pukul 21.00 WIB. Pelaku sempat babak
belur dihajar warga, namun kemudian dapat diamankan oleh polisi.

""Iya benar (sempat dihajar), tapi bisa kita amankan,"" tuturnya.

Pelaku saat ini tengah mendapat perawatan medis di rumah sakit guna mengobati
luka akibat dihajar warga.

""Sekarang pelaku ada di Kramat Jati lagi dalam rangka pengobatan lah,"" terang
Zalukhu.

 ",www.detik.com
"Gegara Motor Parkir, Dua Pria Kepergok Curi Besi","Selasa, 03 Mei  2022 21:11 WIB","\-

Dua pria asal Kecamatan Ampoang Timur, Kabupaten Kupang, Nusa Tenggara Timur
(NTT), berinisial DY dan SL, ditangkap personel Unit Reskrim Polsek Blahbatuh,
Gianyar gara-gara kedapatan mencuri potongan besi, Senin (2/5/2022) malam.
Dugaan pencurian itu diketahui polisi yang tengah bertugas patroli di sekitar
kawasan Desa Keramas, Blahbatuh, sekitar pukul 23.00 WITA.

Aparat curiga dengan keberadaan motor jenis matic terparkir di depan PT Sinar
Bali bypass Ida Bagus Mantra, Keramas. Polisi kemudian mencari tahu siapa
pemilik motor tersebut.

Kebetulan, ada hal mencurigakan terjadi di dalam gudang. Tanpa berpikir
panjang, polisi langsung merangsek masuk ke gudang melalui jalan kecil.

  

Rupanya SL dan DY tengah beraksi mengambil beberapa besi dari dalam drum di
tengah gudang. Polisi kemudian menyergap pelaku. Sempat kabur, dua pria yang
sementara tinggal di Jalan Selukat, Desa Keramas, itu akhirnya berhasil
disergap. Mereka sempat meninggalkan sepeda motor yang diduga dipakai menuju
ke lokasi pencurian.

Kapolsek Blahbatuh Kompol I Ketut Suharto Giri, seizin Kapolres Gianyar, dalam
keterangan tertulis, Selasa (3/5/2022) malam, membenarkan penangkapan itu.
Saat dipergoki, dua pelaku sudah memasukkan satu persatu besi yang sudah
dipotong-potong. Kedua pelaku juga sudah menyiapkan lima karung plastik untuk
mempermudah mengangkutnya.

Dalam karung tersebut, terdapat 110 batang besi yang telah dipotong menjadi
60-70 cm. Tiga karung di antaranya dipakai untuk wadah sisa-sisa potongan besi
yang lainnya. Sejumlah barang bukti curian sudah diamankan. Polisi masih
mendalami maksud pelaku mencuri besi-besi itu.

Perbuatan mereka diduga mengakibatkan perusahaan rugi Rp 2,6 juta. Keduanya
bakal dijerat dengan pasal 363 ayat (2) KUHP dengan hukuman 7 tahun penjara
menanti.

  
  
  
[Gambas:Video 20detik]  

 ",www.detik.com
Pencuri Rumah Ustaz saat Jadi Khatib Lebaran di Madina Ditangkap,"Senin, 16 Mei  2022 14:30 WIB","\-

Polisi berhasil menangkap Feri Harahap (41), pelaku pencurian rumah tempat
Majelis Taqlim Alquran sekaligus kediaman milik Ustaz Endi Hasan Siregar di
Desa Iparbondar Kecamatan Panyabungan, Mandailing Natal, Sumatera Utara. Feri
menggasak rumah Ustaz Endi Hasan ketika kosong lantaran menjadi khatib
lebaran.

Akibat peristiwa itu, korban mengalami kerugian mencapai Rp 11 juta. Atas
perbuatannya Feri terancam pidana penjara lima tahun.

""Pelaku pencurian berhasil kami amankan dari tempat persembunyiannya adalah
Feri Harahap warga Kecamatan Padangsidimpuan Angkola Julu Kota Padang
Sidimpuan,"" kata Kapolsek Panyabungan AKP Andi Gustawi dalam keterangannya,
Senin (16/5/2022).

  

Andi menyebut pengungkapan pelaku pencurian yang sempat viral tersebut
dipimpin oleh Kanit Reskrim Iptu P Ritonga. Petugas menangkap pada Minggu
(15/5). Saat ini petugas tengah melakukan penyelidikan intensif. Petugas
sedang menyelidiki adanya keterlibatan orang lain dalam aksi tersebut.

Sementara Kapolres Madina AKBP Muhammad Reza Chairul Akbar Sidiq mengatakan
sangat miris peristiwa yang menimpa korban. Pelaku dengan teganya mencuri uang
bekal korban hendak mudik.

""Memang sangat miris musibah yang menimpa Ustad Endi tersebut, disaat beliau
menjadi khatib pada pelaksanaan salat Idul Fitri 1443 H, dengan teganya sang
maling tersebut mencongkel jendela samping, lalu masuk rumah dan menggasak
barang berharga juga uang berjumlah yang tadi untuk bekal mudik sampai ludes,""
sebut Reza.

""Alhamdulillah, berkat kerja keras personil Unit Reskrim Polsek Panyabungan
akhirnya pelaku pencurian berhasil ditangkap. Pelaku bakal dijerat dengan
Pasal 362 KUHP dengan ancaman hukuman lima tahun kurungan,"" sambung Reza.

  
  
  
[Gambas:Video 20detik]  

 ",www.detik.com
"Emak-emak hingga Pemotor, Ini Kasus Beruntun Hoax Begal di Boyolali","Kamis, 28 Apr 2022 11:16 WIB","\-

Jagat maya Boyolali belakangan ini dihebohkan dengan kasus begal sadis yang
dialami emak-emak hingga pemotor di jalur wisata Solo-Selo-Borobudur (SSB)
Dukuh Pule, Kecamatan Cepogo. Setelah membuat gempar dan diusut polisi kedua
kasus itu ternyata hoaks.

Dirangkum berikut deretan pengakuan dibegal yang ternyata hoax:

## Emak-emak ngaku dibegal di Cepogo

Peristiwa ini viral pada Selasa (26/4) malam. Dalam informasi yang beredar
disertai foto korban yang terbaring di fasilitas kesehatan.

Dari keterangan foto menyebutkan emak-emak itu merupakan korban begal di
wilayah Jambean, Desa/Kecamatan Cepogo, Kabupaten Boyolali. Polisi pun turun
tangan melakukan penyelidikan.

""Benar, ada warga yang mengaku telah menjadi korban curas (pencurian dengan
kekerasan). Tetapi setelah kita lakukan penyelidikan lebih lanjut ternyata
pernyataan warga tersebut tidak benar,"" kata Kapolsek Cepogo, AKP Agung
Setiawan, kepada , Rabu (27/4/2022).

Agung mengungkap wanita dalam foto itu diketahui berinisial M, warga
Sambungrejo, Desa Mliwis, Kecamatan Cepogo. M mengaku telah dibegal di Jalan
Cepogo-Ampel, Desa Cepogo pukul 17.54 WIB. Lokasi pembegalan disebut berada di
jalan arah puskesmas atau 100 meter dari Pasar Sayur Cepogo.

Kepada warga M mengaku dibegal hingga akhirnya segera dilarikan ke puskesmas.
Kemudian polisi mendatangi Puskesmas Cepogo meminta keterangan M.

Namun dari hasil penyelidikan ternyata M ternyata memberikan keterangan yang
tidak jelas. Warga terdekat dengan lokasi kejadian juga mengaku tak mendengar
apapun, baik tangisan maupun teriakan minta tolong M.

""Kondisi (M) sehat, tidak ada luka,"" terangnya.

Dari pendalaman polisi, akhirnya diketahui M mengarang cerita. Dia mengaku
dibegal karena sebelumnya kehilangan uang dan takut kepada suaminya.

""Warga tersebut mengaku telah mengarang cerita seolah-olah telah dibegal
karena yang bersangkutan sebelumnya kehilangan uang dan karena takut tidak
punya alasan kepada suaminya,"" kata Agung.

## Pemotor ngaku dibegal di SSB

Kasus kedua pengakuan dibegal yang ternyata hoax dikarang oleh Siswadi (37)
warga Panderejo, Desa Pasar, Cepogo, Boyolali. Ayah satu anak yang bekerja
sebagai buruh bordir ini mengaku dibegal di jalur wisata Solo-Selo-Borobudur
(SSB) wilayah Dukuh Pule, Jelok, Cepogo, Rabu (20/4) malam.

""Saya dipepet terus dipancal (ditendang), motor saya sampai jatuh,"" aku
Siswadi saat ditemui di rumahnya, Kamis (21/4) lalu.

Dia mengaku dibegal pada Rabu (20/4) pukul 18.30 WIB saat perjalanan pulang
dari tempat kerjanya di Dawar, Mojosongo, Boyolali. Dia menyebut kala itu dia
tengah membawa gaji dua minggu terakhir, dan di jalur SSB Dukuh Pule tetiba
motornya dipepet dua orang berboncengan motor.

Dia menyebut pemotor berboncengan itu bukannya menyalip, namun salah seorang
pelaku menendang motornya hingga jatuh. Uang gajinya sebesar Rp 1,8 juta pun
disebut raib digondol.

Belakangan setelah diusut polisi, kasus pembegalan itu ternyata hoax. Siswadi
akhirnya meminta maaf melalui video klarifikasinya yang diunggah dan tersebar
di sejumlah platform media sosial.

""Nama Siswadi, alamat Panderejo, Paras, Cepogo, Boyolali, pekerjaan petani,
agama Islam menyatakan bahwa kejadian pada Rabu, tanggal 20 April 2022 di
jalan Boyolali-Magelang tepatnya Dukuh Pule, Kecamatan Cepogo telah menjadi
korban begal dan kejadian itu tidak benar,"" kata Siswadi dalam video
klarifikasi berdurasi 48 detik itu.

Siswadi mengaku cerita menjadi korban begal merupakan rekayasanya. Namun, dia
tidak mengungkapkan alasan mengarang cerita yang akhirnya membuat geger itu.

""Itu cuma rekayasa saya dan selanjutnya saya ingin meminta maaf kepada
masyarakat atas kejadian ini dan tidak akan mengulangi lagi,"" kata Siswadi.

Sementara itu, Kapolsek Cepogo AKP Agung Setiawan menyebut aksi begal yang
menimpa Siswadi pada Rabu (20/4) lalu ternyata rekayasa. Motif Siswadi
berbohong ternyata karena tidak punya uang untuk melunasi utang.

""Tidak punya uang, sementara utang harus dilunasi,"" kata Agung, Kamis (28/4).

  
  
  
[Gambas:Video 20detik]  

 ",www.detik.com
Calon Pembeli Ingin Bawa Kabur Bikin Emak-Emak Nekat Naik ke Kap Mobil,"Sabtu, 04 Jun 2022 22:06 WIB","\-

Seorang emak-emak viral di media sosial. Bagaimana tidak? Emak-emak tersebut
nekat menggagalkan pencurian mobilnya dengan naik ke atas kap mobil.

Peristiwa itu disebut terjadi di daerah Ciracas, Jakarta Timur, pada Kamis
(2/6) sekitar pukul 23.00 WIB malam. Video viral itu awalnya memperlihatkan
kondisi jalan yang relatif masih ramai.

Kendaraan masih berlalu-lalang di sekitar jalan tersebut. Namun, tidak
berselang lama, tampak sebuah mobil silver melintas.

Namun, tampak seorang wanita berada di atas kap mobil yang tengah melintas
itu. Wanita itu terlibat berupaya menghentikan laju kendaraan.

Peristiwa itu dibenarkan oleh Kapolres Jakarta Timur Kombes Budi Sartono. Dia
menyebut kasus itu merupakan upaya pencurian dan pelaku sudah ditangkap.

""Sebelum 1x24 jam kita tangkap yang bersangkutan di Bekasi,"" kata Budi kepada
wartawan, Sabtu (4/6/2022).

Budi menjelaskan kasus itu berawal saat korban inisial LN berupaya menjual
mobil miliknya lewat jasa pemasaran di media sosial. Mengetahui ungahan itu,
pelaku pun menuju ke rumah korban untuk melakukan transaksi.

Pelaku beberapa kali berdalih hendak melakukan test drive mobil tersebut.
Total sudah sebanyak empat kali pelaku bahkan mendatangi rumah korban.

 _Simak selengkapnya terkait peristiwa itu di halaman berikutnya._

Selanjutnya __

Halaman

1  2

 ",www.detik.com
"Korban Begal Jadi Tersangka Pembunuhan, Eh Begalnya Jadi Saksi","Rabu, 13 Apr 2022 01:53 WIB","\-

Sudah jatuh tertimpa tangga pula. Begitulah nasib yang dialami M alias AS
(34), seorang pria di Lombok Tengah, Nusa Tenggara Barat (NTB). AS kini justru
harus meringkuk di dalam penjara gegara ia melakukan perlawanan terhadap 4
pria yang berusaha membegalnya.

AS ditetapkan sebagai tersangka pembunuhan setelah dua orang pelaku begal itu
diketahui tewas di tangannya. Ironisnya, dua pelaku begal lain yang melarikan
diri saat melihat dua kawannya tersungkur, justru menjadi saksi atas kasus
pembunuhan tersebut.

AS, warga Desa Ganti, Praya Timur, Lombok Tengah, itu sedang dalam perjalanan
menuju Lombok Timur saat empat orang begal menghadangnya di jalan. Keempat
pelaku masing masing berinisial P, OWP, W, dan H.

  

""Peristiwa itu berawal saat korban percobaan pencurian M alias AS, akan menuju
Lombok Timur. Ketika tiba di TKP, AS dihadang oleh empat orang pelaku yaitu P
dan OWP, bersama dua rekannya yaitu W dan H,"" ungkap Wakapolres Lombok Tengah
Kompol Ketut Tamiana.

Ketika keempat pelaku akan mengambil sepeda motor miliknya, AS berusaha
melakukan perlawanan dengan senjata tajam yang dibawanya. Pelaku begal, P dan
OW yang juga membawa senjata tajam, tewas di tangan AS.

""Sedangkan kedua pelaku yaitu W dan H melarikan diri ketika melihat dua
temannya tersungkur,"" jelas Tamiana.

W dan H akhirnya ditangkap polisi dan ditetapkan menjadi tersangka kasus
pencurian. Di sisi lain, W dan H juga menjadi saksi atas kasus pembunuhan yang
menjerat AS.

""Saat ini ketiga pelaku, baik pelaku pembunuhan maupun pelaku percobaan
pencurian masih kita lakukan pemeriksaan lebih lanjut,"" ujar dia.

Direktur Kriminal Umum Polda NTB, Kombes Hari Brata mengatakan, kepolisian
telah mendengarkan kesaksian dua pelaku begal atas nama W dan H.

  
""Karena korban ini membawa senjata tajam, makanya dia membela diri. Bukan
menggunakan senjata tajam milik pelaku begal. Tapi dia membawa senjata tajam
sendiri,"" Hari menambahkan.

""Kenapa kita bisa tahu dia membela diri menjadi korban begal, itu berdasarkan
pengakuan dari pelaku atau saksi rekan kedua korban meninggal. Jadi dua orang
ini peranannya mengikuti dan membuntuti tersangka yang akan dibegal dari arah
belakang,"" terang Hari.

AS sendiri diketahui sudah membuat laporan polisi terkait pembegalan telah
dialaminya.

""Proses dua-duanya tetap jalan. Masalah dia nanti dikategorikan membela diri,
itu nanti putusannya ada di pengadilan,"" kata Hari Brata.

Meski telah membuat laporan sebagai korban begal, Hari Brata mengaku pihaknya
tetap memproses kasus perbuatan yang menghilangkan nyawa orang lain.

""Proses dia menghilangkan nyawa orang lain itu tetap kita proses. Walaupun ada
upaya membela diri tadi, tapi yang menilai itu saya tegaskan adalah
pengadilan, hakim yang memutuskan,"" tegasnya.

Diberitakan sebelumnya, kasus ini bermula dari penemuan mayat dua pria
bersimbah darah di Lombok Tengah Senin (11/4/2022) dinihari. Belakangan
diketahui bahwa kedua pria adalah pelaku begal yang dibunuh oleh calon
korbannya.

  
  
  
[Gambas:Video 20detik]  

 ",www.detik.com
"Eks Kasatpol Bunuh Najamuddin Dihadirkan Saat Rekonstruksi, Ini Tampangnya","Kamis, 19 Mei  2022 11:40 WIB","\-

Kasatpol PP Makassar nonaktif Muhammad Iqbal Asnan dihadirkan dalam
rekonstruksi kasus pembunuhan pegawai Dishub Najamuddin Sewang. Iqbal digiring
ke rumah Rachmawati alias Rachma Dishub Makassar yang menjadi lokasi awal
rekonstruksi.

Pantauan detikSulsel pukul 12.00 Wita, Iqbal Asnan keluar dari mobil dinas
milik Tim Jatanras Polrestabes Makassar. Terlihat Iqbal mengenakan celana
warna biru dan kaus oblong hitam.

Iqbal hanya mengenakan masker sebagai penutup wajah. Hal itu terlihat kontras
dengan penampakan Iqbal yang mengenakan baju tahanan dan topeng penutup muka
saat konferensi pers kasus ini beberapa waktu lalu.

  

Saat keluar dari mobil, Iqbal dikawal oleh 1 orang anggota kepolisian
bersenjata laras panjang berpenutup wajah, masuk ke dalam rumah yang diduga
milik Rachmawati. Iqbal sempat berdiri di halaman teras rumah beberapa saat.

Selanjutnya Iqbal digiring masuk ke dalam rumah tersebut. Awak media tidak
bisa melihat lebih jauh ke dalam rumah disebabkan ukuran pintu yang kecil dan
gelap.

Kemudian tak berselang lama kemudian salah satu tersangka juga masuk ke dalam
halaman teras. Tersangka itu memakai kopiah hitam dan baju tahanan warna
oranye.

Hingga saat ini tersangka yang mengenakan baju tahanan itu masih berada di
halaman teras sembari menunggu perintah aparat yang menggelar rekonstruksi.
Sementara Rachma Dishub Makassar tak terlihat saat rekonstruksi.

## Rekonstruksi Dimulai di Rumah Rachma Dishub Makassar

Diberitakan sebelumnya, rekonstruksi kasus pembunuhan Najamuddin Sewang yang
diotaki Kasatpol PP Makassar nonaktif Iqbal Asnan dimulai dari rumah Rachma.
Rachma adalah sosok wanita di balik hubungan cinta segitiga korban dan
tersangka Iqbal.

Rumah Rachma yang menjadi lokasi rekonstruksi tepatnya berada di Perumahan
Grand Aroepala Blok H 19, wilayah Kelurahan Tamangapa Raya, Kecamatan
Manggala, Kota Makassar. Tampak pula Kasat Reskrim Polrestabes Makassar AKBP
Reonald Truly Sohomuntal Simanjuntak yang memimpin persiapan rekonstruksi.

Sejumlah tetangga Rachma juga hadir menyaksikan proses rekonstruksi kali ini.
Namun mereka diminta jaga jarak agar proses rekonstruksi tidak terganggu.

  
  
  
[Gambas:Video 20detik]  

 ",www.detik.com
Bejat! Kakak Ancam-Perkosa Adik Ipar di Cirebon,"Kamis, 14 Apr 2022 19:52 WIB","\-

Seorang pria di Kabupaten Cirebon, Jawa Barat berinisial R (31) diringkus
polisi. Ia diringkus lantaran diduga telah memperkosa anak di bawah umur yang
ternyata masih adik iparnya sendiri.

Kasat Reskrim Polresta Cirebon, Kompol Anton mengatakan jika aksi bejat yang
dilakukan R terhadap adik iparnya itu sudah berlangsung sejak tahun 2018
hingga 2020. Saat itu, korban masih berusia 10 tahun.

""Korban disetubuhi oleh tersangka yang terjadi pertama kali pada Oktober 2018
dan terakhir kali Maret 2020,"" kata Anton di Mapolresta Cirebon, Jalan R Dewi
Sartika, Sumber, Kabupaten Cirebon, Jawa Barat, Kamis (14/4/2022).

  

Kasus ini pun terungkap saat korban akhirnya berani mengadukan peristiwa yang
dialaminya kepada orang tuanya. ""Setelah korban melapor ke orang tuanya,
kemudian dilaporkan ke kita,"" kata Anton.

Menurut Anton, korban sedang tertidur saat pelaku datang menghampirinya.
Sebelum melakukan aksi pemerkosaan, tersangka sendiri sempat mengancam korban
dengan sebilah pisau.

Selain mengamankan tersangka, polisi juga turut menyita beberapa barang bukti.
Di antaranya sebilah pisau yang digunakan tersangka untuk mengancam korban,
satu buah bantal dan juga pakaian korban.

Atas perbuatannya, tersangka dijerat dengan Pasal 76 d Jo Pasal 81 ayat (2) Jo
ayat (1) dan atau Pasal 76 e Jo Pasal 82 ayat (1) UU RI No 17 tahun 2016
tentang penetapan peraturan pemerintah pengganti undang-undang No 01 tahun
2016 tentang perubahan kedua atas UU RI No 23 Tahun 2002 tentang perlindungan
anak menjadi undang-undang.

""Untuk tersangka ini ancaman hukumannya maksimal lima belas tahun penjara,""
demikian Anton.

 ",www.detik.com
Netizen Sindir Kasus Korban Begal Jadi Tersangka: Masak Begal Dilawan?,"Jumat, 15 Apr 2022 20:20 WIB","\-

Ada-ada saja ulah dari netizen. Terkait kasus korban begal yang menjadi
tersangka pembunuhan di Nusa Tenggara Barat (NTB), seorang netizen
memparodikannya sekaligus menyindir atas fenomena yang terjadi.

Dalam video berdurasi 1 menit tersebut, nampak seorang pria menganalogikan
dirinya menjadi salah satu teman dari korban yang tewas dibunuh.

Selanjutnya, ia menjelaskan kronologi aksi pembegalan yang dilakukannya hingga
mendapat perlawanan dari orang yang disasar untuk dibegal.

  

_""Oke di sini saya sebagai saksi sekaligus teman korban. Jadi kronologinya itu
kemarin malam tepatnya pukul berapa saya lupa. Tapi yang jelas kita berempat
itu kita sedang nge-begal pak. Nah kita itu ngebegal sesuai prosedur pak. Udah
kita pepet-pepetin sampai dia benar-benar kepepet. Tapi dia gak kooperatif
pak. Masak dia ngelawan pak??_

 _Padahal kita itu cuman mengacungi golok cuman ngacungi golok!, sama temen
saya satu lagi mengacungi celurit. Udah itu aja pak. Tapi respon dia apa pak?
Dia gak respect pak. Dia malah ngelawan, sampai bapak tahu kan? Teman saya
jadi korban pak, dibunuh pak,""_ terang netizen itu.

Seolah-olah menurut dia pembegalan itu tak perlu dilawan dengan kekerasan. Dan
si korbannya harus menuruti segala yang diinginkan pelaku begal.

 _""Kami itu Cuma ngebegal. Buat apa kalian ngelawan dan ngebunuh. Jadi
tolonglah pak. Saya ini sebagai begal jadi was-was gitu pak. Kalau lagi
ngebegal teman saya juga gak tau nih. Tapi kayaknya besok ngebegal lagi,""_
katanya menyindir.

Sebelumnya diberitakan detikBali, Kepolisian RI tengah menjadi sorotan publik
paska menetapkan seorang korban begal di Lombok Tengah, Nusa Tenggara Barat
(NTB) sebagai tersangka pembunuhan atas pelaku begal. Korban begal atas nama
Amaq Sinta (34) bahkan sempat ditahan di Mapolres Lombok Tengah karena menusuk
dua dari empat pelaku begal hingga tewas.

Paska aksi demonstrasi yang menuntut pembebasannya, Amaq Sinta akhirnya
mendapat penangguhan penanganan.

Namun ia tetap menyandang status tersangka dengan ancaman hukuman maksimal 15
tahun penjara. Pembebasannya dari penjara hanyalah sementara karena ada
jaminan dari keluarga dan Amaq Sinta sendiri bahwa ia akan kooperatif dan
tidak akan melarikam diri.

Penetapan Amaq Sinta sebagai tersangka pembunuhan dua begal, tak lepas dari
kesaksian dua begal lainnya yang mengaku telah membegal Amaq Sinta.

Atas pembegalan yang dilakukan, kedua begal itu bahkan sudah ditetapkan
sebagai tersangka dan ditahan.

Kasus Amaq Sinta ini membuat banyak orang bertanya tanya, apa seharusnya yang
dilakukan dilakukan masyarakat saat dibegal di jalan? Apakah kita harus diam
saja dan tidak melakukan pembelaan diri seperti yang dilakukan Amaq Sinta?

Wakapolres Lombok Tengah Kompol I Ketut Tamiana sempat ditanya wartawan
terkait hal ini saat jumpa pers di Mapolres Lombok Tengah Selasa (12/4/2022).

""Tips untuk masyarakat yang ketemu begal di jalan?"" tanya salah seorang
wartawan yang hadir dalam jumpa pers.  
Pertanyaan itu tidak langsung dijawab Tamiana.

""Karena di negara kita, melakukan perbuatan main hakim sendiri kan dilarang.
Karena, itu juga adalah satu tindakan pidana,"" kata Tamiana.

Saat didesak kembali untuk memberikan tips menghadapi begal agar tak jadi
tersangka, Tamiana menjawab : ""Jadi, paling tidak, kalau keluar malam, jangan
sendirian. Sama teman,"" ujar Tamiana.

""Membunuh di negara kita kan dilarang, siapapun itu. Siapapun itu. Walaupun
dia (korbannya adalah) pelaku (begal),"" ia menambahkan.

  
  
  
[Gambas:Video 20detik]  

 ",www.detik.com
Bejat! ABG 16 Tahun di Bengkulu Cekoki Pil Lalu Perkosa Bocah Perempuan,"Sabtu, 02 Apr 2022 03:04 WIB","\-

Seorang ABG di Bengkulu berinisial AS (16) memperkosa temannya sendiri, NR
(13). AS kemudian diamankan polisi.

""Terduga pelaku anak diduga telah melakukan tindak pidana menyetubuhi anak di
bawah umur dan melarikan perempuan yang belum dewasa tanpa izin orangtua,""
kata Kasat Reskrim Polres Bengkulu, Polda Bengkulu, AKP Welliwanto Malau,
Jumat (1/4/2022).

Pelaku diamankan di Kelurahan Padang Jati, Kecamatan Ratu Agung, Kota
Bengkulu. Peristiwa itu berawal ketika pelaku menjemput korban di rumahnya.

Pelaku membawa korban ke rumah temannya di Kecamatan Kampung Melayu, Kota
Bengkulu. Korban diajak menginap di rumah tersebut. Diduga pemerkosaan terjadi
di sana.

""Handphone (Hp) milik korban dijual pelaku anak dan uang hasil penjualan Hp
tersebut dibelikan pil samcodin,"" jelas Welli.

""Usai membeli pil samcodin, pil tersebut diberikan ke korban anak untuk
dikonsumsi,"" lanjut Welli

Lantaran tak kunjung pulang, korban dicari-cari oleh keluarganya. Pencarian
itu membuahkan hasil.

Korban ditemukan di salah satu kafe di Kelurahan Muara Dua, Kecamatan Kampung
Melayu, Kota Bengkulu. Kejadian itu selanjutnya dilaporkan ke Polda Bengkulu.

[Gambas:Video 20detik]

  
  

 ",www.detik.com
"Rumah Chef Aiko di Jakbar Kemalingan, Motor Trail Digondol Pelaku","Rabu, 17 Nov 2021 10:56 WIB","\-

Rumah chef Aiko di daerah Kembangan, Jakarta Barat, kemalingan. Satu unit
motor trail CRF Rally digondol pelaku.

Peristiwa itu terjadi pada Senin (15/11) sekitar pukul 04.35 WIB. Chef Aiko
mengunggah rekaman CCTV saat pelaku hendak melakukan pencurian di rumahnya
melalui akun media sosial pribadinya.

Dalam rekaman CCTV itu terlihat dua orang terduga pelaku. Keduanya menggunakan
jaket berwarna hitam dan menggunakan satu kendaraan motor.

Kedua pelaku sempat mengawasi keadaan sekitar yang memang tampak lengang.
Dalam rekaman CCTV itu terdengar pelaku hendak membuka gembok dari rumah Chef
Aiko.

Tidak berselang lama, pelaku berhasil membawa kabur motor dari rumah Chef
Aiko. Motor CFR Raly warna merah terlihat dikendarai oleh salah seorang
pelaku.

Dikonfirmasi terpisah, Kapolsek Kembangan Kompol Khoiri mengatakan pihaknya
telah mengetahui adanya peristiwa itu. Pihaknya kini akan melakukan pengecekan
terkait kejadian tersebut.

""Kami cek,"" singkat Khoiri saat dihubungi, Rabu (17/11/2021).

Kanit Reskrim Polsek Kembangan AKP Ferdo Alfianto menambahkan, saat ini
pihaknya pun akan melakukan penyelidikan. Pengecekan ke lokasi rumah Chef Aiko
akan dilakukan petugas.

""Kami akan lidik (penyelidikan) semuanya,"" ujar Ferdo.

 ",www.detik.com
"Modus Kesurupan, Pria Bulungan Perkosa Anak Tiri yang Masih Bocah-Melahirkan","Rabu, 20 Apr 2022 03:29 WIB","\-

Seorang pria inisial HP (41) di Kabupaten Bulungan, Kalimantan Utara (Kaltara)
ditangkap polisi karena memperkosa anak tirinya yang masih berusia 12 tahun
hingga melahirkan. HP melakukan aksi bejatnya dengan berpura-pura kesurupan
dan hanya bisa sembuh jika sudah memperkosa korban.

""Dari hasil penyidikan, pelaku melakukan bujuk rayu dengan pura-pura
kesurupan. Alasannya harus melakukan hubungan badan dengan korban untuk dapat
sembuh dari kesurupan,"" ungkap Kasat Reskrim polres Bulungan Iptu M Khomaini
saat dihubungi , Selasa (19/4/2022).

Khomaini menjelaskan pemerkosaan yang dilakukan HP dilakukannya sebanyak 4
kali sejak Juni 2021 hingga Agustus 2021. Atas perbuatannya RA yang masih di
bawah umur hamil dan harus melahirkan anak dari ayah tirinya.

  

""Informasi awal adanya laporan dari peksos (pekerja sosial) di rumah sakit
wilayah Bulungan yang curiga dengan korban yang masih di bawah umur
melahirkan,"" jelasnya.

""Setelah didalami, dibujuk rayu sama orang peksos ini, barulah didapat kalau
pelakunya adalah ayah tirinya. Kemudian dari peksos ini membuat laporan ke
Polres Bulungan pada 13 April,"" imbuhnya.

Polisi kemudian melakukan pengejaran selama 4 hari terhadap HP. Pasalnya
pelaku yang mengetahui dirinya diincar kepolisian melarikan diri.

""Setelah adanya laporan tersebut, kami langsung melakukan penyelidikan
terhadap pelaku. Empat hari kami lakukan penyelidikan mencari keberadaan
pelaku. Karena dia sudah was-was akan dicari kami,"" kata Khomaini.

HP baru ditangkap polisi pada 16 April lalu. Dia diamankan di wilayah Kota
Tanjung Selor setelah memancing keluar dengan membawa korban RA menemuinya.

""Pelaku yang bersembunyi di wilayah Tanjung Selor, kita tangkap setelah kami
jebak, karena pelaku ini berencana mau jemput (korban) yang nantinya mau
dibawa kabur,"" ungkapnya.

Kepada polisi, HP mengaku memperkosa anak tirinya saat sang istri tak berada
di rumah. Selain itu RA yang dalam kondisi hamil dipaksa HP untuk berbohong
meyakinkan istri dan para tetangga bahwa yang menghamilinya adalah orang lain.

""Anaknya ini diajarin juga sama pelaku kalau ditanya bilang tidak tahu siapa
yang melakukan sampai dia hamil. Si pelaku sering ngasih uang juga ke korban,
jadi ngikut saja,"" bebernya.

  
  
  
[Gambas:Video 20detik]  

 ",www.detik.com
"Diduga Mabuk, Pencuri Motor Ditangkap Usai Tabrak Mobil di Jaksel","Minggu, 14 Nov 2021 01:57 WIB","\-

Polisi mengamankan pelaku pencurian motor di Pasar Manggis, Setiabudi, Jakarta
Selatan. Pelaku ditangkap usai menabrak pengendara mobil.

""Piket sabhara telah mengamankan satu orang yang diduga pelaku Curanmor,"" ujar
dalam keterangannya Kapolsek Setiabudi Kompol Beddy Suwendi, Minggu
(14/11/2021).

Ia mengatakan kejadian berawal saat pelaku dengan inisial AR mengendarai motor
dalam keadaan mabuk dan melawan arah pada pukul 03.20 WIB (13/11). AR lantas
menabrak pengendara mobil dan lari meninggalkan motor yang dikendarai.

""Berawal pada saat pelaku mengendarai sepeda motor dalam keadaan mabuk dan
melawan arah, selanjutnya pelaku menabrak mobil Toyota Calya. Dengan kejadian
tersebut pelaku yang mabuk langsung lari dengan meninggalkan motornya di
jalan,"" tuturnya.

Kejadian ini terlihat oleh anggota piket yang tengah berpatroli di sekitar
lokasi. Usai dilakukan pengejaran dan penangkapan, pada pukul 04.30 WIB pelaku
diserahkan ke Reskrim Polsek metro Setiabudi untuk penyelidikan.

""Kejadian tersebut terlihat oleh piket sabhara yang sedang patroli Aiptu J.
Sitompul dengan Aipda Wahadi lalu anggota sabhara tersebut langsung mengejar
dan berhasil menangkap dan mangamankan pelaku,"" tuturnya.

Berdasarkan hasil pemeriksaan ditemukan sebuah kunci Letter T serta 1 unit
sepeda motor. Pemeriksaan sementara diketahui pelaku mencuri motor tersebut di
daerah Cikini, Jakarta Pusat.

[Gambas:Video 20detik]

 ",www.detik.com
Modus Maling Motor di Pasuruan yang 'Buntung' dan Sempat Viral,"Senin, 21 Feb 2022 19:09 WIB","\-

Dua maling motor di minimarket Dusun Mesagi, Desa Wonosari, Kecamatan Tutur,
Kabupaten Pasuruan, tertangkap. Kedua tersangka selalu memakai motor pinjaman
saat beraksi.

Kedua tersangka adalah Dian Eka Prasetyo (24) dan Andrian (21). Keduanya
adalah warga Desa Tempuran, Kecamatan Pasrepan, Kabupaten Pasuruan.

""Pakai motor pinjaman. Pinjam memang untuk mencuri,"" kata Andrian, salah satu
pelaku yang sudah ditetapkan tersangka saat rilis di Mapolres Pasuruan, Senin
(21/2/2022).

Motor yang dipinjam kedua tersangka yakni berjenis Honda Vario. Sedangkan
untuk mengelabui agar tak terdeteksi, keduanya mengganti dengan nopol palsu.

""Memang nomor plat itu palsu. Pinjam sudah palsu. Setiap beraksi pakai motor
pinjaman, pelat palsu. Biar gampang kabur,"" ujarnya.

Apes bagi kedua pelaku, saat beraksi di minimarket di Desa Wonosari, Kecamatan
Tutur, pada Senin (25/1) pukul 17.33 WIB, mereka terpergok oleh karyawan.

Saat itu, keduanya bahkan sempat dikeroyok oleh karyawan minimarket. Karena
hal itu, mereka kemudian kabur ke hutan dan meninggalkan motor yang mereka
pakai. Maka dari itu, mereka disebut maling 'buntung' karena selain gagal
mencuri motor korban, motor mereka juga tertinggal.

Kasat Reskrim Polres Pasuruan AKP Adhi Putranto Utomo mengatakan, kedua pelaku
dibekuk pada Minggu (18/2/2022). Mereka dibekuk setelah 23 hari bersembunyi.

Menurut Adhi, mereka mengakui melakukan pencurian kendaraan bermotor sebanyak
tujuh kali. Lima di Pasuruan, kemudian di Batu dan Singosari, Malang, masing-
masing sekali.

""Sasaran mereka adalah kendaraan matic. Mereka membagi peran, satu menjebol
kontak motor sasaran dan membawa kabur, satu lagi mengawasi di atas motor,""
pungkas Adhi.

  
  
  
[Gambas:Video 20detik]  

 ",www.detik.com
Pingsan Guru SD di Jatim Sebab Sandiwara Dirampok Rp 150 Juta Terungkap,"Rabu, 23 Feb 2022 10:46 WIB","\-

Seorang guru SD di Mojokoerto mengaku dirampok Rp 150 juta. Uang Rp 150 juta
itu merupakan uang pensiun yang dititipkan orang tuanya di deposito, namun
saat ditanyai uang tersebut guru SD itu mengaku dirampok.

Awalnya guru SD di Mojokerto mengaku menjadi korban perampokan. Uang deposito
Rp 150 juta yang baru saja diambilnya dari bank dibawa kabur empat pelaku.
Namun itu semua hanya sandiwara si guru. Nyatanya tidak pernah ada perampokan
yang terjadi. Semua hanyalah sandiwara untuk menutupi kebohongan sang guru.

Polisi menerima laporan perampokan dari Sri Wahyuliati Ningsih (42). Sri
mengaku dirampok di Desa Tanjangrono, Ngoro, Mojokerto. Uang Rp 150 juta
miliknya amblas.

Saat melintas di Jalan Raya Desa Tanjangrono, Kecamatan Ngoro, tepatnya di
Jembatan Tanjangrono, Sri mengaku dihadang 4 perampok. Para pelaku mengendarai
sepeda motor Honda Vario warna hitam dan Yamaha RX King warna hitam.

""Dia (Sri) mengaku usai mencairkan uang deposito miliknya di Bank Jatim Cabang
Pembantu Mojosari, Mojokerto, senilai Rp 150 juta. Saat dia (Sri) berhenti,
salah seorang pelaku merampas tas miliknya berisi uang Rp 150 juta.
Selanjutnya, para pelaku kabur ke arah Sidoarjo,"" kata Kasat Reskrim Polres
Mojokerto AKP Tiksnarto Andaru Rahutomo, dilansir dari detikJatim, Selasa
(22/2/2022).

Polisi lalu melakukan penyelidikan dan mendatangi lokasi kejadian. Namun,
dalam penyelidikan, polisi mendapati kejanggalan. Pihak Bank Jatim yang turut
dimintai konfirmasi mengenai kasus itu mengaku tak pernah mencairkan deposito
di hari perampokan itu terjadi.

""Kejanggalan pertama, hasil pengecekan kami di bank tidak ada penarikan
deposito yang dilakukan SWN (Sri) sebesar Rp 150 juta. Rekening SWN hanya
tersisa kurang lebih Rp 3 juta saja,"" kata Andaru.

Polisi kemudian kembali menggali keterangan dari Sri. Kali ini, guru salah
satu SDN di Kecamatan Ngoro, Mojokerto, itu mengubah ceritanya.

""Kejanggalan kedua, keterangan dia (Sri) berubah, dia mengaku kehilangan tas
berisi uang Rp 500 ribu lebih, kartu ATM dan SIM saat pulang dari sekolah
tempatnya mengajar,"" terangnya.

Selanjutnya, Andaru mengatakan Sri mendadak pingsan sehingga perempuan asal
Desa Jiken, Kecamatan Tulangan, Sidoarjo, itu dilarikan ke RS Dharma Husada,
Ngoro. Ternyata Sri hanya berpura-pura sakit untuk mengelabui polisi.

Dari situlah kebohongan Sri terbongkar. Ia mengaku membuat laporan palsu
karena uang deposito titipan orang tuanya telah ia habiskan.

Sri mendapat titipan uang Rp 150 juta dari orang tuanya sekitar 3 tahun lalu.
Uang tersebut merupakan pesangon ayahnya yang merupakan pensiunan satpam
sebuah BUMN di Sidoarjo.

Saat itu, Sri diminta orang tuanya untuk mendepositokan uang tersebut ke bank
sehingga bunga depositonya bisa dinikmati setiap bulan.

Namun, tanpa sepengetahuan orang tua dan suaminya, guru SD berstatus PNS ini
justru menghabiskan uang itu untuk kebutuhan pribadinya sehingga ia
kelimpungan saat orang tuanya menanyakan keberadaan uang Rp 150 juta tersebut
beberapa waktu lalu.

""Yang bersangkutan (Sri) mengarang cerita telah dirampok karena ditanya orang
tuanya masalah uang Rp 150 juta yang pernah diberikan kepada dirinya apakah
masih tersimpan. Dia malu dengan orang tuanya karena uang tersebut telah dia
habiskan untuk kepentingan pribadinya,"" terang Andaru.

Beruntung, Sri mendapatkan maaf dari kedua orang tuanya sehingga guru asal
Desa Jiken, Kecamatan Tulangan, Sidoarjo itu tidak diproses hukum.

""Kasus ini kami anggap sebagai sebuah pembelajaran berharga bagi yang
bersangkutan. Terlebih lagi uang itu milik orang tuanya sendiri dan orang
tuanya sudah memaafkan perbuatannya,"" terang Andaru.

Sri pun mengakui perbuatannya. Ia meminta maaf kepada Polsek Ngoro dan Polres
Mojokerto karena telah membuat laporan perampokan palsu. Perempuan berjilbab
ini juga meminta maaf kepada kedua orang tuanya.

""Saya telah melaporkan ke Polsek Ngoro kejadian perampasan uang Rp 150 juta.
Padahal kejadian itu tidak ada. Jadi, laporan saya di polsek itu palsu, tidak
benar,"" kata Sri.

Simak selengkapnya di sini.

  
  
  
[Gambas:Video 20detik]  

 ",www.detik.com
Oknum Satpol PP Surabaya yang Perkosa Pemandu Lagu Resmi Tersangka,"Kamis, 31 Mar 2022 20:43 WIB","\-

Seorang pemandu lagu di Surabaya mengaku diperkosa oknum Satpol PP berinisial
KTI. Kini, pelaku ditetapkan sebagai tersangka dan ditahan oleh polisi.

""Benar, (KT ditetapkan sebagai tersangka dan ditahan),"" kata Kasatreskrim
Polrestabes Surabaya, AKBP Mirzal Maulana Kamis (31/3/2022).

Penetapan ini setelah petugas mengamankannya tersangka pada Rabu (30/3/2022)
malam. Usai diamankan petugas kemudian melakukan serangkaian pemeriksaan.

Akibat perbuatannya, tersangka dijerat pasal 286 KUHP dan atau pasal 289 KUHP.
Adapun ancaman hukumannya yakni 9 tahun pidana penjara.

Sebelumnya seorang pemandu lagu di Surabaya mengaku diperkosa oknum Satpol PP.
Korban kemudian melaporkan oknum tersebut ke polisi

Laporan tersebut dilakukan ke Polrestabes Surabaya pada Minggu (27/3/2022).
Laporan tersebut bernomor LP/B/439/III/2022/SPKT/Polrestabes.SBY.

  
  
  
[Gambas:Video 20detik]  

 ",www.detik.com
5 Aksi Pelarian Pemerkosa Anak Berujung Ditangkap di Bekasi,"Rabu, 20 Apr 2022 04:32 WIB","\-

Pria inisial SBR alias S (47) sempat berkeliaran bebas setelah memperkosa anak
usia 14 tahun di Cibitung, Kabupaten Bekasi. S memperkosa anak tetangganya
sendiri hingga hamil dengan usia kandungan menginjak 6 bulan.

Kasus ini kemudian dilaporkan ke polisi pada Desember 2021. Namun, sejak
dilaporkan itu, S tidak kunjung ditangkap polisi.

Saat itu, polisi menyatakan belum bisa menangkap pelaku karena tidak memiliki
bukti yang kuat. Namun kini, polisi menangkap tersangka dan menahannya atas
kasus pemerkosaan itu.

""Kita juga kenapa lama melakukan penetapan tersangka, karena kondisi korban.
Maka kita dikuatkan dengan pembuktian saintifik, melakukan pemeriksaan
terhadap psikolog, melakukan pemeriksaan terhadap ahli,"" ujar Kapolres Metro
Bekasi Kombes Gidion dalam jumpa pers di kantornya, Selasa (19/4/2022).

Dengan adanya keterangan dari ahli tersebut, penyidik berkeyakinan status S
memenuhi unsur untuk ditingkatkan sebagai tersangka. Polisi juga telah
menangkap dan menahan S di kasus pemerkosaan tersebut.

""Sehingga kami meyakini bahwa keterangan yang dilakukan oleh korban sangat
konsisten. Kami meyakini yang bersangkutan sebagai pelaku setelah mendapatkan
beberapa keterangan saksi, meskipun belum melakukan uji DNA,"" sambungnya.

Kombes Gidion kemudian meminta maaf karena polisi baru menetapkan S sebagai
tersangka setelah 4 bulan kasus itu dilaporkan. Hal ini karena polisi ingin
penanganan penyidikan berjalan sesuai prosedur dengan mengantongi alat bukti
yang kuat.

""Tidak mengurangi rasa prihatin kepada keluarga korban dan mohon maaf kami
baru bisa melakukan penetapan tersangka setelah sekian lama setelah melakukan
penyidikan secara profesional dan tepat,"" ucap Gidion.

##  
Tersangka Ditangkap di Rumahnya

Kapolres Metro Bekasi Kombes Gidion Arif mengatakan pihaknya telah menangkap
tersangka pada Minggu (17/4). Tersangka ditangkap di rumahya.

""Betul (ditangkap), dua hari yang lalu,"" ujar Kapolres Metro Bekasi Kombes
Gidion Arif kepada , Selasa (19/4/2022).

##  
Tersangka Terancam 15 Tahun Penjara

Polisi telah menetapkan S sebagai tersangka dan ditahan. Tersangka terjerat
ancaman hukuman 15 tahun penjara atas perbuatan bejatnya itu.

""Tersangka bernama SBR yang kemudian terhadap tersangka dikenakan pasal
persetubuhan terhadap anak di bawah umur yaitu Pasal 81 Undang-Undang 35 Tahun
2014 dengan ancaman hukuman 15 tahun penjara,"" ujar Kapolres Metro Bekasi
Kombes Gidion Arif dalam konferensi pers pada Selasa (19/4/2022).

  
 _Baca di halaman selanjutnya: tersangka perkosa korban berkali-kali._

[Gambas:Video 20detik]

  
  

Selanjutnya __

Halaman

1  2

 ",www.detik.com
Pemuda di Tana Toraja Perkosa Gadis 15 Tahun hingga Hamil Ditangkap,"Rabu, 25 Mei  2022 16:48 WIB","\-

Pemuda berinisial AS (20) di Kabupaten Tana Toraja, Sulawesi Selatan (Sulsel)
diringkus polisi atas dugaan kasus pemerkosaan gadis berusia 15 tahun. Korban
kini hamil tiga bulan gara-gara diperkosa pelaku.

""Korban sudah hamil selama 3 bulan,"" kata Kasat Reskrim Polres Tana Toraja AKP
S Ahmad kepada , Rabu (25/5/2022).

AS ditangkap polisi di rumahnya di Kecamatan Makale pukul 02.00 Wita, dini
hari tadi, Rabu (25/5/2022). AS kini ditahan di Mapolres Tana Toraja.

  

Ahmad mengungkapkan AS dan korban merupakan mantan pacar. Awalnya pelaku
membujuk korban untuk melakukan tindakan persetubuhan, namun korban menolak
sehingga diperkosa pelaku.

Lebih lanjut Ahmad mengatakan korban diperkosa sampai dua kali. Akibatnya,
korban tak lagi ingin bersekolah karena korban sekarang sudah hamil.

""Pelaku melakukan perbuatan yang tidak terpuji itu sebanyak dua kali kepada
korban di bawah umur. Korban mengalami trauma sampai tak ingin bersekolah
lagi,"" ungkapnya.

Akibatnya pelaku kini ditetapkan menjadi tersangka hingga dijerat Pasal 81 UU
Perlindungan Anak. Tersangka terancam paling lama 15 tahun penjara.

""Pelaku diancam pidana minimal 5 tahun dan paling lama 15 tahun kurungan
penjara,"" jelas Ahmad.

  
  
  
[Gambas:Video 20detik]  

 ",www.detik.com
"Ditinggal Jenguk Mertua, Rumah Warga di Gerokgak Dibobol Maling","Senin, 09 Mei  2022 19:39 WIB","\-

Aksi pencurian dengan pemberatan (curat) terjadi di Banjar Dinas Tegal
Lantang, Desa Pengulon, Kecamatan Gerokgak, Kabupaten Buleleng, Bali.

Akibat kejadian ini, Ropik Rahman (37) uang tunai milik korban yang disimpan
di lemari raib.

Kasi Humas Polres Buleleng AKP Gede Sumarjaya mengatakan peristiwa dugaan
pencurian tersebut bermula ketika korban bersama keluarganya pergi ke Desa
Kedis, Kecamatan Busungbiu, Buleleng untuk menjenguk mertuanya.

  

Singkat cerita, setelah beberapa saat, sekitar pukul 18.00 WITA, korban
bersama keluarganya pulang kembali ke rumahnya.

Namun sesampainya di rumah sekitar pukul 19.30 WITA, tetangga korban bernama
Bardan Riyanto tiba-tiba datang dan memberitahu korban bahwa dirinyasempat
melihat seseorang tidak dikenal keluar dari rumah membawa sebuah tentengan.

""Saat itu tetangganya mendatangi korban dan bertanya apakah korban ada
kehilangan, sebab tetangganya itu sempat melihat ada orang yang lari dari arah
rumah korban membawa tentengan"" ujar AKP Sumarjaya saat dikonfirmasi oleh
detikBali, Senin (9/5/2022).

Mendapat informasi dari tetangganya, korban langsung bergegas masuk ke dalam
rumah dan mengecek ruangan.

Namun belum sampai masuk ke dalam rumah, korban sudah mendapati pintu rumah
korban dalam keadaan terbuka.

Lantas korban mengecek ke dalam kamar dan melihat pintu lemarinya juga
terbuka.

Usai dilakukan pengecekan, ternyata uang tunai sebesar Rp 3, 5 juta beserta
kwitansi pembelian emas yang disimpan di lemari sudah hilang.

""Yang diambil itu ada uang tunai senilai Rp 3, 5 juta sama kwitansi pembelian
emas yang jumlahnya 7 lembar"" imbuhnya.

Saat ini polisi masih melakukan penyidikan terhadap kasus tersebut. Apalagi
saksi juga sempat melihat seseorang yang yang disinyalir terduga pelaku dengan
ciri-ciri mengenakan baju biru dan celana pendek berlari dari arah rumah
korban menuju arah timur tepatnya ke semak-semak yang ada di sekitar rumah
korban.

""Kami masih lakukan penyelidikan, ciri-ciri terduga sudah kami dapat. Semoga
dalam waktu dekat pelaku cepat ditangkap.

Sementara itu diduga modus pelaku masuk ke dalam rumah korban dengan cara
merusak atau mencongkel pintu depan rumah serta lemari yang ada di kamar
korban"" tukas Sumarjaya.

  
  
  
[Gambas:Video 20detik]  

 ",www.detik.com
Koboi Jalanan! Begal Bawa Airsoft Gun Tembaki Pemotor di Demak,"Selasa, 25 Jan 2022 13:57 WIB","\-

Polisi menangkap dua pria berinisial N (24) dan ZA (34) yang merupakan pelaku
pembegalan di Kecamatan Mijen, Demak, pada pekan lalu. Pelaku menggunakan
senjata jenis airsoft gun dalam melakukan aksinya.

""Pelaku menembakkan airsoft gun tersebut sebanyak kurang lebih 4 kali. Ada
beberapa kali tembakan, yang pertama tembakan mengenai korban, di pipi sebelah
kanan. Empat kali tembakan itu selama pengejaran,"" kata Kapolres Demak AKBP
Budi Adhy Buono di Mapolres Demak, Selasa (25/1/2022).

Kasus pembegalan tersebut terjadi pada Rabu (19/1) sekitar pukul 02.30 WIB.
Korban yang berhasil lolos kemudian memposting foto tubuhnya yang berdarah
akibat tembakan ke medsos.

""Polsek Mijen di-backup oleh Resmob Polres Demak melakukan penyelidikan kepada
para pelaku tersebut. Selanjutnya pada hari Kamis, kita menangkap para pelaku.
Ya, ada dua orang yang sudah kita amankan. Tertangkap di Pasar Bintoro,"" ujar
Budi.

  
Polisi berhasil mengamankan sejumlah barang bukti yakni, boks tempat menyimpan
dagangan dengan lubang bekas tembakan airsoft gun, satu buah proyektil peluru
senjata pistol airsoft gun, satu senjata pistol airsoft gun warna hitam, satu
unit sepeda motor, dan hasil visum.

Budi menerangkan bahwa korban merupakan penjual angkringan. Korban seusai
berjualan perjalanan pulang melaju di jalan raya Mijen-Wedung. Lalu korban
berpapasan dengan empat orang pria dengan dua sepeda motor. Kemudian empat
pelaku tersebut mendekati korban dan menyuruhnya berhenti namun korban
mengabaikan.

""Namun korban tetap mengendarai kendaraannya dan menambah laju kecepatannya.
Rentetan atau kejadian tersebut daripada salah satu tersangka ini menembakkan
senjata berupa airsoft gun kepada korban dengan mengenai pipi kanan. Pipi
kanan di depan telinga sebelah kanan sehingga korban mengalami luka pipi
sebelah kanan. Setelah itu korban tetap melaju walaupun korban tetap dikejar
oleh pelaku tersebut,"" terang Budi.

Barulah setelah tiba di Desa Pasir, Kecamatan Mijen, para pelaku menghentikan
pengejarannya terhadap korban.

Budi menerangkan bahwa pelaku telah melakukan kejahatan yang sama sebelumnya
pada Senin (10/1) dan berhasil menggondol satu sepeda motor. Selanjutnya hasil
pembegalan pertama tersebut digunakan untuk membeli airsoft gun.

""Dua kali (melakukan pembegalan). Sebelumnya dia melakukan curas (pembegalan)
juga di wilayah Wedung. Dengan hasilnya satu kendaraan yang dijual ke
Semarang,"" papar Budi usai menanyai pelaku.

Budi menambahkan, pelaku melakukan aksinya pada saat malam hari dan di kondisi
jalan yang sepi. Yakni pada saat masyarakat sedang melakukan istirahat.

Sementara itu, pelaku penembakan, ZA, mengaku ia membeli senjata tersebut
hanya untuk berjaga-jaga. Ia baru pertama kali menggunakan senjata tersebut
untuk melakukan pembegalan.

""Enggak (untuk pembegalan), beli senjata ini cuma untuk jaga jaga. Ya cuma
jalan-jalan aja (sebelum menentukan target). Kalau ada langsung,"" ujar ZA yang
mengaku sehari-harinya bekerja sebagai juru parkir itu.

Atas perbuatannya pelaku dikenakan Pasal 365 KUHP Jo Pasal 53 KUHP Subsider
Pasal 351 KUHP. Ancaman hukuman penjara paling lama 9 tahun.

  
  
  
[Gambas:Video 20detik]  

 ",www.detik.com
Aksi Brutal Koki Hajar Wanita Teman Kencan Pakai Ulekan,"Sabtu, 14 Mei  2022 08:34 WIB","\-

Aksi percobaan perampokan bersenjata ulekan batu atau _muntu_ terjadi di Kota
Semarang, Jawa Tengah. Pelaku yang bekerja sebagai juru masak warung makan
ayam goreng di Semarang itu kini diamankan polisi.

Pelaku pria bernama Boy Anantyasari (21) warga Grobogan melakukan aksinya pada
pada Rabu (11/5) lalu. Korban adalah wanita teman kencannya inisial SP (39).

Kepada polisi, Boy mengaku sudah merencanakan aksi perampokan dengan
menyiapkan ulekan sebagai senjatanya.

""Itu _muntu_ biasanya memang buat kerja, buat ngulek sambal. Sengaja saya
bawa, memang berencana rampok. Butuh uang buat angsur motor sama kirim uang ke
orang tua,"" kata Boy saat dihadirkan dalam jumpa pers di Mapolrestabes
Semarang, Jumat (13/5/2022).

Dia kemudian mencari teman kencan di dekat Stasiun Poncol sekitar pukul 02.00
WIB hingga akhirnya bertemu dengan korbannya SP (39).

""Tarifnya Rp 300 ribu, hotelnya Rp 200 ribu. Kami sepakat,"" ujarnya.

Saat berada di dalam kamar hotel itulah, Boy menganiaya korban dengan ulekan
yang sudah dia bawa dan sembunyikan dalam jaketnya.

""Saya itu maksudnya mau bikin dia pingsan. Saya pikir kalau pingsan saya ambil
uangnya. Saya pukul,"" ujarnya.

Tak seperti yang direncanakan Boy, korban berhasil kabur dengan bersimbah
darah. Pelaku pun berhasil diamankan. Kepada polisi, Boy mengaku terinspirasi
film-film tentang psikopat yang dia tonton.

""Saya itu sering nonton film psikopat. Tapi saya bawa muntu itu karena saya
mikir tumpul, kalau palu korban bisa langsung mati,"" ujarnya.

![Tampang Boy Anantyasari, perampok yang hajar wanita teman kencan di Semarang
pakai ulekan, Jumat
\(13/5/2022\).](https://akcdn.detik.net.id/community/media/visual/2022/05/13/tampang-
perampok-yang-hajar-wanita-teman-kencan-di-semarang-pakai-ulekan-
jumat-1352022_43.jpeg?w=480)Tampang Boy Anantyasari, pelaku yang hajar wanita
teman kencan di Semarang pakai ulekan, Jumat (13/5/2022). Foto: Angling
Adhitya Purbaya/detikJateng  
  
---  
  
Diwawancara terpisah, korban SP mengatakan aksi yang dilakukan Boy sangat
brutal. Saat ia dipukul sekali, ia kemudian dipegangi agar tidak kabur dan
terus dipukuli.

""Saya berusaha melepaskan diri, untung pintu tidak saya kunci. Setelah lolos
saya kabur ke resepsionis masih telanjang dan kepala berdarah-darah,"" kata SP.

Ia tidak terlalu ingat siapa yang membawanya ke rumah sakit. Akibat perbuatan
pelaku dia mendapat 25 jahitan dan rambut sebahunya terpaksa dicukur habis.

""Ini ada 25 jahitan. Yang antar ke rumah sakit itu orang hotel atau polisi,
gitu,"" ujarnya.

Sementara itu, Kapolrestabes Semarang Kombes Irwan Anwar mengatakan pelaku
menyerahkan diri usai melakukan aksinya.

""Pelaku menyerahkan diri ke pos sekuriti sekitar dan diamankan oleh saksi,""
kata Irwan, Kamis (12/5) malam.

Pelaku kemudian diamankan oleh anggota Reskrim Polrestabes Semarang dan Polsek
Semarang Tengah. Sementara korban mendapatkan perawatan medis.

Irwan menyebut pelaku bakal dijerat dengan pasal pasal 365 KUHP juncto pasal
53 KUHP atau pasal 351 KUHP.

""Tidak pidana percobaan pencurian dengan kekerasan atau penganiayaan,""
jelasnya.

  
  
  
[Gambas:Video 20detik]  

 ",www.detik.com
"Kakek di Makassar Dirampok di Depan Bank, Polisi Buru 2 Pelaku","Senin, 27 Des 2021 22:53 WIB","\-

Kakek berusia 73 tahun dirampok dua pria di halaman parkir salah satu bank
swasta di Jalan Gunung Bawakaraeng, Kota Makassar, Sulsel. Polisi memburu
kedua pelaku perampokan itu.

""Awalnya dari informasi kami dapat di TKP dan kami dapat bahwa korban keluar
dengan membawa sejumlah dalam bentuk uang sehingga ditodong dua pelaku yang
pertama satu orang menarik uang korban,"" ujar Kapolsek Makassar, Kompol
Yusrizal, pada Senin (27/12/2021).

Peristiwa perampokan ini diketahui terjadi pada Senin (27/12) siang tadi. Saat
peristiwa itu, korban sempat melakukan perlawanan dibantu pihak keamanan bank
yang sempat terlibat gulat dengan salah satu pelaku.

""Ternyata korban melawan, dibantu _security_ bank,"" kata Yusrizal.

Akibat perlawanan itu, pelaku sempat panik hingga langsung mengeluarkan
senjata tajam jenis badik untuk mengancam korban dan pihak keamanan bank.
Melihat hal itu korban dan pihak keamanan pun menghindar, hingga pelaku
berhasil kabur membawa sisa uang yang diambilnya sebesar Rp 5 juta dengan
menaiki motor yang dikendarai rekannya.

""Dari informasi yang kami dapat dari uang diambil kurang lebih lima juta. Itu
hasil yang terjatuh karena sempat terjadi perlawanan dari korban,"" ungkap
Yusrizal.

Namun, akibat kejadian itu, pihak keamanan bank sempat tertusuk badik dari
pelaku. Dia mengalami luka tusuk di bagian leher belakang.

""Untuk korban luka ada satu security yang membantu korban luka di sebelah
kanan leher ditusuk badik,"" jelas Yusrizal.

Sementara itu, aksi kejahatan kedua pelaku itu terekam CCTV. Polisi diketahui
telah mengambil rekaman tersebut dan melakukan penyelidikan untuk mengejar
pelaku.

""Untuk tindakan yang sudah kami ambil mendatangi TKP dan mengumpulkan bukti di
lapangan dan saksi di lapangan. Terduga pelaku sudah kami dapat ciri-cirinya
dengan mengambil rekaman CCTV di TKP,"" kata Yusrizal.

 ",www.detik.com
"Mayat Pria Bertato Ditemukan di Sawah Bekasi, Diduga Korban Pembunuhan","Rabu, 18 Mei  2022 10:05 WIB","\-

Sesosok mayat pria ditemukan di area persawahan di Cibitung, Kabupaten Bekasi,
Jawa Barat. Mayat pria bertato ini diduga korban pembunuhan.

Kapolres Metro Bekasi Kombes Gidion Arif mengatakan mayat pria tersebut
ditemukan warga pada Selasa (17/5) sekitar pukul 16.00 WIB. Identitas korban
diketahui berinisial I alias K.

""Ya, awal penemuannya, ada tukang arit lagi cari rumput, terus temukan itu
(mayat),"" ucap Gidion ketika dihubungi pada Rabu (18/5/2022).

Saksi saat itu menemukan kotak _styrofoam_ yang tergeletak. Saat akan diambil,
saksi menemukan sesosok mayat dengan luka di bagian leher.

""Saksi ingin mengambil _styrofoam_ atau gabus sebagai tempat ikan. Ketika
saksi akan mengambil dan mengangkat _styrofoam_ atau gabus, didapati mayat
diduga korban pembunuhan,"" tuturnya.

Saksi lalu segera memberitahukan penemuan mayat bertato itu kepada ketua RT
dan Bimaspol. Gidion mengatakan pihaknya sedang melakukan penyelidikan dalam
kasus tersebut.

""Masih dalam penyelidikan, yakin akan terungkap sebelum 2x24 jam. Tim yang
turun gabungan Polda Metro dan Polres,"" ucapnya.

 ",www.detik.com
Cerita Saksi Mata Penemuan Mayat Gadis ABG Korban Pembunuhan di Kebumen,"Kamis, 19 Mei  2022 20:04 WIB","\-

Mayat gadis ABG korban pembunuhan di Desa Kaliputih, Kecamatan Alian,
Kabupaten Kebumen, pertama kali ditemukan oleh warga yang sedang merumput.
Saat melihat jasad korban, saksi mata mengaku ketakutan hingga lari terbirit-
birit.

Jasad korban berusia 14 tahun itu ditemukan di sebuah ladang di Dusun Watu
Gede, Desa Kaliputih. Hingga saat ini, garis polisi pun masih nampak terpasang
di Tempat Kejadian Perkara (TKP).

Saksi mata yang pertama kali melihat sosok korban, Sariman (46) warga Dusun
Krajan, Desa Sendangdalem, Kecamatan Padureso, Kabupaten Kebumen mengaku kaget
saat melihat jasad gadis ABG itu. Karena ketakutan, ia pun lari memanggil
warga lain di sekitar lokasi.

""Jam 10 pagi saya masih merumput buat pakan kambing. Saya di sebelah atas
terus lihat ada kaki posisi terlentang, kaget saya takut lari terus bilang ke
Amrin (20) pas lewat situ,"" kata Sariman saat ditemui di rumahnya, Kamis
(19/5/2022).

Setelah bercerita ke Amrin, kemudian mereka kembali melihat korban dari jauh
dan memastikan bahwa itu adalah sosok manusia. Mereka pun bergegas ke pasar
desa yang tak jauh dari lokasi dan menceritakan tentang penemuan jasad korban
kepada warga di pasar. Warga kemudian beramai-ramai mendatangi lokasi.

Mengetahui hal tersebut, warga akhirnya melapor ke perangkat desa dan
diteruskan ke polisi. Tak berselang lama, polisi pun datang dan melakukan olah
TKP serta mengevakuasi korban.

""Kami nggak berani mendekat, nggak tahu itu pakai baju apa celana apa kami
nggak tahu, terus kami bilang ke warga lain di pasar terus ada yang lapor
polisi,"" imbuhnya.

Diberitakan sebelumnya, gadis ABG tersebut merupakan korban pembunuhan. Fakta
itu berdasarkan hasil penyelidikan polisi. Pelaku juga sudah diamankan di
Mapolres Kebumen.

""Korban pembunuhan,"" kata Direktur Reserse Kriminal Umum Polda Jateng Kombes
Djuhandhani Rahardjo Puro kepada wartawan di Mapolda Jateng, Kamis (19/5).

  
  
  
[Gambas:Video 20detik]  

 ",www.detik.com
"Pedagang Roti Dibegal 6 Remaja di Bekasi, Jari Kena Sabetan Sajam","Kamis, 20 Jan 2022 17:11 WIB","\-

Aksi percobaan pembegalan terjadi di daerah Mustikajaya, Bantargebang, Bekasi,
Jawa Barat. Korban diketahui merupakan pedagang roti.

Peristiwa itu terjadi pada Rabu (19/1/2022) sekitar pukul 04.30 WIB. Saat itu
korban hendak mengantar barang dagangannya.

""Dia mau antar roti terus dipepet. Nah itu dipepet mau merebut-rebut gitu
terus sempat berantem,"" kata Kapolsek Bantargebang Kompol Samsono saat
dihubungi, Kamis (20/1/2022).

Korban sempat melakukan perlawanan kepada komplotan begal. Dari keterangan
korban dan saksi, pelaku berjumlah enam orang.

""Pelaku sekitar enam orang, anak-anak muda, masih remaja menurut pengakuan
korban,"" katanya.

Samsono menambahkan aksi perlawanan dari korban itu menyebabkan jari
telunjuknya terkena sabetan sajam dari salah seorang pelaku.

""Jari telunjuknya memang kena sabetan celurit cuman sudah dioperasi, nggak
apa-apa,"" ujar Samsono.

Meski begitu, upaya perlawanan dari korban membuahkan hasil. Tindakan begal
dari para pelaku berujung sia-sia.

Motor dan barang dari korban tidak berhasil diambil oleh pelaku. Polisi kini
tengah melakukan penyelidikan terkait kasus tersebut.

""CCTV sudah kita cek. Masih dalam penyelidikan,"" pungkas Samsono.

 ",www.detik.com
Gadis di Surabaya yang Terlibat Pembegalan HP Kini Beberkan Alasannya,"Senin, 12 Okt 2020 22:33 WIB","\-

Polisi mengamankan seorang gadis yang terlibat dalam pembegalan ponsel di
Surabaya. Potret ia dalam tahanan sempat viral awal September lalu.

Tersangka berinisial NH alias Liza (sebelumnya ditulis inisial LC), warga
Kedinding Tengah, Kenjeran. Gadis 19 tahun ini ikut dalam perencanaan aksi
pembegalan handphone (HP) dengan korban berinisial DB (20) warga Karang
Menjangan, yang saat itu kos di kawasan Wiyung.

Rabu (2/9) lalu sekitar pukul 01.00 WIB, tersangka yang berboncengan dengan
korban mencari tempat sepi di Jalan Mayjend Yono Suwono atau sekitar Waduk
Unesa. Di lokasi yang sudah dipilih tersangka, korban kemudian didekati dua
orang laki-laki. Korban kemudian ditodong dengan senjata tajam oleh dua pria
itu. Mereka meminta paksa HP korban.

Korban yang ketakutan kemudian teriak minta tolong. Beberapa warga yang
mendengar kemudian mendekat. Tersangka yang ketakutan akhirnya lari dan
melempar HP tersebut. Tidak lama kemudian, korban pun lapor ke Polsek
Lakarsantri.

Setelah itu, polisi mencoba menginterogasi tersangka NH. Ternyata yang
melakukan pembegalan merupakan pacar tersangka yang beraksi bersama temannya.
Pembegalan itu sudah direncanakan. Kemudian petugas menahan tersangka lalu
memburu dua laki-laki itu.

""Tersangka (NH) ini sudah merencanakan dengan pacarnya sudah menunggu di
kawasan Waduk Unesa. Korban diajak muter-muter kemudian dihampiri oleh pacar
tersangka dan diminta handphone-nya, dengan diancam menggunakan senjata
tajam,"" kata Kapolsek Lakarsantri AKP Hendrix K Wardhana, saat rilis di
mapolsek, Senin (12/9/2020).

Selanjutnya __

Halaman

1  2

 ",www.detik.com
Keji! Pria di Jakbar Perkosa Karyawati hingga Hamil dan Jual Bayi Korban,"Jumat, 03 Jun 2022 20:55 WIB","\-

Polsek Cengkareng menangkap seorang pria berinisial S (52) karena memperkosa
karyawan sendiri. Tersangka bahkan pernah menjual bayi yang dilahirkan korban.

""Tersangka kita tangkap lantaran melakukan tindak pemerkosaan dan
mengintimidasi korban selama tiga tahun,"" kata Kapolsek Cengkareng Kompol
Ardhie Demastyo, Jumat (3/6/2022).

Kasus bermula saat korban yang masih berusia 16 tahun diterima bekerja menjaga
toko kelontong milik tersangka. Setelah itu, tersangka sering memperkosa
korban.

""Korban diintimidasi oleh tersangka agar tidak melapor,"" kata Ardhie.

Aksinya berlangsung selama tiga tahun hingga akhirnya korban hamil dan
melahirkan pada Maret 2022. Bukan bertanggung jawab, tersangka S malah menjual
bayi korban.

Bayi tersebut malah dijual oleh korban dengan harga Rp 10 juta.

""Korban diberi uang biaya bersalin Rp 5.500.000 dan sisanya dipakai
tersangka,"" kata dia.

###

### Korban Lapor Polisi

Korban yang tidak tahan dengan perlakuan tersebut memberanikan diri melapor ke
pamannya yang berinisial D (36). Di akhirnya melaporkan aksi bejat tersebut ke
Polsek Cengkareng pada Selasa (17/5).

Selang beberapa hari kemudian, polisi menangkap tersangka di kediamannya di
kawasan Cengkareng, Jakarta Barat (Jakbar).

""Tersangka kita tangkap tanpa perlawanan dan kita kenakan Pasal 81 ayat 5 UU
Nomor 17 Tahun 2016 tentang Penetapan Pengganti UU Nomor 1 Tahun 2016 tentang
Perubahan Kedua atas UU Nomor 23 Tahun 2022 tentang Perlindungan Anak dengan
ancaman hukumannya 15 tahun kurungan penjara,"" kata dia.

[Gambas:Video 20detik]

 ",www.detik.com
Sadis! Kurir Dibacok Begal hingga Pipi Robek di Kemayoran Jakpus,"Jumat, 27 Mei  2022 20:12 WIB","\-

Seorang kurir bernama Chandra Hermawan (20) menjadi korban begal di Jalan
Angkasa, Gunung Sahari Selatan, Kemayoran, Jakarta Pusat. Korban mengalami
luka bacok di bagian pipi hingga robek.

""Mereka turun dulu (dari motor), _ngebantai_ saya. (Bacok) pipi pakai
celurit,"" katanya kepada wartawan, Jumat (27/5/2022).

""Kalau dipukul (nggak), langsung dibacok, _udah kebacok,_ saya _kejedot,
mutar_ balik, saya _kejedot_ pohon. Kena bibir juga. Saya nggak merasa darah
itu banyak. _Kirain_ dari gigi. Pas saya _ngaca,_ tiba-tiba bolong, saya
_ngerasanya_ keluar dari gigi doang,"" lanjutnya.

###  
Kronologi Kejadian

Peristiwa itu terjadi pukul 03.30 WIB. Kejadian berawal ketika korban hendak
pulang ke rumah setelah bermain bersama teman-temannya.

""Awalnya saya baru balik _nongkrong_ arah pulang, tapi motor mati. Nah Jalan
Rajawali Industri, dekat pom bensin, saya _menyetut_ sama teman saya, terus
kemudian saya lewat lagi lewat Rajawali Industri,"" katanya.

Setelah mengantar temannya, korban berboncengan dengan teman lainnya. Pada
saat sampai di Jalan Rajawali Industri, korban telah diikuti oleh pelaku.

""Pas saya lagi bawa motor, keadaannya saya sudah diikuti dari belakang. Tapi
saya nggak _ngeuh_ itu, dan saya nggak melihat wajah dia. Saya jalan biasa,
saya lewat arah Basarnas _ngambil_ arah kanan, arah balik. Saya lewat jalur
lambat,"" katanya.

""Terus tiba-tiba pelaku lewat jalur cepat. Pas saya mau _ngarah_ ke balik ke
bundaran itu, tiba-tiba pelaku _udah nyerong_ saya. Pas pelaku _udah nyerong_
saya, tiba-tiba saya kayak mau ditendang _gitu_ , saya mau jatuh,"" sambungnya.

Saat Chandra hendak menyelamatkan kunci motornya, pelaku langsung membacok
korban. Chandra menyebut pelaku berjumlah tiga orang.

""Saya _nyelamatin_ kunci motor, motornya niatnya mau dikunci setang itu motor.
Tiba-tiba saya nggak _kerasa udah_ dibacok duluan saya,"" katanya.

Pada saat korban dibacok, teman yang diboncengkan oleh korban langsung
melarikan diri. Chandra mengatakan, sebelum membacok, pelaku sempat memintanya
berhenti.

Akibat kejadian tersebut, Chandra mengalami luka robek di pipi dan memar di
bibir. Satu kendaraan roda dua raib dibawa pelaku.

Sementara itu, Kapolsek Kemayoran Kompol Ardiansyah mengatakan tengah
menyelidiki kasus tersebut. Dia menyebut tengah memburu pelaku.

""Masih dilakukan penyelidikan, kita lagi telusuri,"" katanya saat dihubungi.

[Gambas:Video 20detik]

  
  
  

 ",www.detik.com
Motif Kakak Ipar Bunuh dan Gantung ABG di Kolong Tol Japek: Kesal,"Kamis, 19 Mei  2022 13:45 WIB","\-

Polisi mengungkap motif sementara aksi keji kakak ipar, TR bin W (26), tega
membunuh dan menggantung jasad ABG 14 tahun di bawah jembatan Tol Jakarta-
Cikampek (Japek). Pembunuhan tersebut diduga dilatari rasa kesal.

""Kesal,"" ucap Kabid Humas Polda Jabar Kombes Ibrahim Tompo saat dimintai
konfirmasi seperti dilansir detikJabar, Kamis (19/5/2022).

Ibrahim menambahkan, pelaku kesal kepada korban lantaran kerap berbuat ulah.
Hal itu diketahui dari hasil interogasi yang dilakukan oleh Satreskrim Polres
Karawang.

""Anak ini (disebut) sering buat masalah,"" ujarnya.

Sebelumnya, misteri kematian bocah yang jasadnya ditemukan tergantung di
kolong jembatan Tol Jakarta-Cikampek (Japek) terbongkar. Bocah 14 tahun
tersebut diketahui tewas diduga dibunuh.

Terungkapnya penyebab kematian bocah tersebut berdasarkan hasil penyelidikan
yang dilakukan oleh Polres Karawang. Dari hasil pengamatan fisik, ada yang
janggal dari tubuh bocah tersebut.

 _Baca selengkapnyadi sini._

 __

[Gambas:Video 20detik]

  
  

 ",www.detik.com
Mahasiswa Makassar Cabuli Mahasiswi saat Tidur di Kos Jadi Tersangka,"Sabtu, 26 Mar 2022 17:13 WIB","\-

IK (20), mahasiswa yang mencabuli mahasiswi saat tidur di kamar kosnya di
Makassar, Sulawesi Selatan (Sulsel) resmi ditetapkan menjadi tersangka. IK
disebut terbukti melanggar norma atau merusak kesopanan di muka umum.

""Dapat ditingkatkan (status IK) menjadi tersangka,"" ujar Panit 1 Reksrim
Polsek Tamalanrea Makassar Ipda Jamaluddin kepada d, Sabtu (26/3/2022).

Proses gelar perkara berlangsung di Polsek Tamalanrea sekitar pukul 12.15 Wita
hingga pukul 17.30 Wita. Melalui gelar perkara tersebut, kasus IK ditingkatkan
dari penyelidikan ke penyidikan sekaligus dilakukan penetapan tersangka.

  

""Kasusnya dapat disidik, jadi kasusnya lanjut, dari lidik ke sidik,"" kata
Jamaluddin.

Akibat ulah bejatnya, IK dijerat Pasal 281 KUHP. IK juga langsung ditahan di
Polsek Tamalanrea Makassar.

""Sekarang tersangka sudah ditahan di Polsek, tidak dipulangkan lagi,"" katanya.

Diberitakan sebelumnya, IK dilaporkan ke polisi lantaran nekat mencabuli rekan
tetangga kamar kosnya. IK berbuat bejat di salah satu pondok rumah kos di
kawasan Bumi Tamalanrea Permai (BTP) pada Jumat (25/3).

Saat kejadian, korban sedang tidur sore di kamar kosnya sekitar pukul 16.00
Wita. Saat itu, kamar kos korban dalam kondisi terbuka.

""Awalnya korban sedang tidur di dalam kamar kosannya dan pintu dalam keadaan
terbuka,"" kata Kasi Humas Polsek Tamalanrea Aipda M Khalil saat dimintai
konfirmasi , Sabtu (26/3).

Sementara pelaku yang melihat kondisi itu lantas berbuat bejat. Ia nekat
memasuki kamar kos korban dan melakukan perbuatan bejat di dalam kamar kos
sehingga korban terbangun.

""(Saat tersadar) korban langsung berteriak dan membuat pelaku langsung
melarikan diri,"" katanya.

  
  
  
[Gambas:Video 20detik]  

 ",www.detik.com
"Baru Mau Lapor, Pria Tangerang Heran Motor yang Dicuri Sudah di Polsek","Kamis, 30 Des 2021 11:30 WIB","\-

Polisi menangkap dua terduga pelaku pencurian motor yang beraksi di Kecamatan
Periuk, Kota Tangerang, berinisial AO (21) dan C (19). Pemilik berinisial SA
keheranan motornya yang dicuri sudah diamankan polisi di Mapolsek Jatiuwung,
bahkan sebelum dirinya membuat laporan.

Awalnya, informasi pencurian motor tersebut beredar di media sosial dan grup
WhatsApp (WA) pada Selasa (28/12) siang. Polisi mendapat informasi ada
pencurian motor Yamaha Mio di rumah seorang warga dari grup WA.

""Pada hari Selasa, 28 Desember 2021, sekira jam 12.00 WIB, Kanit Reskrim
mendapat info dari grup Dai Kamtibmas, bahwa telah terjadi pencurian kendaraan
bermotor roda 2, yang terjadi di TKP yang sudah viral di media dan juga grup
WA. Kanit Reskrim merespons cepat bersama piket langsung cek TKP,"" ujar
Kapolsek Jatiuwung Kompol Zazali Hariyono dalam keterangannya, Kamis
(30/12/2021).

Zazali menjelaskan pihaknya langsung melakukan olah TKP saat tiba di lokasi.
Tim Buser langsung dikumpulkan untuk memburu dua pelaku yang ternyata terekam
CCTV di lokasi.

""Setelah melakukan olah TKP, Kanit Reskrim langsung mengumpulkan tim Buser,
guna pendalaman info yang didapat dari olah TKP,"" tuturnya.

Setelah itu, sekitar pukul 20.30 WIB, Zazali mengungkapkan polisi menangkap
dua orang yang diduga mencuri motor SA. Dua barang bukti berupa motor curian
dan motor yang digunakan saat beraksi turut diamankan polisi.

""Pukul 20.30 WIB, kedua orang yang diduga sebagai pelaku sesuai yang terekam
CCTV dapat ditangkap berikut barang bukti 2 unit ranmor hasil kejahatan dan
alat kejahatannya,"" jelas Zazali.

Lebih lanjut, kata Zazali, sekitar pukul 21.00 WIB, SA, yang baru pulang
bekerja, melaporkan kejadian pencurian motor itu ke Polsek Jatiuwung. Namun,
saat mau melapor, SA heran motornya sudah ada di Mapolsek Jatiuwung.

""Sekitar jam 21.00 WIB, saat saksi pelapor datang ke Polsek Jatiuwung sepulang
kerja dan hendak melaporkan kejadian pencurian sepeda motor miliknya tersebut,
saksi pelapor merasa heran mengetahui bahwa pelaku dan sepeda motor miliknya
yang dicuri oleh pelaku sudah ada di Polsek Jatiuwung,"" katanya.

Zazali mengatakan pemilik motor itu merasa senang polisi telah membekuk
pencuri motornya. SA berterima kasih kepada polisi.

[Gambas:Video 20detik]

  
  

 ",www.detik.com
45 Motor Protolan Terjaring Razia di Jalur Rawan Curanmor Kota Probolinggo,"Sabtu, 26 Mar 2022 01:03 WIB","\-

Aksi curanmor dalam 3 bulan terus meningkat di wilayah Kota Probolinggo. Razia
pun digiatkan di titik rawan dilintasi pelaku curanmor.

Salah satunya di jalan Mastrip, Kelurahan/KecamatanKedupok, Probolinggo. mulai
pukul 20:00 WIB sampai pukul 22:00 WIB, petugas Patwal dan Brigade Mobil (BM)
dari Satlantas Polres Probolinggo Kota, menggelar razia dadakan malam hari.

Giat yang dipimpin langsung Kasa Lantas Polres Probolinggo Kota AKP Roni
Faslah diikuti seluruh kekuatan personel. Razia ini digelar guna mempersempit
ruang gerak pelaku curanmor yang belakangan semakin merajalela.

Dari giat ini, sekitar 45 motor protolan dan tidak dilengkapi surat-surat
diamankan petugas. Selain tindakan surat tilang, polisi juga menggeledah
pengendarannya.

Puluhan kendaraan langsung dibawa ke Mako Sarpas Satlantas Polres Probolinggo
Kota, guna pemeriksaan dan identifikasi nomor rangka dan nomor mesin
kendaraan, untuk dilihat identitas dan sejarah kendaraan di kantor Samsat.

Kanit Patroli Sarlantas Polres Probolinggo Kota Ipda Tohari mengatakan
kegiatan hunting dan razia akan digelar untuk mengantisipasi aksi kejahatan
terjadi di Kota Probolinggo.

""Kita terus gencarkan razia dan hunting di jalanan untuk personel lalu lintas,
serta patroli di titik rawan, untuk mengantisipasi terjadinya tindak
kriminalitas, giat ini dilakukan tujuan agar masyarakat bisa lebih tenang, dan
ini bentuk pengabdian kami ke masyarakat"" ujar Tohari.

Roni Faslah mengatakan giat dilakukan bertujuan untuk masyarakat, dalam
memberikan perlindungan, mengayomi dan melayani, dalam tugas utama kepolisian.
Untuk pelanggar wajib membawa surat-surat resmi seperti STNK dan BPKB, dan
membawa spart part aslinya untuk dipasang. Jika surat tidak ada akan kami
teruskan ke Satreskrim untuk kelanjutan proses hukumnya.

""Giat seperti ini kami lakukan tujuan untuk memberi pelayanan terbaik untuk
masyarakat, dalam mengayomi, melindungi dan melayani dimana tugas dari
kepolisian, pelanggar wajib membawa surat - surat kendaraan seperti STNK dan
BPKB asli, serta bawa spart part original untuk di pasang di Mako Sarpas, jika
nanti ada motor yang ditenggarai hasil kejahatan, akan kami limpahkan ke Unit
Satreskrim untuk proses selanjutnya"" tegas AKP Roni.

Pihak kepolisian juga menghimbau ke masyarakat, untuk meningkatkan
kewaspadaan. Dan jaga kendaraan dengan mengunci ganda motornya.

  
  
  
[Gambas:Video 20detik]  

 ",www.detik.com
Pengakuan 2 Maling Gagal Bobol Warung di Klaten Malah Tinggalkan KTP-SIM,"Kamis, 12 Mei  2022 17:35 WIB","\-

Dua pelaku percobaan pencurian di warung sate sapi di Jalan Wedi- Srowot,
Kecamatan Jogonalan, Klaten, yang meninggalkan KTP dan SIM-nya, ditangkap.
Keduanya, Setyantoro (60) warga Desa Pesu, Kecamatan Wedi, dan Eviantoro (30)
warga Desa Tlingsing, Kecamatan Cawas, mengakui perbuatannya.

""Saya masuk warung. Masuk dari jendela dengan cara saya congkel,"" kata
Eviantoro pada wartawan di Mapolres Klaten, Kamis (12/5/2022) siang.

Eviantoro mengaku kala itu hanya diajak Setyantoro. Saat itu dia sedang
terpengaruh minuman alkohol. Karena aksinya ketahuan penjaga, Setyantoro pun
lari meninggalkan warung itu.

""Saya lari duluan saat ketahuan,"" kata Eviantoro.

Dia mengaku langsung kabur meninggalkan motornya di lokasi. Dia mengaku baru
sekali ini melakukan upaya pencurian.

""Motor milik saya dan yang jaga (motornya) bapak itu (Setyantoro). Saya cuma
diajak dan baru sekali ini, saya kenal (Setyantoro) juga pas ambil utang,""
imbuh Eviantoro.

Sementara itu, Setyantoro mengaku nekat membobol warung itu karena dia punya
utang Rp 6 juta untuk kredit motor. Dia mengaku sebelumnya juga pernah mencuri
di tempat lain.

![Dua pelaku percobaan pencurian warung sate di Mapolres, Kamis
\(12/5/2022\).](https://akcdn.detik.net.id/community/media/visual/2022/05/12/dua-
pelaku-percobaan-pencurian-warung-sate-di-mapolres-
kamis-1252022-1_43.jpeg?w=480)Dua pelaku percobaan pencurian warung sate di
Mapolres Klaten, Kamis (12/5/2022). Foto: Achmad Hussein Syauqi/detikJateng  
  
---  
  
""Ya jalan-jalan saja dan saat sepi kita amati. Saya sudah tiga kali ini, dulu
mencuri kepala arca dan sapi,"" kata Setyantoro, kakek dari tiga cucu itu.

Wakapolres Klaten Kompol Sumiarta menjelaskan keduanya dijerat Pasal 363 ayat
3e, 4e ,dan 5e KUHP jo Pasal 56 ayat 1e dan 2e KUHP, jo Pasal 53 (1) KUHP.
Polisi juga menyita sejumlah barang bukti dari kasus upaya pencurian ini.

""Ancaman hukuman penjara selama-lamanya 4 tahun 7 bulan. Barang bukti ada satu
linggis, motor, dan gembok warung,"" jelas Sumiarta.

Diberitakan sebelumnya, aksi pencurian di sebuah warung di jalan Srowot-Wedi,
Klaten, itu gagal setelah kerpergok warga pada Sabtu (7/5) malam. Aksi pencuri
apes itu sempat viral di media sosial gegara mereka meninggalkan sepeda motor
dan KTP serta SIM yang tersimpan di balik jok motor.

Pada Selasa (10/5) lalu, Kapolsek Jogonalan AKP Muslimin menyebut bahwa kedua
pelaku itu ditangkap oleh tim Resmob Polres Klaten. Sedangkan barang buktinya
masih disimpan di Polsek Jogonalan.

""Sepeda motor (pelaku) masih di polsek. KTP dan SIM itu milik salah seorang
pelaku,"" ungkap Muslimin kepada , Selasa lalu.

  
  
  
[Gambas:Video 20detik]  

 ",www.detik.com
"Anak Pedagang Sayur Cerita Tas Ibu Dicuri Pemotor, Duit Rp 500 Ribu Raib","Selasa, 19 Apr 2022 21:14 WIB","\-

Tas milik ibu pedagang sayur di Tanah Abang, Jakarta Pusat, raib dicuri pria
yang berpura-pura hendak berbelanja. Di dalam tas tersebut terdapat uang Rp
500 ribu dan buku catatan utang.

Peristiwa itu terjadi di Jl Danau Gelinggang, Bendungan Hilir, Tanah Abang,
Jakarta Pusat, pada Senin (18/4) sekitar pukul 09.30 WIB. Anak korban, Wahyu,
mengatakan, sebelum beraksi, pelaku sempat mengintai lokasi.

""Tiba-tiba ada motor _emang_ mondar-mandir terus, motornya di CCTV kan
keliatan mondar-mandir kaya _ngegambar_ situasi terus pada saat _udah_ mulai
sepi, ada mobil yang mulai jalan, lalu dia _ngestandarin_ motornya di dekat
gerobak ibu saya,"" kata Wahyu saat dihubungi, Selasa (19/4/2022).

Wahyu mengatakan pelaku berpura-pura ingin membeli dua potong ayam. Setelah
selesai dilayani, pelaku menambah pesanan lainnya.

""Tadinya _pengin_ beli ayam sekitar dua potong, terus ditanya mau dipotong
berapa? (dijawab) 'dua belas', habis itu dipotong _nanya-nanya_ lagi. Sudah
selesai sudah _diplastikin_ sama ibu saya, _nanya_ lagi, 'Bude masih ada ayam
potong lagi nggak?' masih ada kata ibu saya. Terus dia kayak lihat-lihat apa
_gitu_ , terus _nanya_ lagi akhirnya, sudah siap sudah dikasih, 'dia bilang
ada apa lagi Bude?' ada udang, 'ya sudah sekalian Bude',"" bebernya.

Wahyu mengatakan pada saat ibunya tengah mengambil udang, pelaku pun
melancarkan aksinya. Dia menyebut pelaku membawa tas yang berisi barang-barang
berharga.

""Pas ibu saya _ngambil_ udang kan agak jauh dari yang tas ditinggalkan di
gerobaknya, pas ibu saya _ngambil_ udangnya tiba-tiba pelaku _ngambil_ tasnya
_gitu_ dia langsung bawa kabur,"" katanya.

""Di dalam tas itu ada sejumlah uang kata ibu saya, tapi belum sempat dihitung
karena hasil jualan dari pagi sampai mau pulang itu belum _kehitung_. Ya
nominalnya nggak tahu sekitar berapa, mungkin Rp 500 ribu lebih, sama ada
kacamata minus buat _nulis-nulis_ ibu saya, terus sama HP yang biasa buat
langganan dan _pesen-pesen_ sama buku catatan utang-utang,"" lanjutnya.

 _Baca selengkapnya di halaman selanjutnya._

Selanjutnya __

Halaman

1  2

 ",www.detik.com
"Guru SD di Mojokerto Ngaku Dirampok, Uang Deposito Rp 150 Juta Amblas","Selasa, 22 Feb 2022 12:31 WIB","\-

Seorang perempuan asal Sidoarjo mengaku dirampok 4 pengendara sepeda motor di
Desa Tanjangrono, Ngoro, Mojokerto. Guru SD berstatus PNS ini mengklaim uang
deposito Rp 150 juta yang baru ia ambil dari bank dirampas para pelaku.

Kasat Reskrim Polres Mojokerto AKP Tiksnarto Andaru Rahutomo mengatakan korban
Sri Wahyuliati Ningsih (42) mengaku dirampok dalam perjalanan pulang dari bank
pada Senin (21/2).

Saat itu, PNS yang mengajar di salah satu SD negeri di Kecamatan Ngoro
tersebut seorang diri mengendarai sepeda motor Honda BeAT nopol W 4351 NCE.

""Dia (Sri) mengaku usai mencairkan uang deposito miliknya di Bank Jatim Cabang
Pembantu Mojosari, Mojokerto senilai Rp 150 juta,"" kata Andaru kepada
wartawan, Selasa (22/2/2022).

Saat melintas di Jalan Raya Desa Tanjangrono, Kecamatan Ngoro, tepatnya di
Jembatan Tanjangrono sekitar pukul 11.45 WIB, Sri mengaku dihadang perampok
berjumlah 4 orang. Para pelaku mengendarai sepeda motor Honda Vario warna
hitam dan Yamaha RX King warna hitam.

""Saat dia (Sri) berhenti, salah seorang pelaku merampas tas miliknya berisi
uang Rp 150 juta. Selanjutnya para pelaku kabur ke arah Sidoarjo,"" terang
Andaru.

Sri pun bergegas pulang untuk memberi tahu suaminya. Guru SD asal Desa Jiken,
Kecamatan Tulangan, Sidoarjo ini ditemani suaminya melapor ke Polsek Ngoro,
Mojokerto sekitar pukul 13.00 WIB.

""Pengakuan korban mengalami kerugian Rp 150 juta, kami masih menyelidiki kasus
ini,"" tandas Andaru.

  
  
  
[Gambas:Video 20detik]  

 ",www.detik.com
"Pelaku Cemburu Buta, Dini Nurdiani Tewas Usai Dihujani 5 Tikaman","Sabtu, 14 Mei  2022 19:58 WIB","\-

Polisi mengungkap sejumlah fakta pembunuhan Dini Nurdiani (26) oleh tersangka
perempuan inisial NU (24). NU diketahui merencanakan pembunuhan itu dengan
menusuknya menggunakan pisau.

""Tersangka NU ini sudah mempersiapkan alat-alat, seperti kunci inggirs, pisau
dapur, dan gunting rumput, yang sudah disiapkan dari rumah untuk menghabisi
korban,"" ujar Kapolsek Cengkareng Kompol Ardhie Dimasetyo saat jumpa pers di
Mapolsek Cengkareng, Sabtu (14/5/2022).

Kasus ini bermula setelah NU mengetahui perselingkuhan suaminya, ID (27). NU
murka setelah melihat isi _chat_ sang suami dengan korban yang berencana
menceraikan dirinya.

![Polsek Cengkareng merilis pembunuhan Dini Nurdiani, wanita yang sempat
dilaporkan
hilang.](https://akcdn.detik.net.id/community/media/visual/2022/05/14/polsek-
cengkareng-merilis-pembunuhan-dini-nurdiani-wanita-yang-sempat-dilaporkan-
hilang-1_169.jpeg?w=620)_Polisi merilis penangkapan pembunuh Dini Nurdiani
(Nahda Rizki Utami/detikcom)_  
  
---  
  
""Isinya bahwa 'kapan kamu mau ceraikan istrinya?', balas suaminya 'iya, nanti
habis Lebaran saya akan urus perceraian saya', 'apa perlu saya _temenin_?'.
Nah itu berawal dari situ, makanya dia emosi,"" kata Ardhie.

###

### NU Susun Rencana

NU kemudian menyusun rencana pembunuhan itu. Ia berniat menghabisi nyawa Dini
Nurdiani.

""Jadi setelah baca SMS pada malam hari, (Tersangka) melihat adanya komunikasi.
Tersangka cemburu dan mempunyai niat untuk menghabisi,"" jelas Ardhie.

Pada 26 April 2022, NU berpura-pura menjadi ID dan mengajak Dini untuk buka
puasa bersama. Sampai akhirnya, NU bertemu dengan Dini di halte bus di sekitar
Taman Mini Indonesia Indah (TMII), Jakarta Timur.

![Pelaku pembunuhan Dini Nurdiani \(26\) adalah seorang perempuan, ini
tampangnya](https://akcdn.detik.net.id/community/media/visual/2022/05/14/pelaku-
pembunuhan-dini-nurdiani-26-adalah-seorang-perempuan-ini-
tampangnya-5_169.jpeg?w=620) _Tersangka NI (24) cemburu buta lantaran suaminya
selingkuh dengan Dini Nurdiani (Nahda Rizki/detikcom)_  
  
---  
  
""Jadi dia WA kepada korban bahwa 'kita bukber, nanti yang jemput adalah
ponakan saya',"" ujar Ardhie.

### NU Seolah-olah Jadi Keponakan ID

NU menjemput Dini di halte tersebut. Saat menjemput Dini, NU berpura-pura
menjadi keponakan suaminya.

""Jadi, pada saat ketemu di halte, mungkin korban mengetahui 'itu adalah
ponakan dari pacarnya',"" jelasnya.

  

Selanjutnya __

Halaman

1  2

 ",www.detik.com
Sindikat Maling Pembobol Minimarket di 9 Daerah Jateng-Jabar Dibekuk,"Senin, 13 Jun 2022 13:28 WIB","\-

Polisi membekuk kawanan pembobol minimarket lintas provinsi. Sindikat ini
telah beraksi sedikitnya di 9 kota di wilayah Jawa Tengah dan Jawa Barat.

Dari pengungkapan tersebut, polisi menangkap tiga pelaku, yakni Kepen (45)
warga Sukabumi, Roby (32) warga Cianjur dan Ipin (25) warga Sukabumi. Pelaku
Ipin, dilimpahkan ke Polres Kendal, untuk pengembangan lebih lanjut. Sementara
satu pelaku yang merupakan otak aksi yakni Asep warga Sukabumi, saat ini masih
buron.

Kapolres Pekalongan, AKBP Arief Fajar Satria mengatakan, terungkapnya sindikat
pembobol minimarket tersebut berawal saat mereka beraksi di wilayah Kecamatan
Wonopringgo, Kabupaten Pekalongan, akhir bulan Mei lalu.

""Alhamdulillah, kita bisa mengungkap kasus pencurian di minimarket. Terungkap
ada 9 kota di Jateng dan Jabar,"" kata Arief Fajar Satria, saat melakukan pers
rilis di Mapolres Pekalongan, Senin (13/6/2022).

Menurut Arief, sindikat tersebut telah beroperasi di sembilan kota dari
Kabupaten Batang, Kendal, Kabupaten Pekalongan, Pemalang, Kabupaten Tegal,
Brebes, Indramayu, Cirebon dan Karawang.

""Saat ini kita berkoordinasi dengan 9 satwil (satuan wilayah) tersebut dan
untuk saudara Ipin (salah satu tersangka) kita telah limpahkan ke Polres
Kendal, untuk dilakukan pengembangan lebih lanjut. Kemudian satu yang masih
DPO berinisial Asep, warga Sukabumi,"" tambah Arief.

Dalam menjalankan aksinya, lanjut Arief, sindikat tersebut terlebih dahulu
melakukan survei minimarket. Para pelaku menyasar minimarket yang tidak buka
24 jam, dan lokasinya jauh dari rumah warga.

""Modus kejahatan yang bersangkutan melakukan pembobolan pada pukul 00.30 WIB,
dengan menggunakan sarana linggis besi dan obeng. Setelah itu menggunakan roda
empat sebagai sarana transportasi dan pengangkutan hasil kejahatan,"" katanya.

Sementara itu, salah satu anggota sindikat, Kepen, menyebut dalam sebulan
kawanan ini bisa beraksi hingga dua kali. Semua atas perintah Asep, yang saat
ini masih menjadi buronan.

""Semua atas perintah si Asep. Kalau hasil, dibagi rata. Sekali aksi dapat Rp
1,6 juta. Uangnya untuk menafkahi keluarga,"" kata Kepen.

Akibat perbuatannya, para pelaku akan dijerat dengan KUHP pasal 363 tentang
pencurian dan pemberatan, dengan ancaman hukuman tujuh tahun penjara.

  
  
  
[Gambas:Video 20detik]  

 ",www.detik.com
"Perkosa Anak Tiri di Rumahnya, Warga KBB Berujung Diamuk Massa","Rabu, 23 Mar 2022 13:43 WIB","\-

Warga Kabupaten Bandung Barat inisial F (42), tega memperkosa anak tirinya
yang masih di bawah umur pada Sabtu (19/3/2022). Aksi ini berujung amuk massa
dan kini harus berurusan dengan hukum.

F memperkosa anak tirinya yang baru berusia 16 tahun. Tak hanya sekali, sudah
beberapa kali aksi bejatnya dilakukan selama 2022. Bahkan, aksi keji ini
dilakukan di rumah saat kondisi sedang sepi.

Tak tahan, korban lalu melaporkan apa yang dilakukan ayah tirinya pada
keluarga. Keluarga kemudian melaporkan F pada pengurus RT dan RW.

  

""Kami terima aduan dari keluarga korban soal adanya dugaan pencabulan
(perkosaan) oleh ayah tirinya,"" ungkap Wakil Ketua Komisi Perlindungan Anak
Indonesia (KPAI) Bandung Barat Prihatin Mulyati kepada wartawan, Rabu
(23/3/2022).

Pihak KPAI kemudian mengantarkan korban beserta keluarga melaporkan kejadian
tersebut ke Polres Cimahi pada Minggu (20/3/2022).

""Kami mendampingi korban membuat laporan ke Polres Cimahi. Kemudian mengantar
korban cek visum ke rumah sakit,"" tutur Mulyati.

Namun, kabar pemerkosaan tersebut menyebar luas sampai didengar warga.
Akhirnya, pada Selasa (22/3/2022) malam rumah pelaku dikepung warga yang tak
kuasa menahan amarah.

Warga menyeret pelaku keluar dari rumahnya kemudian menghadiahi pelaku dengan
bogem mentah. Beruntung, pengurus RW dan pihak kepolisian buru-buru datang dan
pelaku diamankan.

""Beruntung pelaku langsung diamankan meskipun sempat diamuk masa. Kita juga
berterima kasih pelaku sudah diamankan. Karena kalau tidak, korban bakal
merasa trauma karena tinggal satu rumah dengan pelaku. Kami khawatir juga
pelaku ini kabur,"" ujar Mulyati.

Sementara itu, Kasat Reskrim Polres Cimahi, AKP Rizka Fadhilla membenarkan
pihaknya telah mengamankan pelaku. Kini F tengah diperiksa di Mapolres Cimahi
terkait dugaan pemerkosaan yang dilakukannya.

""Betul pelaku sudah diamankan tadi malam. Sekarang sedang dilakukan
pemeriksaan,"" kata Rizka.

 ",www.detik.com
Viral Emak-emak di Labura Curi Rokok Jepitkan di Paha,"Kamis, 28 Apr 2022 15:05 WIB","\-

Aksi wanita mencuri satu tin (10 slop) rokok di salah satu toko yang ada di
Labuhanbatu Utara (Labura), Sumatera Utara (Sumut) dengan cara menjepitkan
terekam kamera pengawas. Rekaman ini kemudian viral setelah di media sosial.

Pencurian itu dilakukan seorang wanita berusia sekitar 60-an tahun, yang
mengenakan pakaian gamis. Pemilik toko, Nur Asiah Pasaribu menceritakan aksi
tersebut terjadi di tokonya yang berada di Simpang Merbau Rabu (27/4).
""Kejadiannya semalam sekitar jam 11.30 WIB, waktu barang kami baru masuk,""
kata Nur Asiah kepada , Kamis (28/4/2022).

Nur mengatakan aksi itu dilakukannya saat dirinya dan pekerja toko luput
mengawasinya. Setelah sebelumnya, dia menyaru sebagai pembeli di toko
tersebut.

  

""Dia belanja jajanan. Jumlahnya sekitar Rp 30-an ribu. Setelah selesai,
sewaktu mau pergi, disitulah diambilnya 1 tin rokok yang dimasukkannya ke
dalam pakaiannya, dan dijepitnya dipaha,"" imbuh Nur Asiah.

Rokok yang dicuri wanita tersebut biasanya dijual Nur Asiah seharga Rp 211
ribu per slop nya (10 bungkus Rokok). Itu artinya kerugian yang diderita Nur
Asiah bernilai total sekitar Rp 2,1 juta.

Nur Asiah mengatakan aksi pencurian ini tidak dilaporkan nya ke pihak yang
berwenang. Alasannya karena dia hanya ingin peristiwa ini menjadi peringatan
bagi pedagang-pedagang lainnya.

""Enggak dilaporkan. Biar saja lah. Tujuan diunggah ke Facebook biar jadi
pelajaran bagi dia, bahwa dia sebenarnya sudah diketahui, dan peringatan untuk
pedagang lainnya supaya lebih berhati-hati,"" ungkapnya.

  
  
  
[Gambas:Video 20detik]  

 ",www.detik.com
Cerita Bahagia Petani Majalengka Saat Motor yang Hilang Dikembalikan,"Selasa, 08 Mar 2022 21:20 WIB","\-

Ekspresi bahagia terpancar dari raut wajah seorang petani asal Blok Dwisari,
Desa Majasari, Kecamatan Ligung, Kabupaten Majalengka, Jawa Barat. Pasalnya,
sepeda motor kesayangannya yang hilang sekitar seminggu yang lalu kini telah
kembali ke tangannya.

""Itu hilang pas saya lagi di sawah. Pas tanggal 1 Maret (2022) kemarin,"" kata
Roni (42) kepada , Selasa (8/3/2022).

Roni, saat menerima kembali sepeda motornya dari pihak kepolisian mengaku tak
menyangka. Sebab, dirinya sudah pasrah atas kehilangan motor tersebut.

  

""Tadinya saya enggak percaya motor saya bakal kembali lagi. Alhamdulillah
motor saya bisa kembali dan ditemukan kembali,"" ujar dia.

""Terimakasih kepada Kapolres Majalengka dan jajarannya yang telah membantu
mengungkap pencurian sepeda motor saya,"" sambungnya.

Kapolres Majalengka AKBP Edwin Affandi menyampaikan bahwa sepeda yang
dikembalikan kepada warga Desa Majasari itu, merupakan hasil operasi kejahatan
kendaraan (Jaran) yang dilaksanakan dari tanggal 17 hingga 22 Februari 2022.

Dari hasil operasi itu, pihaknya berhasil mengamankan 9 pelaku Curanmor.
Adapun dari hasil penyelidikan terhadap 9 pelaku curanmor ini, pihaknya
berhasil mendapatkan puluhan kendaraan roda dua baik roda empat

""Dari 9 pelaku ini kami mendapatkan 28 unit kendaraan roda dua dan 1 unit
kendaraan roda empat jenis pick-up,"" papar Edwin.

 ",www.detik.com
"Polisi Tangkap DPO Curanmor di Kabupaten Bogor, 1 Lainnya Masih Diburu","Senin, 21 Mar 2022 15:32 WIB","\-

Polisi meringkus OS (20), salah satu daftar pencarian orang (DPO) komplotan
pelaku pencurian kendaraan bermotor (curanmor) di Desa Cibodas, Rumpin,
Kabupaten Bogor, Jawa Barat. Satu pelaku lainnya masih dalam pengejaran.

""Pelaku DPO berinisial OS ditangkap di daerah Cigudeg. Satu pelaku lagi DPO
masih dalam pengejaran polisi,"" kata Kasi Humas Polres Bogor AKP Ita Puspita
melalui keterangan tertulis, Senin (21/3/2022).

OS ditangkap pada Kamis (17/3) kemarin di Cigudeg, Kabupaten Bogor.
Sebelumnya, polisi telah menangkap pelaku lainnya, yaitu AS, pada Selasa
(28/12/2021) lalu.

Ketiga pelaku berhasil menggasak dua unit motor dalam aksi pencurian kendaraan
bermotornya (curanmor). Pelaku merusak kunci gembok pagar rumah korban dan
membobol kendaraan korban dengan kunci kontak palsu pada Minggu (28/11/2021),
sekitar pukul 06.00 WIB.

""Saat kejadian terekam CCTV dan diketahui pelaku berjumlah tiga orang. Dengan
cara merusak kunci gembok pagar rumah korban lalu masuk ke teras rumah dan
membawa 2 unit sepeda motor menggunakan kunci kontak palsu,"" terangnya.

Polisi turut menyita beberapa barang bukti dari pelaku, yakni dua buah STNK
kendaraan sepeda motor, serta sweter dan celana pendek berwarna hitam yang
digunakan pelaku saat melancarkan aksinya.

[Gambas:Video 20detik]

 ",www.detik.com
"Pengangguran Asal NTT Curi HP di Denpasar, Ditembak Saat Ditangkap","Senin, 13 Jun 2022 20:21 WIB","\-

Seorang pria pengangguran asal Desa Pasir Putih, Kecamatan Maluk, Kabupaten
Sumbawa Barat, Nusa Tenggara Timur (NTT) bernama Usman Ali (42) ditangkap
polisi lantaran menggasak ponsel atau handphone (HP) di kos-kosan di Kota
Denpasar, Bali. Terduga pelaku terpaksa ditembak kakinya gegara melawan saat
ditangkap.

Pencurian itu ia lakukan di Jalan Gunung Batur, Gang Tebu Nomor 3, Kelurahan
Pemecutan, Kecamatan Denpasar Barat pada Kamis (9/6/2022) sekitar pukul 10.35
WITA. Aksinya juga terekam closed-circuit television (CCTV) dan sempat viral
di media sosial (Medsos).

""Kemarin kita berhasil mengamankan yang bersangkutan setelah aksinya di daerah
monang-maning beberapa pekan yang lalu kita mungkin masih ingat ada pelaku
kos-kos curat yang wajahnya terekam CCTV, inilah yang bersangkutan,"" kata
Kapolsek Denpasar Barat Kompol I Made Hendra Agustina saat konferensi pers di
kantornya, Senin (13/6/2022).

  

""Karena kemarin pada saat kita melakukan upaya paksa yang bersangkutan melawan
petugas dan berusaha melarikan diri, sehingga kami melakukan tindakan tegas
terukur terhadap UA,"" imbuhnya.

Menurut Hendra, Usman Ali merupakan seorang residivis. Ia sebelumnya sempat
terlibat kasus pencurian sepeda motor (curanmor). Ia juga sempat ditangkap
oleh Polsek Denpasar Selatan.

""Jadi UA ini merupakan seorang residivis, dari catatan yang kami himpun di
Polresta Denpasar yang bersangkutan sudah terlibat kasus curanmor di 2017 lalu
ada beberapa laporan polisi di Polsek Denpasar Selatan sama Curat (pencurian
dengan pemberatan) juga,"" ungkap Hendra.

Adapun orang yang menjadi korban atas tindakan pidana dari Usman Ali kali ini
adalah pria bernama Yonas Hanas (42). Korban awalnya meninggalkan kamar kos
untuk pergi bekerja ke kantor pada Kamis (19/6/2022) sekitar pukul 09.00 WITA.
Sedangkan istrinya juga bekerja dan anaknya sudah berangkat sekolah, sehingga
kamar kos dalam keadaan kosong.

Istri korban kemudian pulang dari bekerja ke kos sekitar pukul 13.30 WITA dan
mendapati jendela kamar kos sudah terbuka dan grendel kuncinya sudah lepas dan
rusak. Setelah masuk ke dalam kamar, istri korban mendapati isi kamar sudah
acak-acakan.

Mendapati hal tersebut istri korban kemudian memeriksa kamar kos. Setelah
diperiksa ternyata dua buah HP masing-masing merek ASUS Zenfone Max warna
Hitam dan merek VIVO Y 30 i warna putih nomor yang ditaruh di atas mesin cuci
sudah hilang. Dengan kejadian ini korban mengalami kerugian sebesar Rp 5,1
juta.

Polisi kemudian melakukan penyelidikan setelah menerima laporan pencurian
tersebut. Dari hasil penyelidikan, polisi berhasil mengamankan barang bukti
satu buah HP merek ASUS Zenfone Max warna hitam dari seseorang yang bernama
Amin. Amin mengaku mendapatkan HP dari seorang laki-laki yang berasal dari
Sumbawa.

Berdasarkan keterangan itu, polisi kemudian melakukan penyelidikan lebih
intensif. Dan akhirnya berhasil mengamankan Usman Ali di tempatnya menumpang
tinggal di Jalan Raya Suwung Batan Kendal, Kecamatan Denpasar Selatan. Ia
mengakui telah melakukan pencurian di tempat kejadian perkara (TKP) bernama
temannya bernama Hendra yang masih buron dan masuk dalam daftar pencarian
orang (DPO).

""Adapun caranya adalah tersangka masuk ke tempat kos-kosan yang sepi ditinggal
penghuni, lalu tersangka mencongkel jendela kamar kos kemudian masuk dan
mengambil barang-barang yang ada di dalam kamar kos. Sedangkan temannya Hendra
menunggu di motor di luar kos dan barang hasil pencurian yang didapat dibagi
berdua,"" jelas Kapolsek.

Selain berhasil menangkap pelaku, polisi juga berhasil mengamankan barang
bukti yakni satu buah HP merek ASUS Zenfone Max warna Hitam, satu buah boks HP
merek ASUS Zenfone Max warna Hitam dan satu buah obeng min panjang 11,5 cm
gagang warna merah hitam dengan ujung dimodifikasi.

Dikarenakan pencurian oleh dua orang bersama-sama atau lebih dan pencurian
dilakukan dengan cara membongkar, memecah atau memanjat, maka pelaku
disangkakan dengan Pasal 363 Ayat (1) ke-4e dan 5e Kitab Undang-Undang Hukum
Pidana (KUHP). Ia terancam mendapatkan pidana paling lama tujuh tahun penjara.

  
  
  
[Gambas:Video 20detik]  

 ",www.detik.com
Anggota Komisi I DPR Apresiasi Aksi 2 Prajurit TNI Gagalkan Begal,"Rabu, 11 Mei  2022 13:01 WIB","\-

Aksi dua prajurit TNI Angkatan Darat (AD) menggagalkan 9 pelaku pembegalan
mendapat apresiasi dari anggota DPR. Dua prajurit TNI itu bernama Prada Junior
Noval dan Prada Ardian Sapta Savela dari kesatuan Yonarhanud 10/ABC Kodam
Jaya.

Anggota Komisi I DPR yang membidangi urusan pertahanan, Rizki Natakusumah,
yakin masih banyak kisah inspiratif yang dilakukan oleh anggota TNI lainnya.

""Kami mengapresiasi kegagahan prajurit TNI untuk turut serta memberantas
tindak kriminalitas di Ibu Kota. Kami yakin di luar sana masih banyak cerita
mengesankan tentang prajurit TNI yang turun membantu masyarakat Indonesia dari
segala macam kesulitan,"" kata Rizki saat dihubungi, Rabu (11/5/2022).

Rizki mendorong seluruh keluarga besar TNI terus memberikan inspirasi positif
kepada masyarakat. ""Kami mendorong seluruh keluarga besar TNI untuk terus
memberikan inspirasi positif dan menyebarkan kebaikan di tengah-tengah
masyarakat,"" lanjutnya.

Meski begitu, politikus Partai Demokrat (PD) itu menyebut TNI masih memiliki
banyak pekerjaan rumah. Dia berharap prajurit TNI ke depannya juga mampu
mengatasi ancaman pertahanan yang merundung negara.

""Di sisi lain, tentu masih banyak PR, baik dalam tubuh TNI sendiri maupun
dalam aspek pertahanan secara keseluruhan. Ke depannya kami juga berharap
prajurit TNI tidak hanya mampu 'menendang' begal saja, tapi juga mampu
menghajar ancaman pertahanan yang terus-menerus merundung negara,"" katanya.

Anggota Komisi I DPR Fraksi Partai Golkar Dave Laksono menilai aksi prajurit
TNI AD gagalkan begal tersebut merupakan bentuk bukti nyata dedikasi kepada
Tanah Air. Menurut Dave, prajurit TNI tersebut berupaya melawan kejahatan yang
akan merusak masa depan bangsa.

""Saya melihat apa yang para prajurit lakukan adalah bukti nyata dedikasi
mereka kepada NKRI dalam memperjuangkan rakyat melawan kejahatan yang akan
merusak masa depan bangsa,"" ujar Dave saat dihubungi, hari ini.

 _Simak selengkapnya di halaman berikutnya._

Selanjutnya __

Halaman

1  2

 ",www.detik.com
"Gadis di Tangerang Diperkosa 4 Pria Usai Dicekoki Miras, 2 Pelaku Ditangkap","Selasa, 05 Apr 2022 13:12 WIB","\-

Seorang gadis berusia 15 tahun di Tangerang, Banten, diperkosa oleh empat
orang pria. Keempatnya memperkosa secara bergantian usai korban dicekoki
minuman keras (miras).

Kapolresta Tangerang, Kombes Zain Dwi Nugroho mengatakan korban berinisial S.
Menurutnya, S baru mengetahui dirinya diperkosa, empat bulan setelah kejadian.

""Selang empat bulan kemudian korban merasakan ada perubahan pada bagian perut
dan bentuk pinggul yang ukurannya membesar. Korban kemudian melakukan tes
kehamilan dan hasilnya positif. Selanjutnya orang tua korban langsung
melaporkan kejadian ke Polsek Mauk,"" ujar Zain dari keterangan yang diterima,
Selasa (5/4/2022).

Kemudian, polisi menangkap dua pelaku berinisial AS dan MM. Keduanya mengakui
telah memperkosa korban.

""Tersangka AS dan MM sudah kami tangkap atas kasus pemerkosaan terhadap anak
di bawah umur. Dua tersangka lain yakni R dan A sedang kami kejar dan sudah
jadi DPO,"" kata Zain.

##

## Kronologi

Pemerkosaan itu terjadi di rumah tersangka berinisial MM pada Sabtu
(21/8/2021). Mulanya, korban bersama temannya yang juga seorang perempuan,
dijemput tersangka R (DPO). Oleh tersangka R, korban dibawa ke rumah tersangka
MM.

Saat berada di rumah tersangka MM, korban dipaksa menenggak miras. Meski
sempat menolak, korban terpaksa minum karena diancam oleh para tersangka.

""Para tersangka yang total berjumlah 4 orang mencekoki korban dengan minuman
beralkohol. Setelah korban tak sadarkan diri, para tersangka kemudian
memperkosa korban,"" ucap Zain.

""Korban tak sadarkan diri. Pagi harinya saat terbangun korban merasakan sakit
di bagian alat vitalnya,"" tuturnya.

Para pelaku telah merencanakan untuk memperkosa korban. Mereka sengaja
mencekoki korban dengan miras.

""Saat ini kedua tersangka masih menjalani pemeriksaan intensif dan kasusnya
masih dikembangkan. Tersangka lainnya masih terus dilakukan pengejaran.
Keduanya dijerat Pasal 81 Jo Pasal 82 UU Perlindungan Anak dengan ancaman 15
tahun penjara,"" jelas Zain.

[Gambas:Video 20detik]

  
  

 ",www.detik.com
"Korban Begal Jadi Tersangka, Polisi Singgung Overmacht, Apa Itu?","Kamis, 14 Apr 2022 00:12 WIB","\-

Korban begal MR alias Amaq Santi (34) yang dijadikan tersangka karena membunuh
pelaku begal, telah di tahan di Mapolres Lombok Tengah.

Dia ditahan bersama dua orang tersangka begal lainnya yakni OWP (21) dan PN
(30).

Lalu bagaimana dengan status hukum Amaq Santi setelah ditahan oleh polisi?
Kabid Humas Polda NTB, Kombes Artanto memberikan penjelasan.

  

Menurut Artanto, penetapan tersangka MR alias Amaq Santi statusnya harus
diperjelas dengan cara penyelidikan dan penyidikan lebih mendalam dari pihak
Kepolisian.

Dimana yang bersangkutan melakukan perbuatan luar biasa yang tidak bisa
dihindarkan dan harus dilakukannya.

Dengan begitu, masyarakat bisa memahami proses verbal atau proses hukum dan
yang menentukan status bersalah atau tidak bersalahnya Amaq Santi karena
membela diri atau overmacth itu adalah hakim di Pengadilan.

Bagaimana hakim bisa menentukan, tentunya harus melalui proses peradilan agar
bisa diputuskan dan ditetapkan status dari Amaq Santi.

""Kalau orang jadi tersangka belum tentu menjadi terpidana,"" jelas Artanto
dalam keterangannya, Rabu (13/4/2022).

Artanto menjelaskan, status tersangka terhadap seseorang belum tentu dia
bersalah.

Oleh karena itu, kepolisian membantu menentukan statusnya Amaq Santi dengan
proses verbal atau peradilan.

""Dan hari ini juga kita bantu yang bersangkutan juga untuk proses penangguhan
penahanan. Pengacara dan keluarga Amaq Sinta sudah mengajukan penangguhan
penahanan,"" kata Artanto.

Lebih jauh Artanto menjelaskan, Amaq Santi yang melawan pelaku begal karena
membela diri hingga membuat pembegal meninggal dunia.

Tindakan tersebut dijelaskan di KUHP adalah overmacht, yakni melakukan upaya
kegiatan luar biasa yang tidak bisa dihindarkan oleh yang bersangkutan.

""Nanti hakim yang akan menentukan apakah yang bersangkutan ini statusnya
bersalah atau tidak. Jadi bukan polisi. Tapi polisi harus menyiapkan berkas
yang real dan jelas. Polisi juga akan berkoordinasi dengan CJS (Criminal
Justice System) sebagai bagian proses terhadap Amaq Sinta,"" jelasnya.

Hal yang sama juga ditegaskan oleh Dirkrimum Polda NTB, Kombes Hari Brata.
Meski membunuh, perbuatan Amaq Santi masuk dalam pasal overmacht.

""Walupun dia membunuh tapi dia membela diri dan pasal overmacth nya tetap
dimasukkan dalam pemberkasan karena dia melakukan pembelaan diri. Penyidikan
tetap dilakukan sampai nanti hakim yang menentukan dalam peradilan,"" tegas
Hari Brata.

Ditegaskannya lagi, Amaq Santi memang sudah ditahan, akan tetapi akan
ditangguhkan jika ada keluarganya yang bersedia menjadi jaminan.

""Tersangka korban begal sudah ditahan, tapi nanti itu akan kita tangguhkan
sampai ada misalkan keluarganya yang menjamin,"" tuturnya.

  
  
  
[Gambas:Video 20detik]  

 ",www.detik.com
"Pembobolan Toko Aksesori HP di Bogor, Pelaku ke TKP Bawa Mobil","Senin, 30 Mei  2022 20:44 WIB","\-

Polisi melakukan olah tempat kejadian perkara (TKP) pembobolan toko aksesori
_handphone_ di Jl Raya Narogong, Kecamatan Klapanunggal, Kabupaten Bogor.
Menurut informasi yang didapat, pelaku membawa mobil dalam melakukan aksinya.

""Iya bawa mobil informasi sementara yang kita dapat,"" kata Kapolsek
Klapanunggal AKP Azi Lesmana saat dihubungi, Senin (30/5/2022).

Polisi juga menemukan linggis di sekitar TKP yang diduga milik pelaku. Polisi
masih mengidentifikasi identitas para pelaku.

Pelaku diduga berjumlah sampai tiga orang. Mereka membobol toko melalui pintu
samping.

""Masih kita lakukan penyelidikan mendalam. Pelaku kurang lebih dua sampai tiga
orang, masuk melalui pintu samping,"" ujarnya.

Diberitakan sebelumnya, beredar video pembobolan toko aksesori handphone di Jl
Raya Narogong, Kecamatan Klapanunggal, Kabupaten Bogor. Pelaku disebut
menggasak _voucher_ paket data dan sejumlah aksesori _handphone_.

""Barang yang hilang aksesori HP, stiker-stiker, _voucher_ kuota, perdana,
semuanya habis,"" kata pemilik toko, Suci Lestari, saat dihubungi.

Total kerugian ditaksir mencapai Rp 129 juta. Di antaranya dari aksesori
_handphone_ dan _voucher_ paket data yang dicuri.

""Total kerugian kisaran Rp 129 juta,"" tuturnya.

[Gambas:Video 20detik]

  
  

 ",www.detik.com
Aksi Pencurian Motor di Probolinggo Terekam CCTV,"Rabu, 22 Des 2021 23:31 WIB","\- Motor milik warga Desa Jangur, Sumberasih, Probolinggo, hilang dicuri. Aksi
pencurian itu terekam kamera CCTV di rumah korban.

Korban adalah pasutri Ratno Suwito (33) dan Dian Anis (33). Motor yang dicuri
adalah Honda Supra X125 CC hitam Nopol L 6182 GZ .

Dalam rekaman CCTV itu terlihat sebelum melancarkan aksinya, pelaku seorang
diri terlebih dahulu lalu-lalang berjalan kaki di permukiman itu untuk
memantau situasi.

Pelaku mengenakan jas hujan karena waktu itu Senin (20/12), sekira pukul 02.00
WIB wilayah Probolinggo diguyur hujan cukup deras.

Usai menyusuri area perumahan, langkah kaki pelaku terhenti di rumah Ratno dan
Dian. Pelaku kemudian merusak gembok rumah dan masuk ke halaman. Pelaku
kemudian berupaya merusak rumah kunci motor dengan kunci T. Motor milik korban
terkunci setir ke arah kanan.

""Saat itu semuanya tengah tertidur pulas, karena suara air hujan yang begitu
keras. Tidak terdengar suara apapun ketika pelaku merusak gembok dan rumah
kunci motor,"" ujar Anis kepada detikcom, Rabu (22/12/2021).

Pelaku dapat menggondol motor korban dalam waktu yang amat singkat, sekitar 1
menit. Pelaku kabur ke arah Barat sambil mendorong motor korban.

""Kami baru mengetahui motor dicuri pada pukul 05.00 WIB. Pagar sudah terbuka
sejengkal tangan. Kunci pagar juga hilang. Setengah jam berselang, kami
melaporkan kejadian ini Polsek Sumberasih,"" tambah Anis

Berdasar informasi, pelaku juga sempat mencoba mencuri motor milik tetangga
Dian yang terparkir di halaman. Namun, pelaku gagal merusak rumah kunci motor.

 ",www.detik.com
"Bohong THR Raib Dibegal, Petugas PPSU di Jakpus Minta Maaf","Kamis, 28 Apr 2022 22:34 WIB","\-

Petugas Penanganan Prasarana dan Sarana Umum (PPSU), Ray Prama Abdullah (28),
berbohong telah menjadi korban begal di Sawah Besar, Jakarta Pusat. Dia
mengaku telah membuat laporan palsu.

""Saya Ray Prama Abdullah, saya ingin klarifikasi terkait laporan yang saya
buat bahwa laporan tersebut tidak benar adanya dan laporan kejadian tersebut
seperti begal itu tidak ada,"" kata Ray kepada wartawan, Kamis (28/4/2022).

Dalam pengakuannya, dia menyebut uang THR tersebut untuk digunakan bermain
judi _online_. Ray mengaku takut dimarahi oleh istrinya jika berkata jujur.

""Untuk uang yang saya ambil itu senilai Rp 200 ribu di ATM, dan sisa dari uang
gaji atau THR saya itu saya pakai untuk judi _online_. Karena khawatir istri
saya marah, makanya saya berbuat atau mengambil alasan saya dibegal,"" katanya.

Ray menyampaikan permohonan maaf terkait laporan palsu yang dibuatnya. Dia
juga berterima kasih atas bantuan yang diberikan oleh pihak kepolisian.

""Dan untuk Bapak Kapolsek saya meminta maaf yang sebesar-besarnya dan
berterima kasih atas santunan yang diberikan kepada saya,"" katanya.

###

### Ngaku Jadi Korban Begal

Sebelumnya, Ray mengaku menjadi korban begal di depan RS Husada, Sawah Besar,
Jakarta Pusat. Dia mengaku dibegal setelah mengambil uang THR.

Peristiwa itu disebut terjadi pada Rabu (27/4), sekitar pukul 05.00 WIB.
Kejadian, katanya, berawal ketika korban baru saja mengambil uang THR di ATM.

""Dari keterangan yang bersangkutan sih informasinya dibegal, jadi subuh-subuh
kan baru cair THR. Yang bersangkutan ini ambil ke ATM,"" kata Lurah Mangga Dua
Selatan, Agata Bayu Putra, saat dihubungi, Rabu (27/4).

Menurutnya, Ray mengaku tidak sadar telah diikuti oleh pelaku. Ketika sampai
di zona penyapuan, katanya, Ray langsung disergap oleh 10 orang.

Akibat kejadian tersebut, Ray disebut mengalami kerugian Rp 4,4 juta. Selain
itu, dia disebut mengalami luka-luka di pinggang, leher, dan pipi.

 ",www.detik.com
Kisruh AKP DK Laporkan Kasus Pencurian hingga Mertua Mengadu ke Propam,"Kamis, 26 Mei  2022 11:31 WIB","\-

Seorang perwira Polda Metro Jaya AKP DK melaporkan mertua dan adik iparnya ke
Polda Metro Jaya karena diduga melakukan pencurian. Tak terima, sang mertua,
Nurmila Sangadji, dan adik iparnya, Claudia Senduk, melaporkan masalah itu ke
Divisi Propam Polri.

AKP DK diketahui kini bertugas di jajaran Direktorat Reserse Narkoba Polda
Metro Jaya. Nurmila mendatangi Propam pada Rabu (25/5/2022), ditemani kuasa
hukumnya, Jay Tambunan.

Jay mengatakan kliennya merasa dikriminalisasi hingga meminta bantuan Propam
Polri. Adapun yang dilaporkan adalah tiga orang penyidik di bagian Subdit
Jatanras di Direktorat Kriminal Umum Polda Metro Jaya.

Nurmila dan Claudia diketahui tinggal bersama di rumah AKP DK, yang merupakan
suami Iptu CS. Diketahui, Iptu CS meninggal pada Desember 2021.

""Aneh bagi kita, seorang menantu tinggal bersama ibu mertua dan adik iparnya.
Begitu diusir dari rumah itu, lalu kemudian dilaporkan sebagai pencurian
pemberatan,"" kata Jay di Mabes Polri, Jakarta Selatan, Rabu (25/5).

Jay berpandangan penyidik Polda Metro Jaya tidak profesional dalam menangani
laporan yang dilayangkan AKP DK. Dia menduga ada keberpihakan kepada AKP DK.

Lalu, Jay menyebut kedua kliennya diusir dari rumah AKP DK setelah Iptu CS
meninggal dunia. Dia mengatakan kedua kliennya dituduh mencuri saat hendak
keluar dari rumah tersebut. Aduan Nurmila Sangadji tercatat dengan nomor:
SPSP2/2965/V/2022/Bagyanduan tanggal 25 Mei 2022.

### AKP DK buka suara

AKP DK buka suara terkait laporan dirinya terhadap mertuanya, Nurmila
Sangadji, atas dugaan pencurian. AKP DK melalui kuasa hukumnya, Nefton Alfares
Kapitan, menjelaskan alasan melaporkan Nurmila dan adik iparnya, Claudia, atas
dugaan pencurian barang-barang milik almarhum istri, Iptu CS, yang juga anak
Nurmila.

""Setelah 40 hari meninggalnya almarhumah istri DK, tanggal 23 Januari 2022
telah disepakati bahwa mertua dan adik ipar meninggalkan rumah dengan baik-
baik, sementara selanjutnya yang tinggal di rumah dan merawat anak-anak DK
adalah orang tua kandung DK,"" ujar kuasa hukum DK, Nefton Alfares Kapitan,
dari kantor hukum RAKA, dalam keterangan kepada , Rabu (25/5).

Kemudian, pada 24 Januari 2022, setelah DK pergi ke kantor, mertua dan adik
ipar tanpa izin masuk ke kamar pribadi DK dan mengambil barang-barang milik
almarhumah tanpa izinnya. Barang-barang yang diambil antara lain perhiasan,
sepatu, pakaian, peralatan mandi, parfum, dll.

""Setelah itu, mertua dan adik ipar pergi meninggalkan rumah, itu pun dengan
baik-baik dan dibekali makanan oleh orang tua kandung DK,"" ujarnya.

Tiga hari kemudian, setelah DK pulang ke rumah dan hendak mandi, ia mendapati
peralatan di kamar mandi sudah tidak di tempatnya.

""Saat DK akan membersihkan diri/mandi, ternyata sabun mandi tidak ada, _hand
body_ yang biasa digunakan juga tidak ada,"" imbuhnya.

DK lalu memeriksa lemari pakaiannya. Betapa kagetnya ia ketika mendapati
pakaian almarhumah istri, perhiasan, sepatu, parfum dan lain-lain sudah tidak
ada.

""Barang-barang pribadi milik almarhumah ini, menurut DK, memiliki nilai
sejarah dengan almarhumah istri. Itu DK yang membelikan untuk almarhumah
istri,"" lanjutnya.

Setelah tahu barang milik almarhumah sang istri lenyap, dia sempat menanyakan
kepada Nurmila dan Claudia, namun tak ada jawaban. Akhirnya DK melapor ke
Polda ketika dirinya malah mendapatkan somasi dari pihak _lawyer_ Claudia.

 _Simak di halaman selanjutnya.._

[Gambas:Video 20detik]

  
  

Selanjutnya __

Halaman

1  2  3

 ",www.detik.com
Perampok Nasabah Bank Bermodus Kempiskan Ban Mobil di Probolinggo Tertangkap,"Rabu, 11 Mei  2022 23:25 WIB","\-

Pencuri spesialis nasabah bank dengan modus mengempiskan ban mobil di Kota
Probolinggo tertangkap. Seorang pelaku pencurian itu tertangkap, 1 pelaku
lainnya masih diburu.

Polisi menangkap pelaku setelah melakukan identifikasi rekaman CCTV di bank
tempat kejadian pencurian yang terjadi pada Senin 21 November 2021 lalu.

Saat itu pelaku beraksi telah membuntuti korban bernama Marginingsih (43)
warga Kanigaran yang mengambil uang Rp 90 juta dari sebuah bank.

""Modusnya, pelaku memasangi paku di salah satu ban mobil korban. Saat ban
mobil kempis, korban turun dari mobil. Pada saat itu pelaku dengan cepat
mengambil tas korban berisi uang, lalu kabur,"" ujar Kapolres Probolinggo Kota
AKBP Wadi Sa'bani, Rabu (11/5/2022).

Dari rekaman CCTV itulah Satreskrim berhasil mengidentifikasi pelaku dan
menangkap 1 dari 2 pelaku yakni Ahmad Nuril Fauzi (47) di rumahnya, di Desa
Plumbungan, Sukodono, Sidoarjo.

Selain mengamankan pelaku, petugas juga berhasil mengamankan barang bukti
motor Honda GTR yang dipakai kedua pelaku saat beraksi. Juga sebuah jaket dan
helm yang di gunakan pelaku.

""Untuk 1 pelaku lainnya yang juga turut melakukan aksi pencurian masih dalam
pengejaran. Atas perbuatannya pelaku kami jerat dengan pasal 363 KUHP junto
pasal 55, dan pasal 56 KUHP. Ancamannya 7 tahun penjara,"" kata Wadi.

  
  
  
[Gambas:Video 20detik]  

 ",www.detik.com
"Wanita Sukabumi Dirampok-Dibunuh, Otak Pelakunya Adik Sendiri","Jumat, 08 Apr 2022 21:00 WIB","\-

Kokom (52) warga Kampung Pasirjaha, Desa Mekarjaya, Kecamatan Jampangkulon,
Kabupaten Sukabumi tewas. Sejumlah harta benda korban hilang.

Awalnya, kasus tersebut diduga perampokan atau pencurian dengan kekerasan.
Namun polisi yang jeli dalam melakukan penyelidikan, menemukan motif lain di
balik kasus tersebut.

Kasus itu terjadi saat korban sendirian di rumahnya pada Selasa 22 Februari
2022, silam. Korban mengalami sejumlah luka serius di sekujur tubuhnya. Korban
sempat mendapat penanganan medis di rumah sakit. Namun korban saat itu memilih
pulang sampai akhirnya meninggal dunia pada Minggu 27 Maret 2022 sekitar pukul
17.00 WIB.

  

""Korban mengalami luka sobek pada telapak tangan akibat sayatan golok, luka
pada pipi sebelah kanan, kemudian luka memar pada bagian bawah mata. Pelaku
kita tangkap pada Rabu, 30 Maret 2022. Ada dua orang, inisial IB alias
Komarudin dan J alias Jalu. IB adalah adik kandung korban,"" kata Kanit Reskrim
Polsek Jampang Kulon, Bripka Riky Rosandi kepada , Jumat (8/4/2022).

Riky mengatakan, pihaknya dibantu personel Opsnal Satreskrim Polres Sukabumi
dalam mengungkap kasus tersebut. Hasilnya diketahui adik korban yang menyuruh
tiga pelaku (2 berstatus DPO) melakukan aksi perampokan tersebut.

""Peran adiknya menyuruh dan memberikan gambaran kepada para pelaku lainya
terkait situasi rumah koban dan harta yang dimiliki korban. Setelah mendapat
informasi itu para tersangka melakukan aksinya dengan cara mencungkil jendela
bagian belakang rumah atau di bagian dapur,"" jelasnya.

""Kemudian mereka masuk ke dalam rumah. Saat itu pelaku langsung mencekik dan
memukul, serta menendang korban,"" tutur Riky.

Tidak sampai disitu, pelaku lainnya berusaha membacok leher korban. Namun
korban menangkis dengan telapak tangan kiri. Sehingga tangan korban mengalami
luka robek.

""Mereka kemidian mengambil barang berupa emas seberat 30 gram berbagai jenis
dan uang tunai sebesar Rp 11 juta,"" ungkap Riky.

Kasus itu lengkap terungkap setelah polisi mengamankan pelaku IB, adik kandung
korban. Dari keterangan tersangka IB itulah akhirnya terungkap nama pelaku
lainnya yang terlibat dalam kejadian tersebut.

""Unit reskrim Polsek Tegalbuleud dan Unit Opsnal (Buser Sat Reskrim Polres
Sukabumi ) mengejar dan kemudian menangkap 1 orang yang diduga pelaku inisial
IB. Selanjutnya hasil dari keterangan IB muncul beberapa orang pelaku lainnya.
Lalu kemudian dilakukan pengejaran dan penangkapan terhadap diduga pelaku J,
saat ini para pelaku masih menjalani pemeriksaan mendalam,"" pungkas Riky.

 ",www.detik.com
"Ngaku Pemain Ondel-ondel, Joki Curanmor Babak Belur Dihajar Massa","Rabu, 18 Mei  2022 13:59 WIB","\-

Sebuah video berdurasi 30 detik beredar di aplikasi perpesanan, ada adegan
kekerasan terlihat dalam video tersebut. Seorang pria terlihat bercucuran
darah diduga dihakimi massa, pria itu juga terlihat meminta ampun dan
menjelaskan asal tinggalnya. Belakangan diketahui pria itu adalah pelaku
pencurian bermotor.

""Saya dari Parungkuda pak, saya pemain ondel-ondel pak,"" teriak pria dalam
video, kalimatnya terpotong saat tiba-tiba dari arah samping perekam video
muncul warga yang langsung menghajar pelaku, tidak sampai di situ warga
tersebut juga melepas helm dan lagi-lagi menghantamkan helmnya ke pria
tersebut.

""Saya bukan maling pak, saya enggak tahu,"" bantah pria bercucuran darah
tersebut seperti dilihat Rabu (18/5/2022).

  

Masih dalam video, dari arah warga terdengar celetukan, ""kalau maling ngaku
penjara penuh _atuh,""_ teriak warga tersebut.

Penelusuran peristiwa itu terjadi di wilayah Kecamatan Nagrak, Kabupaten
Sukabumi pada Selasa (17/5). Informasi diperoleh petugas kepolisian dari
Sektor Nagrak mendatangi lokasi tidak lama setelah kejadian tersebut dan
langsung mengamankan pria tersebut.

Polisi juga menggelar penyelidikan hingga akhirnya terungkap, pria itu adalah
komplotan pencuri motor yang baru beraksi di kawasan tersebut.

""Terduga pelaku yang berperan sebagai joki, sempat dihakimi massa,. Jadi saat
kejadian (usai beraksi) dikejar warga, saat itu eksekutor atau pemetik motor
ada namun posisinya tidak terlihat warga. Jadi dia yang kemudian tertangkap,
saat itu juga dia diamankan petugas patroli Polsek Nagrak dan Cibadak ke
polsek,"" kata Kapolsek Nagrak, Resor Sukabumi AKP Deden Sulaeman, Rabu
(18/5/2022).

""Hasil pemeriksaan unit reskrim, terduga pelaku baru melakukan pencurian motor
di wilayah Nagrak baru satu kali, dia juga pernah melakukan (aksi serupa) di
Cibadak sebulan lalu,"" ujar Deden melanjutkan.

Untuk tempat kejadian pencurian, pelaku inisial AG itu beraksi di salah satu
tempat rekreasi pemancingan di Kampung Babakan, Desa Babakan Panjang,
Kecamatan Nagrak. Ia beraksi bersama temannya inisial A, targetnya sebuah
motor metik yang terparkir.

Nahas saat itu korban mendengar ada suara motor terjatuh, ia bergegas
memeriksa motornya di parkiran dan ternyata sudah raib. Bersama warga ia
kemudian melakukan pengejaran di sekitar kawasan Nagrak.

""Kedua pelaku dikejar karena melarikan diri menggunakan sepeda motor, jadi
pelaku eksekutor datang ke lokasi membonceng motor jenis Suzuki Satria.
Eksekutor beraksi dan membawa motor korban, sampai akhirnya joki terjatuh dan
dihakimi warga sementara eksekutor menghilang,"" jelas Deden.

### Motor Korban Ditemukan

Usai pelaku joki ditangkap, petugas kemudian melakukan patroli, sampai
kemudian motor curian akhirnya ditemukan terparkir di area Pasar Parungkuda.
Setelah dicek, ternyata memang motor tersebut milik korban di TKP Parungkuda.

""Malam harinya kita melakukan pencarian motor korban dan teman dari si pelaku.
Esok harinya kita menemukan sepeda motor di Pasar Parungkuda, ternyata betul
itu memang motor yang dicuri oleh teman pelaku yang kita amankan. Untuk pelaku
yang kita amankan inisial AG masih kita periksa, domisili pelaku, warga
Palembang, tinggal di Leuwi Orok Parungkuda sebelumnya di Depok,"" kata Deden.

Pelaku diancam dengan pasal 363 KUHP tentang pencurian dengan pemberatan ayat
4e dan 5e karena aksi itu dilakukan oleh 2 orang atau lebih. Ancaman hukuman
yang dikenakan 9 tahun penjara.

 ",www.detik.com
Pemandu Lagu di Surabaya Ngaku Diperkosa Oknum Satpol PP,"Selasa, 29 Mar 2022 13:05 WIB","\-

Seorang pemandu lagu di Surabaya mengaku diperkosa oknum Satpol PP. Ia sudah
melaporkan kasus pemerkosaan itu ke polisi.

Mawar (bukan nama sebenarnya), merupakan wanita pemandu karaoke di kawasan
Rungkut. Ia melapor ke Polrestabes Surabaya pada Minggu (27/3/2022).

Dalam keterangannya, Mawar mengaku menjadi korban pemerkosaan yang dilakukan
oknum Satpol PP Kota Surabaya. Laporan tersebut bernomor
LP/B/439/III/2022/SPKT/Polrestabes.SBY.

Perihal laporan Mawar dibenarkan Kasat Reskrim Polrestabes Surabaya AKBP
Mirzal Maulana. Terkait laporan tersebut, Mawar sudah menjalani visum di RSUD
dr Soewandhie.

""Iya (laporan sudah diterima),"" kata Mirzal saat dikonfirmasi detikJatim,
Selasa (29/3/2022).

  
  
  
[Gambas:Video 20detik]  

 ",www.detik.com
Kakak Ungkap Kondisi Dini Nurdiani Usai Ditemukan Tewas Dibunuh,"Sabtu, 14 Mei  2022 14:31 WIB","\-

Seorang wanita asal Cengkareng, Jakarta Barat (Jakbar), bernama Dini Nurdiani
(26) ditemukan tewas setelah menghilang sejak bulan puasa lalu. Dini tewas
dibunuh seorang perempuan.

Kakak Dini, Riyan, bercerita mendapat kabar Dini tewas pada 29 April 2022 atau
tiga hari setelah 'menghilang' pada 26 April 2022.

""Tanggal 29 April terus dapat kabar (Dini tewas),"" kata Riyan saat dihubungi,
Sabtu (14/5/2022).

Jenazah Dini saat itu dibawa ke Rumah Sakit Polri, Kramat Jati, Jakarta Timur.
Pada Jumat (13/5) kemarin, Riyan mendatangi rumah sakit tersebut.

""Saya sama om saya ke rumah sakit, _cocokin_ data-data semua, data korban,""
terang Riyan.

Riyan mengaku tidak bisa melihat jenazah adiknya. Dirinya saat ini sedang
mengurus sejumlah dokumen guna membawa pulang jenazah Dini dari rumah sakit.

""Saya juga nggak sempat _ngelihat_ almarhum adik saya. Cuma dari polisi
_ngasih_ pakaian, perhiasan, sepatu, yang tersisalah,"" ucapnya.

""Saya di Polsek Cengkareng juga lagi _ngurusin_ berkas pengambilan jenazah,""
imbuhnya.

### Kakak Tak Tahu Sosok Pembunuh Dini

Lebih lanjut Riyan mengungkapkan tidak mengetahui siapa sosok pelaku
pembunuhan adiknya itu. Dia menyerahkan persoalan tersebut ke pihak
kepolisian.

""Kalau masalah pembunuhnya, kita juga belum dikasih tahu,"" tuturnya.

Dini ditemukan tewas dengan luka tusukan di tanah kosong area perumahan di
Bekasi. Polisi menyebut Dini tewas dibunuh.

[Gambas:Video 20detik]

  
  

 ",www.detik.com
Hukuman Mati Abah di Sukabumi Diharapkan Berefek Ganda,"Rabu, 27 Apr 2022 14:28 WIB","\-

Hendi alias Abah Gendi, pria lanjut usia (lansia) di Kabupaten Sukabumi, bikin
geger setelah terkuak memperkosa 10 anak. Ia divonis hukuman mati di
Pengadilan Tinggi (PT) Bandung.

Kepala Unit Pelaksana Teknis Dinas (UPTD) Perlindungan Perempuan Anak (PPA)
Dinas Pemberdayaan Perempuan Perlindungan Anak dan Keluarga Berencana (DP3AKB)
Jabar Anjar Yusdinar mengaku menghargai vonis pengadilan terhadap kasus
tersebut.

Anjar berharap vonis mati terhadap lansia Sukabumi itu bisa memberikan efek
jera bagi pelaku. Selain itu, publik juga diharapkan bisa mengambil pelajaran
dari kasus tersebut dan mencegah agar tidak terjadi lagi kasus serupa.

  

""Semoga dengan vonis yang diputuskan pihak pengadilan tinggi dapat memberikan
efek jera, dan pembelajaran kepada masyarakat,"" kata Anjar kepada , Rabu
(27/4/202).

UPTD PPA menyerahkan sepenuhnya penanganan hukum kepada pihak berwenang. Anjar
mengaku pihaknya menghargai setiap proses hukum yang berjalan, baik itu waktu
di PN maupun PT Bandung.

""Kami percaya putusan tersebut merupakan putusan yang seadil-adilnya,"" ungkap
Anjar.

Anjar menambahkan, korban kasus pemerkosaan lansia Sukabumi itu sudah
ditangani oleh dinas terkait setempat. ""Proses penanganan korban di Sukabumi,""
ucapnya.

Sebelumnya, hukuman mati dijatuhkan hakim tinggi pada Pengadilan Tinggi (PT)
Bandung dalam sidang yang digelar pada Selasa (26/4/2022). Dalam sidang
tersebut, majelis hakim yang diketuai oleh Yuli Heryati itu menganulir putusan
15 tahun penjara yang sebelumnya diketok hakim Pengadilan Negeri (PN) Cibadak
Sukabumi.

""Menjatuhkan pidana kepada terdakwa oleh karena itu dengan pidana mati,"" ucap
hakim sebagaimana kutipan amar putusan yang diterima detikJabar.

  
  
  
[Gambas:Video 20detik]  

 ",www.detik.com
"Viral Begal di Karangbahagia Bekasi, Polisi Intensifkan Patroli","Sabtu, 04 Jun 2022 11:31 WIB","\-

Video memperlihatkan seorang pria mengaku akan dibegal viral di media sosial.
Kejadian tersebut diduga terjadi di salah satu perumahan di daerah
Karangbahagia, Kabupaten Bekasi, Jawa Barat (Jabar).

Dalam video yang dilihat detikcom, pria tersebut mengaku sempat akan menjadi
korban begal di dekat perumahannya. Pria tersebut memperlihatkan jaketnya
robek terkena senjata tajam.

""Saya kebegal hampir aja dua motor, deket perumahan saya di Desa Karang
Sentosa, pelaku enam orang, saya robek terkena celurit,"" ujar pria perekam
video tersebut.

Kapolsek Cikarang Utara, Kompol Mustakim membenarkan kejadian tersebut.
Menurutnya korban belum melaporkan kejadian tersebut.

""Monitor sudah, tapi belum ada laporan polisinya,"" ucap Mustakim ketika
dimintai konfirmasi oleh detikcom pada Sabtu (4/6/2022).

Mustakim menjelaskan pihaknya mengetahui kejadian tersebut dari media sosial.
Atas kejadian tersebut pihaknya akan meningkatkan patroli.

""Korbannya siapa juga belum tahu hanya dia kirim via medsos, patroli
diintensifkan,"" ujarnya.

[Gambas:Video 20detik]

  
  

 ",www.detik.com
"Polisi Gelar Razia Kendaraan Malam Hari di Denpasar, Ada Apa?","Selasa, 26 Apr 2022 17:00 WIB","\-

Kepolisian Sektor Denpasar Timur menggelar razia pada malam hari, Senin
(25/4/2022). Razia kendaraan bermotor itu digelar di seputar Jl. WR Supratman
Denpasar. Ada Apa?

Ternyata razia digelar terkait jelang Lebaran. Menjelang Hari Raya Idul Fitri,
kepolisian makin memperketat pengamanan wilayah. Salah satu yang diantisipasi
adalah adanya pencurian kendaraan bermotor. Sebagai langkah antisipasi
maraknya pencurian kendaraan bermotor, Polsek Denpasar Timur mengelar operasi
di jalan raya.

Personil gabungan dikerahkan untuk melakukan razia kendaraan yang melintas di
kawasan Denpasar Timur. Sasarannya yakni pengendara sepeda motor maupun mobil.
Operasi dilaksanakan dalam rangka kegiatan rutin yang ditingkatkan (KYRD),
salah satu program kepolisian guna mencegah gangguan kamtibmas seperti
kejahatan jalanan.

  

Kapolsek Denpasar Timur Kompol Nengah Sudiarta, dalam pernyataannya kepada
detikBali menyebut, operasi tak hanya digelar pada malam hari. Operasi serupa
juga digelar di siang hari, dengan memeriksa surat kendaraan dan barang bawaan
pengendara.

""Kegiatan razia ini akan terus digelar untuk membatasi ruang gerak pelaku
kejahatan dan memastikan situasi keamanan dan ketertiban masyarakat selalu
terjaga menjelang Lebaran,"" ungkap Kompol Nengah Sudiarta usai menggelar razia
di Jalan WR. Supratman Denpasar, Senin malam (25/4/2022).

Pada razia tersebut, puluhan kendaraan diperiksa petugas. Sebanyak 10
pengendara diberikan teguran simpatik karena tidak membawa kelengkapan saat
berkendara. Tidak ditemukan kendaraan bermotor yang dicurigai sebagai hasil
kejahatan.

  
  
  
[Gambas:Video 20detik]  

 ",www.detik.com
"Viral Pencuri Sepeda Motor Diamuk Massa, Ternyata 'Pemain Lama'","Senin, 28 Feb 2022 23:40 WIB","\-

Seorang pria tertangkap basah saat hendak melakukan aksi pencurian sepeda
motor yang terparkir di sebuah toko di Jalan Raya Tagog, Padalarang, Kabupaten
Bandung Barat (KBB).

Alhasil, pria warga Cidaun, Cianjur itu diamuk massa hingga babak belur.
Beruntung ia masih terselamatkan setelah pihak kepolisian datang ke lokasi
kejadian. Ia kemudian digelandang ke Polsek Padalarang.

Video penangkapan pria tersebut viral di media sosial. Dari penelusuran,
peristiwa itu terjadi pada Minggu (27/2/2022) sore.

  

""Betul, kejadiannya itu kemarin dan saat ini pelakunya sudah kita amankan,""
ungkap Kapolsek Padalarang Kompol Darwan saat dihubungi detikJabar, Senin
(28/2/2022).

Darwan menyebut pihaknya saat ini masih melakukan pengembangan terkait aksi
pencurian tersebut. Pihaknya sudah mengumpulkan keterangan saksi yang
memergoki pelaku saat hendak membongkar kontak sepeda motor milik korban.

""Kita terus melakukan pengembangan dan pemeriksaan. Kita geledah juga pelaku,
dan kita temukan astag serta beberapa kunci letter T,"" ucap Darwan.

Dari hasil pemeriksaan terhadap yang bersangkutan, ternyata diketahui ada
beberapa titik Tempat Kejadian Perkara (TKP) lainnya yang melibatkan pelaku.

""Sudah ada beberapa titik TKP-nya. Saat ini sedang dikembangkan ke tempat lain
untuk bisa ungkap juga,"" tutur Darwan.

  
  
  
[Gambas:Video 20detik]  

 ",www.detik.com
"Aksi Sadis Perampok di Tangerang, Perkosa Korban hingga Nyaris Hilang Nyawa","Rabu, 26 Jan 2022 12:06 WIB","\-

Wanita berusia 24 tahun selamat dari upaya pembunuhan dua pria jahat di
Balaraja, Kabupaten Tangerang. Korban dibuang ke sungai setelah dirampok,
dianiaya, hingga diperkosa.

Peristiwa itu terjadi pada Kamis (20/1/2022) dini hari. Dua pelaku yang
ditangkap, yakni IS (22) dan GG (24), adalah sopir dan kernet angkot rute
Serang-Balaraja.

Kapolresta Tangerang Kombes Zain Dwi Nugroho mengatakan kedua pelaku membuang
korban ke Sungai Ciujung dengan tujuan menghilangkan nyawanya. Dengan begitu,
jejak mereka tidak diketahui.

""Untuk menghilangkan jejak, para pelaku berusaha untuk membunuh korban dengan
cara dicekik, dipukul menggunakan ban serep mobil dan bangku kernet mobil,""
ujar Zain, Rabu (26/1).

##

## Dua Pelaku Residivis

Perampokan ini diotaki oleh sopir angkot berinisial IS (22). IS merupakan
residivis.

""Kedua pelaku berinisial IS (22) berperan sebagai sopir angkot dan sebagai
otak pencurian, kekerasan dan pemerkosaan ini,"" ujar Kapolresta Tangerang
Kombes Zain Dwi Nugroho kepada wartawan, Rabu (26/1).

IS juga memiliki catatan kriminal. Dia merupakan residivis kasus pencabulan
anak di bawah umur.

""Pelaku kedua berinisial GG (24) sebagai kernet angkot, bertugas sebagai
penganiaya dengan cara menginjak dan memukul korban dengan menggunakan ban
serep terhadap tubuh dan kepala korban,"" katanya.

Sama halnya dengan IS, GG juga adalah residivis kasus pencurian kendaraan
bermotor.

##  
Korban Dianiaya dan Diperkosa

Kejadian bermula saat korban hendak menjenguk orang tuanya. Dia naik angkot
tanpa rasa curiga.

Dalam perjalanan, angkot mampir untuk mengisi bensin di SPBU. Sepulang dari
SPBU, kernet tiba-tiba menutup pintu angkot dan menganiaya korban.

""Korban dipukuli dengan menggunakan benda tumpul, lalu korban tidak lama
pingsan di tempat. Setelah itu, dalam kondisi pingsan, korban oleh pelaku yang
bertugas sebagai sopir diperkosa secara berulang kali. Selain itu, barang-
barang korban pun diambil oleh pelaku,"" beber Zain.

 _Simak di halaman selanjutnya: korban dibuang ke sungai_.

[Gambas:Video 20detik]

  
  

Selanjutnya __

Halaman

1  2

 ",www.detik.com
Sepeda Motor Milik Pewarta Surabaya Raib di Wonocolo,"Selasa, 15 Mar 2022 12:45 WIB","\-

Nasib nahas menimpa jurnalis di Surabaya, Sefri Ilhamsyah. Ia hanya tertunduk
lesu usai mengetahui sepeda motor Honda Vario 125 merah miliknya raib pada
Selasa (15/3/2022) pagi.

Jurnalis salah satu media online di Surabaya itu mengaku, baru mengetahui
motornya raib sekitar pukul 07.00 WIB. Ia memastikan, motor dengan nomor
polisi L 3473 FG itu sudah terkunci dan berada di halaman rumahnya.

""Sudah saya kunci setir, pagar juga sudah saya kunci rapat,"" kata Sefri dengan
lirih kepada , Selasa (15/3/2022).

Sefri menjelaskan peristiwa ini diketahui pertama kali oleh istrinya, Ernawati
(36). Saat itu, sang istri hendak menggunakan sepeda motor tersebut. Erna pun
kaget bukan main saat mendapati motor yang kerap dikendarainya sudah tak
berada di halaman rumahnya yang berlokasi di Jalan Wonocolo gang 3 nomor 26,
Kecamatan Wonocolo, Kota Surabaya.

Meski kesal, Sefri mengaku hanya bisa pasrah. Kini, ia berupaya melaporkan
kejadian tersebut ke Polsek Wonocolo Surabaya.

""Ini mau berangkat laporan kehilangan sama istri,"" ujar mantan reporter salah
satu stasiun televisi di Surabaya itu.

Tak hanya itu, sejak sebulan lalu dirinya sudah mewanti-wanti istrinya untuk
lebih hati-hati. Menurutnya, setiap menjelang Ramadan, selalu saja ada
kejadian kriminal.

Bahkan, ia mengaku tak menyangka bakal menjadi salah satu sasaran para pencuri
sepeda motor. Meski begitu, ia enggan menduga-duga atau mencurigai dan memilih
untuk segera melaporkan kejadian itu ke Polsek Wonocolo.

""Ilang nak ngarep omah, ambekan aku gak apal wong-wong kene (hilang di depan
rumah, lagian saya juga gak hafal dengan orang-orang sini),"" kata Sefri.

Sefri menjelaskan, ia telah mengingatkan kepada istrinya untuk meningkatkan
kewaspadaan, baik saat di rumah mau pun di luar. Namun, peringatan itu seolah
tak mempan dan sia-sia.

""Padahal aku wes ngomong, ate posoan ati-ati nak bojoku, pokoke wes tak wanti-
wanti, eh lah kok malah kebobolan disikan (Padahal saya sudah bilang, mau
puasa hati-hati ke istri saya, eh kok malah kecolongan duluan),"" ujarnya.

Ia mengungkapkan, sepeda motor tersebut bakal digunakan untuk mudik dan
berkendara saat Ramadan bersama keluarganya. Namun, kini hal tersebut hanya
menjadi angan-angan belaka.

Sefri lantas mengimbau kepada masyarakat untuk meningkatkan keamanan di rumah
masing-masing. Pun saat bepergian, supaya mengawasi dan menyimpan barang-
barang berharganya. Supaya, tidak menjadi sasaran kriminalitas di Surabaya.

Sefri juga berharap ada keajaiban. Dia ingin petugas kepolisian dapat segera
menemukan kendaraan kesayangan sang istri tersebut. Sebab, motor ini kerap
digunakan untuk aktivitas keluarga sehari-hari.

Terpisah, Kanit Reskrim Polsek Wonocolo, AKP Ristitanto mengaku baru
mengetahui hal tersebut. Dia mengatakan belum ada laporan masuk hingga saat
ini.

""Belum ada laporan, Mas,"" tuturnya.

Polisi mengaku bakal meningkatkan patroli dan pengawasan. Dia juga mengimbau
warga untuk segera melapor ke polisi terdekat bila mengalami atau menjadi
korban kriminalitas. Supaya, petugas dapat segera menindaklanjutinya di
lokasi.

""Tentu, kami akan patroli dan pengawasan, terutama saat menjelang subuh,""
pungkasnya.

  
  
  
[Gambas:Video 20detik]  

 ",www.detik.com
"Perampok Minimarket Curhat, Sakit Hati Gegara Dipecat","Kamis, 19 Mei  2022 06:11 WIB","\-

Aksi perampokan di sebuah minimarket di Jl Letjen Suprapto, Bungur, Senen,
Jakarta Pusat, viral di media sosial. Pelaku menodongkan senjata tajam dan
mengikat kasir minimarket tersebut.

Peristiwa perampokan itu terjadi pada Rabu (4/5) malam, ketika minimarket
hendak tutup. Pelaku sempat 'curhat' kepada korban dan mengaku sakit hati
lantaran dipecat dari minimarket tempatnya bekerja.

""Saat minimarket mau tutup, mendadak seorang tak dikenal dengan memakai helm
dan bermasker masuk ke dalam toko,"" kata Kapolsek Senen Kompol Ari Susanto
saat dihubungi wartawan, Selasa (17/5/2022).

Polisi menyelidiki kejadian viral itu. Pelaku, seorang pria inisial R
ditangkap polisi setelah dua pekan lebih melarikan diri.

Berikut aksi perampokan di minimarket yang dihimpun :

##  
Staf Minimarket Ditodong dan Diikat Pelaku

Kapolsek Senen Kompol Ari Susanto mengatakan pelaku sempat menodongkan senjata
tajam kepada kasir. Pelaku kemudian mengikatnya agar tidak melakukan
perlawanan.

""(Korban) diikat, nggak luka,"" ucap Kompol Ari, saat dihubungi, Selasa (15/4).

##  
Pelaku Merampok saat Minimarket Hendak Tutup

Ari menjelaskan pelaku melakukan perampokan pada malam hari, ketika toko
hendak tutup. Pelaku tiba-tiba datang dan menodongkan senjata tajam kepada
saksi korban.

""Saat minimarket mau tutup, mendadak seorang tak dikenal dengan memakai helm
dan bermasker masuk ke dalam toko,"" kata Ari.

Kemudian, pelaku tersebut langsung menutup rolling door dan menodongkan
senjata tajam pisau. Ari mengatakan pelaku meminta uang yang ada di dalam
brankas.

[Gambas:Video 20detik]

 _Baca di halaman selanjutnya: pelaku kabur bawa duit puluhan juta._

Selanjutnya __

Halaman

1  2  3

 ",www.detik.com
"Bermodal Piring, Warga Probolinggo Berhasil Gagalkan Teror Pencurian","Minggu, 24 Okt 2021 14:40 WIB","\- Teror pencurian motor menghantui warga di sejumlah desa di Kecamatan
Sumberasih, Probolinggo. Bayangkan, dalam semalam ada 9 rumah yang disatroni
pencuri.

Namun pelaku hanya berhasil membawa kabur sebuah motor matik. Pelaku hanya
menyatroni motor matik. Motor sport dan motor bebek tidak jadi sasaran
pencurian.

Warga pun ketakutan saat pelaku mendatangi dan masuk rumah dengan cara
mencongkel serta merusak kunci pintu. Warga takut karena pelaku membawa sajam
dan tak segan melukai pemilik rumah.

Untuk menyiasati pencurian, warga memiliki cara yang sederhana namun efektif.
Warga membuat semacam jebakan dengan meletakkan piring seng di atas pintu.

""Saya taruh piring seng di atas pintu. Jika ada pencuri masuk ke rumah,
piringnya jatuh dan mengeluarkan suara nyaring. Kami atau warga lain bisa
bangun dan pelaku kabur"" ujar Astriani (49), salah satu warga Dusun Mawar
kepada detikcom, Minggu (24/10/2021).

Astriani menceritakan truk itu berhasil menggagalkan aksi pencurian. Tepat
pukul 01:00 WIB, piring seng yang ditaruh di atas pintu jatuh. Astriani yang
mendengar itu sontak terbangun.

Dia kemudian melihat pintu rumahnya sudah terbuka. Namun sudah tidak ada
orang. Diduga pelaku langsung kabur begitu piring yang terjatuh mengeluarkan
suara keras. Astriani kemudian menaruh kembali piring seng itu di atas pintu.

Rupanya pelaku kembali ke rumah Astriani. Sekitar pukul 02:00 WIB, Astriani
kembai terbangun karena mendengar suara piring seng terjatuh lagi. Lagi-lagi
Astriani hanya melihat pintu dalam keadaaan terbuka dan tak ada orang.

""Pernah semalam piring seng yang saya taruh jatuh 2 kali, tapi tak ada
orangnya,"" tambah Astriani.

Meski jebakan itu dilakukan warga, namun patroli dan ronda malam terus
dilakukan oleh warga secara bergantian. Warga berharap polisi bisa menangkap
para pelaku kejahatan yang menyatroni rumah warga.

[Gambas:Video 20detik]

  
  

 ",www.detik.com
"Mayat Zaenab di Bogor Ternyata Korban Pembunuhan, 2 Pelaku Ditangkap!","Jumat, 27 Mei  2022 11:10 WIB","\-

Mayat perempuan bernama Zaenab (51) yang sempat dikira bantal oleh warga di
kawasan Kecamatan Kemang, Kabupaten Bogor, ternyata korban pembunuhan. Zaenab
dibunuh oleh dua orang, yakni satu laki-laki dan satu perempuan.

""Pagi hari ini kami dari Polres Bogor merilis ungkapan tindak pidana dugaan
pembunuhan berencana serta pencurian dengan kekerasan yang berawal dari jadian
penemuan mayat pada tanggal 21 Mei 2022 di wilayah Kemang,"" kata Kapolres
Bogor, AKBP Iman Imanuddin saat konferensi pers di Mapolres Bogor, Jumat
(27/5/2022).

Pelakunya berjumlah dua orang, yaitu laki-laki inisial AM (26) dan perempuan
inisial TO (21). Keduanya ditangkap pada Senin (23/5) kemarin.

""Pada tanggal 23 Mei 2022 tim dari Satreskrim Polres Bogor berhasil menangkap
dua orang tersangka yaitu AM dan TO,"" jelasnya.

Diberitakan sebelumnya, mayat perempuan tanpa identitas ditemukan di wilayah
Kecamatan Kemang, Kabupaten Bogor, Jawa Barat, Sabtu (21/5). Warga yang
melihat sempat mengira mayat tersebut adalah bantal.

""Warga sih _nemuin ngelihat_ di selokan _kirain_ bantal, pas dicek ternyata
mayat,"" kata Kapolsek Kemang Kompol Ari Trisnawati kepada wartawan, Sabtu
(21/5).

Saat ditemukan, mayat tersebut telah dikerubungi lalat. Namun polisi belum
bisa memastikan berapa lama mayat tersebut berada di selokan.

Identitas mayat perempuan yang ditemukan di selokan kawasan Kemang, Kabupaten
Bogor, kemudian terungkap. Korban diketahui bernama Zaenab (51), yang
beralamat di Tangerang Selatan.

""Nama (korban) Zaenab, perempuan, lahir di Palembang tahun 1970,"" kata Kasat
Reskrim Polres Bogor AKP Siswo Tarigan saat dihubungi, Rabu (25/5/2022).

[Gambas:Video 20detik]

 ",www.detik.com
Aksi Begal Sadis Pembacok Pegawai Basarnas Berakhir di Kantor Polisi,"Selasa, 02 Nov 2021 06:37 WIB","\-

Seorang pegawai Basarnas, Mita Nurkhasanah (22) dibacok kawanan begal sadis di
Kemayoran, Jakarta Pusat. Para pelaku membacok bertubi-tubi hingga korban
tewas di lokasi kejadian.

Peristiwa itu terjadi di Jl Angkasa Kemayoran, Jakarta Pusat, pada Jumat
(22/10) dini hari lalu. Saat itu Mita sedang menunggu ojek online untuk teman
laki-lakinya yang bernama Yahya.

Sepuluh hari berselang, polisi mengungkap kasus begal tersebut. Tiga orang
pelaku ditangkap polisi.

""Ada tiga pelaku yang kita amankan. Satu lagi masih DPO ini yang memang
membacok korban hingga meninggal dunia,"" kata Kabid Humas Polda Metro Jaya
Kombes Yusri Yunus di Mapolda Metro Jaya, Jakarta, Senin (1/11/2021).

Tiga orang pelaku ini berinisial RP, MG, dan MR. Ketiganya berperan dari pihak
yang mengancam korban hingga sebagai joki.

## Pelaku Positif Narkoba

Ketiga pelaku dites urine oleh polisi. Hasilnya, ketiganya dinyatakan positif
narkoba.

""Tiga pelaku ini dites urine, sementara ini positif karena hasil pencurian
buat beli narkoba,"" ungkap Yusri.

1 Pelaku Masih Diburu

Polisi kini tengah mengejar satu pelaku lainnya yang berinisial T. Polda Metro
Jaya mengultimatum agar pelaku segera menherahkan diri.

""Kita ultimatum Saudara T alias AD yang membacok ini agar secepatnya
menyerahkan diri,"" tegas Yusri.

 _Simak di halaman selanjutnya: peran pelaku yang masih buron_

Selanjutnya __

Halaman

1  2  3

 ",www.detik.com
"Mendikbud Wajib Tahu, Ortu Miskin-Siswa Curi Motor untuk Sekolah","Senin, 18 Apr 2022 13:43 WIB","\-

Pengungkapan kasus pencurian sepeda motor (curanmor) oleh jajaran Polsek
Denpasar Selatan (Densel), Denpasar, Bali bikin miris.

GM (15) salah seorang pelajar SMA di Denpasar, ini ditangkap polisi gara-gara
mencuri motor. GM mencuri motor di Gang Anggrek I, Jalan Raya Pemogan, Kampung
Islam Kepaon, Denpasar Selatan.

Kapolsek Denpasar Selatan Kompol I Gede Sudyatmaja didampingi Kanitreskrim AKP
Hadimastika Karsito Putro, menjelaskan, kasus yang menjerat GM bermula ketika
korban Fahkri Hidayat, 23, kembali dari yayasan yatim piatu menggunakan motor
Honda Beat plat DK 4438 ADJ, pada Jumat (18/3/2022), pukul 15.00 WITA lalu.

  

Korban memarkirkan sepeda motornya di depan rumah. Namun ketika hendak
mengambil charger ponsel di jok motornya pada Minggu (20/3/2022), pukul 04.00
WITA, Fahkri mendapati mendapati motornya sudah raib.

Atas kejadian itu, korban yang diduga mengalami kerugian sebesar Rp 8 juta
langsung melapor polisi.

Selanjutnya, usai menerima laporan, Tim Opsnal Unit Reskrim Polsek Densel
langsung melakukan penyelidikan.

Hasilnya, sekitar awal April 2022 lalu, polisi mendapati seorang remaja
mengendarai motor yang ciri-cirinya mirip dengan milik korban.

Petugas langsung GM di kawasan jalan tersebut. ""Kami pastikan motor yang
dibawa dan ternyata benar milik korban, hanya saja platnya diganti dengan yang
palsu,""terang Kompol Gede Sudyatmaja.

Usai diamankan dan diinterogasi, pelaku yang masuk duduk di bangku SMA ini
mengaku nekat mencuri motor tak punya kendaraan untuk sekolah.  
GM mengaku mencuri motor dengan mudah, karena stangnya tak dikunci.

""Pelaku menuntun sepeda motor korban ke rumahnya dan dibuatkan kunci palsu DK
5201 AAW,""ungkap Sudyatmaja.

_Nah_ , saat diperiksa, pelaku juga mengakui nekat melakukan pencurian sepeda
motor karena tidak punya motor untuk berangkat ke sekolah.  
Setelah berhasil curi sepeda motor, GM yang tinggal di kawasan Pemogan,
Denpasar Selatan pun menggunakan motor itu ke sekolah tiap harinya.

""Pelaku ini masih punya orang tua, tapi tidak punya motor untuk ke sekolah.
Jarak sekolahnya jauh, dan selama ini tidak ada yang mengantar, jadinya
mencuri,"" tandas Perwira Melati Satu di pundak ini.

Agar tak dicurigai orang tuanya, remaja asli Lampung ini beralasan motor
tersebut dipinjamkan oleh temannya. Atas perbuatannya, GM tetap disangkakan
Pasal 363 tentang pencurian dengan pemberatan (curat) dengan ancaman pidana
penjara paling lama tujuh tahun.

Namun dia tidak ditahan dan polisi mengupayakan untuk ajukan diversi, karena
pertimbangan masih dibawah umur. Upaya hukum diversi ini juga akan dilakukan
sesuai keputusan hukum di pengadilan.

  
  
  
[Gambas:Video 20detik]  

 ",www.detik.com
Polisi Bantah 3 Remaja Ditangkap Pelaku Cegat Busur-Rusak Mobil Pengendara,"Kamis, 14 Apr 2022 00:00 WIB","\-

Viral di media sosial 3 remaja remaja pelaku begal dan pengancaman pengendara
mobil di perbatasan Gowa-Makassar, Sulawesi Selatan (Sulsel) ditangkap. Pihak
kepolisian lantas membantah informasi penangkapan tersebut.

Dalam informasi beredar, tampak tiga orang remaja diamankan. Unggahan viral
tersebut mengatakan ketiga remaja adalah pelaku yang mencegat dan mengancam
pengendara mobil dan polisi langsung membantahnya.

""Tidak ada keterkaitannya,"" kata Kapolsek Somba Opu AKP Ismail kepada , Rabu
(13/4/2022).

  

Ismail mengatakan, ketiga remaja yang diamankan tersebut memang karena terkait
kepemilikan senjata tajam busur panah. Tapi ketiga remaja ini bukan pelaku
yang beraksi di perbatasan Gowa-Makassar.

""Dia didapat sama masyarakat sama busur makanya langsung kita amankan. (Tapi)
bukan (pelaku pengancaman pembusuran di perbatasan Gowa-Makassar),"" kata
Ismail.

Ismail mengatakan pihaknya masih menyelidiki pelaku pembusuran yang beraksi di
wilyah perbatasan Gowa-Makassar.

""Sementara ditangani di Polres, sementara dicari pelakunya itu. Mungkin sudah
ada di Resmob Polres. Memang melapornya juga di Polres,"" jelasnya.

Sebelumya diberitakan, sejumlah pria melakukan aksi pengancaman menggunakan
anak panah ke pengendara mobil di wilayah Gowa dan beredar di media sosial.

Dalam video itu, terlihat sejumlah pria berada di depan sebuah mobil. Tak
lama, salah satu di antaranya mulai mengeluarkan senjata tajam berupa anak
panah.

Tidak lama, datang seorang pria yang juga melakukan aksi pengancaman yang sama
kepada pengendara mobil tersebut. Di akhir video itu, pengemudi mobil
memperlihatkan kondisi kendaraannya yang sudah rusak pada bagian kaca dan
spion.

  
  
  
[Gambas:Video 20detik]  

 ",www.detik.com
"Hilang 12 Tahun Lalu, Motor Tuyahman Ditemukan Polisi di Pelabuhan Priok","Sabtu, 13 Nov 2021 11:08 WIB","\-

Polres Pelabuhan Tanjung Priok mengungkap kasus pencurian sepeda motor.
Pengungkapan itu tergolong unik karena motor yang ditemukan ini merupakan
motor milik warga bernama Tuyahman, yang hilang dicuri 12 tahun lalu.

Kapolres Pelabuhan Tanjung Priok AKBP Putu Kholis mengatakan pengungkapan
kasus ini bermula saat anggotanya tengah melakukan patroli di daerah Pelabuhan
Tanjung Priok pada Rabu (10/11) sekitar pukul 11.00 WIB. Saat itu polisi
melihat dua orang mendorong motor.

""Anggota menawarkan bantuan kepada kedua orang tersebut dan setelah
berkomunikasi, mencurigai sepeda motor tersebut hasil tindak pidana
pencurian,"" kata Putu dalam keterangannya, Sabtu (13/11/2021).

Polisi kemudian meminta dua orang tersebut menunjukkan kelengkapan surat
kendaraan yang tengah didorongnya. Tapi keduanya ternyata tidak mampu
menunjukkan surat kelengkapan kendaraan.

Dua orang yang mendorong motor itu lalu diamankan ke Polres Pelabuhan Tanjung
Priok untuk penyelidikan lebih lanjut.

  
""Sepeda motor tersebut tanpa dilengkapi surat-surat yang sah. Petugas bersama
tim menangkap dan mengamankan orang tersebut berikut barang bukti berupa satu
unit sepeda motor merek Suzuki Satria FU 150 warna hitam,"" ujar Putu.

Nomor kendaraan motor itu diketahui B-3130-TXA. Polisi pun melakukan
pengecekan nomor kendaraan itu dan berhasil menemukan pemilik asli kendaraan.

Putu menyebut sepeda motor itu milik seorang warga bernama Tuyahman. Dari
keterangan pemilik, motor itu diketahui telah dicuri sejak 12 tahun lalu.

""Penantian lebih dari satu dekade akhirnya terbayar lunas pada hari ini, Jumat
(12/11), kendaraan Bapak Tuyahman telah kembali ke pemiliknya setelah dicuri
12 tahun lalu,"" ungkap Putu.

 ",www.detik.com
Sadis! Begal Tusuk Dada Pemuda Bandung Demi Curi Ponsel,"Rabu, 04 Mei  2022 09:20 WIB","\-

Seorang pemuda bernama Husni (22) menjadi korban begal. Bahkan pelaku nekat
menusuk dada demi mengambil ponsel.

Aksi itu dialami Husni tepat dini hari pukul 01.00 WIB menjelang hari raya
Idul Fitri atau pada Senin (2/5/2022). Husni dibegal di Jalan Sukarajin, Kota
Bandung hingga harus mendapatkan perawatan di rumah sakit.

""Kondisinya masih belum stabil,"" ucap Rian (26) kakak korban kepada wartawan,
Rabu (4/5/2022).

  

Rian menuturkan adiknya itu dibegal sehabis pulang berbelanja baju lebaran.
Saat itu, dia hendak menuju rumah temannya dengan memarkirkan mobil di depan
gang.

""Dia habis belanja baju, terus main ke kos temannya. Dia balik lagi ke mobil,
ada yang ketinggalan nggak tahu mau pulang,"" tuturnya.

Rian belum bisa bercerita banyak lantaran kondisi adiknya masih mendapatkan
perawatan. Akan tetapi berdasarkan rekaman CCTV yang juga viral di media
sosial, saat itu adiknya sedang berjalan menuju ke mobil. Di saat bersamaan,
adiknya itu berpapasan dengan dua orang menggunakan satu sepeda motor.

""Dilihat dari CCTV, adik saya bawa HP lalu begalnya putar balik. Pas
disamperin (oleh pelaku) langsung menodong,"" tutur dia.

Saat itu, adik Rian sempat menolak ketika diminta memberikan ponsel. Bahkan
Husni sempat memberikan perlawanan. Akan tetapi, pelaku tetap memaksa
mengambil ponsel bahkan mengeluarkan senjata tajam. Sajam tersebut menyabet
lengan adiknya dan oleh pelaku ditusuk bagian dada kanan.

""Adik saya nggak mau nyerahin HP. Pelaku langsung mukul nggak tahu bagian muka
atau kepala. Terus dilawan, dipegang, dirangkul sama adik saya. Akhirnya
kewalahan sampai mau jatuh. Dia kena sabetan ke tangan sama pisau kedua dada
kanan. Adik saya langsung oleng,"" katanya.

Saat adiknya roboh dan tak berdaya, pelaku berhasil membawa ponsel korban dan
kabur. Di saat bersamaan, korban ditolong oleh warga yang kebetulan berada tak
jauh dari lokasi.

""Warga nganter ke rumah sakit Santo Yusuf,"" kata dia.

Menurut Rian, adiknya saat ini masih dirawat di RS. Menurutnya, kondisi
adiknya sadar akan tetapi sang adik masih merasa trauma.

""Kondisinya sadar cuma masih trauma masih ingat kejadian. Trauma sering
nangis, kesakitan, sering bilang ingat terus kejadian,"" ucapnya.

  
  
  
[Gambas:Video 20detik]  

 ",www.detik.com
Skenario Adik Dalangi Perampokan Kakak Kandung di Sukabumi,"Sabtu, 09 Apr 2022 18:16 WIB","\-

Entah apa yang ada dalam benak IB alias Komarudin hingga tega membuat skenario
perampokan terhadap Kokom (52) yang tak lain adalah kakak kandungnya sendiri
di Kampung Pasir Jaha RT 004 RW 004 Desa Mekar Jaya Kecamatan Jampang Kulon
Kabupaten Sukabumi.

Berdasarkan keterangan IB kepada polisi, hubungannya dengan Kokom sudah sejak
lama memang tak harmonis. Mereka kerap cekcok tanpa alasan yang jelas, sampai
kemudian Kokom mengungkit soal uang yang dipinjam oleh IB. Kemarahan IB pun
tak terbendung. Ia meminta 3 temannya merampok kediaman sang kakak.

""Utang IB kepada kakaknya itu sebesar Rp 200 ribu, jadi sejak dahulu (IB)
memang sudah menyimpan dendam. Bukan masalah warisan karena kedua orang tua
mereka masih hidup, intinya hubungan mereka tidak harmonis sudah sejak lama,""
kata Kanit Reskrim Polsek Jampang Kulon, Resor Sukabumi Bripka Riky Rosandi
kepada Sabtu (9/4/2022).

  

Riky mengatakan penganiayaan - pembunuhan Kokom dibuat di luar skenario dari
IB, jangankan membunuh sang kakak soal kondisi Kokom mengalami kekerasan saja
membuat IB naik pitam kepada tiga temannya. Nahas, Kokom yang sempat bertahan
hingga beberapa lama itu akhirnya meninggal dunia karena luka yang
dideritanya.

""Mereka diketahui lebih dulu memonitor lebih dulu situasi rumah korban 4 hari
sebelum kejadian, para pelaku mengetahui korban pernah dikunjungi cucunya.
Sampai ketika rumah korban tidak ada siapa-siapa barulah para pelaku beraksi,""
kata Riky.

""Ketiga orang itu masuk dengan cara mencungkil jendela, namun korban bangun
dan berteriak. Para pelaku kemudian sempat mundur, namun karena mungkin sudah
kepalang mereka kembali dengan mendobrak pintu dan langsung menyerang korban,""
sambung Riky.

Pelaku diceritakan Riky saat itu langsung mencekik dan memukul serta menendang
korban, lalu kemudian salah satu pelaku hendak membacok korban pada bagian
leher, akan tetapi korban menangkisnya dengan telapak tangan kiri sehingga
mengalami luka robek dan kemudian pelaku mengambil barang berupa Emas seberat
30 gram dan sejumlah uang sebesar Rp 11 juta.

""Posisi tempat tinggal korban berjauhan dengan tetangganya, sesudah pelaku
pergi korban yang kesakitan berteriak minta tolong. Saat itulah tetangga
berdatangan, lalu ramai di kampung tersebut korban dirampok. Saat itu minim
saksi, korban juga tidak mengenali pelaku,"" ungkap Riky.

Saat pembagian harta hasil rampokan, IB memarahi tiga temannya yang sudah
melakukan kekerasan terhadap kakak kandungnya. Korban yang sempat dirawat di
rumah sakit, memilih pulang dan akhirnya meninggal dunia. Polisi yang saat itu
masih melakukan penyelidikan, mendapat keterangan IB hanya hadir sebentar saat
pemakaman.

""Alhamdulillah kasus ini terungkap, setelah kita gali informasi akhirnya
kecurigaan mengarah kepada pelaku. Dia yang pertama kita tangkap kemudian
menyusul satu temannya, dua pelaku lainnya masih dalam pengejaran,"" pungkas
Riky.

 ",www.detik.com
ABG di Baubau Diperkosa-Dipaksa Berhubungan Sesama Jenis 2 Tahun Jadi Korban,"Kamis, 28 Apr 2022 21:00 WIB","\-

Remaja putri inisial Y (16) di Kota Baubau, Sulawesi Tenggara (Sultra)
terungkap menjadi korban pemerkosaan hingga dipaksa melakukan hubungan sesama
jenis dengan seorang wanita inisial A. Korban Y ternyata sudah 2 tahun
diperkosa karena pelaku inisial IR kerap menggunakan rekaman video asusila
untuk mengancam korban.

""Selama 2 tahun korban Y ini menjadi pemuas seksual pelaku. Pelaku juga
memaksa korban membuat video hubungan sesama jenis hingga viral,"" kata Kuasa
Hukum Y, Safrin Salam kepada , Kamis (28/4/2022).

Terduga pelaku IR disebut sejak awal diam-diam merekam video saat memperkosa
korban pada tahun 2020. Berbekal video pemerkosaan, IR sejak dua tahun
terakhir selalu berhasil memperkosa korban dan setiap pemerkosaan IR selalu
membuat rekaman video baru yang lagi-lagi untuk bahan ancaman.

  

""Karena di awal pelaku dan korban sudah melakukan hubungan badan yang direkam
oleh pelaku maka itulah yang menjadi alat buat ancam korban,"" papar dia.

Safrin mengungkapkan korban tidak bisa berbuat banyak karena benar-benar takut
video pemerkosaan itu disebar pelaku IR. Korban mengatakan, pelaku IR akhirnya
selalu memperkosa korban setiap bulan.

""Informasi dari korban dalam 1 bulan 1 kali (melakukan hubungan badan dengan
pelaku),"" ujarnya.

Korban Juga Dipaksa Melakukan Hubungan Sesama Jenis

Selain diperkosa, korban juga dipaksa melakukan hubungan sesama jenis.
Kejadian bejat tersebut bermula saat rekan korban berinisial A mendapati
ancaman pelaku IR di ponsel korban Y.

IR yang mengetahui ulah bejatnya terungkap oleh A justru tidak takut. IR malah
memaksa korban Y untuk melakukan hubungan sesama jenis dengan wanita A.

""A ini menurut kami juga korban dari pelaku. Kata pelaku 'Kalau kamu (korban
Y) tidak buat video (sesama jenis) sama A saya sebarkan videomu. Karena
perintah pelaku dengan ancaman akan disebar videonya,"" imbuhnya.

A sempat menolak berhubungan sesama jenis dengan Y. Namun karena Y memohon, A
pun luluh kemudian terjadilah hubungan sesama jenis yang mana rekaman video
itu dikirimkan ke pelaku IR.

""Video itulah yang viral, disebar pelaku,"" papar dia.

Sebelumnya, Kapolres Baubau AKBP Erwin Pratomo membenarkan kasus asusila
sesama jenis tersebut. Ia mengungkapkan kini pelaku dalam pengejaran jajaran
Polres Baubau yang bekerjasama dengan Polda Sultra. Pelaku diketahui berada di
Kota Kendari dan sekitarnya. Ia berharap agar pelaku segera ditemukan.

""Saat ini anggota Opsnal saya berada di Kendari bersama Resmob Polda Sultra
untuk lidik keberadaan tersangka,"" ujarnya.

Erwin mengungkapkan awal mula peristiwa tersebut terjadi pada April 2020 lalu.
Awalnya korban E mengajak Y untuk menemui pelaku di kawasan Keraton Baubau
untuk diajari pengetahuan tentang agama.

Selang seminggu setelah itu, pelaku kembali memanggil kedua korban untuk
bertemu. Kali ini, pelaku mengajak keduanya bertemu di indekos pelaku di
Kecamatan Kokalukuna, Kota Baubau.

""Setiba di kos pelaku, keduanya diajak bercerita kurang lebih 30 menit.
Setelah itu keduanya diajak pelaku berhubungan suami istri,"" papar dia.

  
  
  
[Gambas:Video 20detik]  

 ",www.detik.com
Prank! Informasi Begal Sadis di Jalur SSB Boyolali Ternyata Rekayasa,"Kamis, 28 Apr 2022 09:02 WIB","\-

Dunia maya Boyolali kembali dihebohkan dengan rekayasa begal. Masih ingat
kasus begal di jalur wisata Solo-Selo-Borobudur (SSB) Dukuh Pule, Desa Jelok,
Kecamatan Cepogo? Kejadian itu ternyata juga rekayasa atau ngarang saja.

Siswadi yang mengaku telah ditendang begal dan uangnya Rp 1,8 juta raib itu
akhirnya mengakui kalau kejadian tersebut tidak benar.

Siswadi pun meminta maaf kepada masyarakat melalui video klarifikasi yang
diunggah dan tersebar di sejumlah platform media sosial.

""Nama Siswadi, alamat Panderejo, Paras, Cepogo, Boyolali, pekerjaan petani,
agama Islam menyatakan bahwa kejadian pada Rabu, tanggal 20 April 2022 di
jalan Boyolali-Magelang tepatnya Dukuh Pule, Kecamatan Cepogo telah menjadi
korban begal dan kejadian itu tidak benar,"" kata Siswadi dalam video
klarifikasi berdurasi 48 detik itu.

Siswadi mengaku bahwa pembegalan tersebut hanya rekayasa dia saja. Namun
Siswadi tak menyebutkan alasan telah mengarang cerita pembegalan.

""Itu cuma rekayasa saya dan selanjutnya saya ingin meminta maaf kepada
masyarakat atas kejadian ini dan tidak akan mengulangi lagi,"" kata Siswadi.

""Sekali lagi saya minta maaf. Demikian klarifikasi dari saya tanpa ada paksaan
dari pihak manapun. Cepogo aman,"" kata dia.

Kapolsek Cepogo AKP Agung Setiawan menambahkan video klarifikasi Siswadi yang
sebelumnya mengaku telah dibegal itu. Kejadian aksi begal yang menimpa Siswadi
pada Rabu (20/4) lalu itu ternyata rekayasa.

""Iya,"" kata Agung Setiawan kepada Kamis (28/4/2022).

Terkait motif Siswadi mengarang cerita telah menjadi korban begal, Agung,
mengatakan karena harus melunasi utangnya. Sementara dia tidak memiliki uang.

""Tidak punya uang, sementara utang harus dilunasi,"" jelasnya.

  
  
  
[Gambas:Video 20detik]  

 ",www.detik.com
Pria Perkosa Anak Kandung di Konsel Tewas Tenggak Racun saat Hendak Ditangkap,"Sabtu, 19 Mar 2022 20:24 WIB","\-

_Informasi dalam artikel ini tidak ditujukan untuk menginspirasi kepada siapa
pun untuk melakukan tindakan serupa. Bagi Anda, pembaca, yang merasakan gejala
depresi dengan kecenderungan berupa pemikiran untuk bunuh diri, segera
konsultasikan persoalan Anda ke pihak-pihak yang dapat membantu, seperti
psikolog, psikiater, ataupun klinik kesehatan mental._

Terduga pelaku pemerkosaan anak kandung di Kecamatan Mowila, Kabupaten Konawe
Selatan (Konsel), Sulawesi Tenggara (Sultra), DK (52) ditemukan tewas usai
menenggak racun. DK diduga sengaja menenggak racun saat hendak ditangkap
polisi.

  

""Iya kasus pemerkosaan, dia mungkin mendengar diceritakan orang (akan
ditangkap), lantas minum racun, dugaannya karena depresi,"" kata Kasi Humas
Polres Konawe Selatan AKP Muslimin kepada, Sabtu (19/3/2022) malam.

""Ketika mau ditangkap, terduga pelaku ditemukan meninggal dunia di rumahnya,""
tambah dia.

Terpisah, Kapolsek Mowila Iptu Nyoman Sugiana mengungkapkan dugaan pemerkosaan
tersebut terjadi pada Senin (15/3) pukul 19.30 Wita. Sebelum kejadian, terduga
pelaku mengantar istrinya untuk berobat ke orang lain.

""Terduga pelaku mengantar ibu D mengurut, kemudian kembali sendiri ke rumah
dan saat itu D berada di kamar,"" kata Nyoman melalui keterangan resminya.

Nyoman menuturkan DK lantas mengajak D untuk berhubungan badan. Namun, D
menolak, akan tertapi DK memaksa dan mengancam hingga tindakan pemerkosaan
terjadi.

""Kurang lebih 5 menit, DK melakukan tindakan tersebut dan keluar rumah,""
ujarnya.

Atas perbuatan itu, D melapor ke ibunya dan langsung membuat laporan ke polisi
pada Selasa (16/3) sekira pukul 06.25 Wita. Nyoman mengungkapkan DK sudah
melakukan tindakan pencabulan ke anak kandungnya berkali-kali.

""Setelah mendapatkan laporan itu, polisi langsung ke rumah DK, namun sudah
dalam keadaan meninggal dunia,"" ujar dia.

Nyoman mengungkapkan sekira pukul 09.00 Wita, tetangga DK mendengar teriakan
minta tolong dari DK, lantas mengecek. Saat ditemui, DK dalam keadaan
tengkurap dan mulut berbusa.

""Tetangga sempat menolong dengan memberikan air kelapa, namun DK tidak bisa
diselamatkan,"" ujarnya.

  
  
  
[Gambas:Video 20detik]  

 ",www.detik.com
Menyayat Hati! Kasus Ayah Perkosa Anak Kandung hingga Tewas di Semarang,"Selasa, 22 Mar 2022 07:10 WIB","\-

Pembongkaran makam seorang bocah perempuan berumur 8 tahun di Kota Semarang,
Jawa Tengah mengungkap fakta memilukan. Bocah itu ternyata tewas di tangan
ayah kandungnya, WD (41) usai diperkosa dalam keadaan demam.

Kasus pemerkosaan terungkap saat ibu kandung korban atau mantan istri
tersangka melaporkan WD ke polisi. Keduanya sudah bercerai pada 2017, namun
ketiga anak mereka masih sering menengok ayahnya di indekos.

Keluarga sempat tidak mencurigai kematian korban. Hingga akhirnya keluar surat
keterangan dokter yang menyatakan korban meninggal tidak wajar dan ditemukan
luka akibat kekerasan seksual.

""Dalam surat keterangan dokter ada kematian kurang wajar dengan tanda
kekerasan di vagina dan dubur. Dari adanya itu kita buatkan laporan polisi,
sementara kondisi korban sudah dimakamkan. Dengan adanya dugaan kematian tidak
wajar lakukan, pembongkaran dan autopsi hari itu juga. Terbukti adanya
kematian yang diakibatkan kekerasan seksual,"" ujar Kasat Reskrim Polrestabes
Semarang AKBP Donny Sardo Lumbantoruan, Senin (21/3/2022).

Pembongkaran makam di daerah Sedayu, Kecamatan Genuk, Semarang itu dilakukan
pada Sabtu (19/3). Pembongkaran ini pun disaksikan keluarga dan jenazah korban
kemudian dibawa ke RSUP dr Kariadi Semarang untuk autopsi.

Fakta memilukan pun terungkap, korban ternyata tewas diperkosa ayah kandungnya
sendiri. Korban yang masih berusia 8 tahun itu diperkosa hingga mengalami
kejang dan tewas saat dibawa ke rumah sakit.

""Tersangka adalah orang tua kandung atau bapak dari korban,"" kata
Wakapolrestabes Semarang AKBP Iga Dwi Perbawa Nugraha di Mapolrestabes
Semarang, kemarin.

Peristiwa itu bermula saat korban bersama dua saudaranya datang ke indekos
ayahnya pada Jumat (18/3) lalu. Kemudian ibu mereka menjemput kedua anaknya,
dan meninggalkan korban yang kala itu sedang demam.

Kasat Reskrim Polrestabes Semarang AKBP Donny menambahkan kala itu korban
datang dalam kondisi sakit dan demam. Aksi bejat itu pun dilakukan dengan
paksa saat korban sedang berbaring sendirian menonton televisi.

Korban bahkan sudah berupaya menolak dan menghalau ayah kandungnya itu dalam
kondisi yang lemas karena sakit. Akibatnya, korban mengalami kejang-kejang
usai mendapat perlakuan kasar pelaku.

""Memang pada hari itu pelaku melakukan hubungan seksual. Anaknya kejang sejam
atau dua jam. Pelaku meminta tolong kepada tetangganya membawa ke klinik. Di
klinik direkomendasikan untuk ke rumah sakit lebih besar. Sebelum itu pelaku
bawa ke rumah ibunya untuk izin bawa ke rumah sakit. Waktu itu ibunya tidak
cek. Saat dibawa ke rumah sakit korban sudah meninggal dunia,"" jelas Donny.

## Pelaku akui perkosa anak kandungnya lebih dari sekali

Kepada mantan istrinya, WD berdalih korban sakit demam untuk menutupi
perbuatan bejatnya. ""Bilang ke mantan istri, dia (korban) demam,"" terang WD
saat di Mapolrestabes Semarang.

WD berdalih aksi bejatnya itu dilakukan karena kecanduan nonton film porno.
Aksi bejatnya itu pun sudah lebih dari sekali dilakukannya.

""Terpengaruh video porno. Sudah tiga kali (memperkosa korban). Pertama dua
minggu lalu, seminggu, terakhir pas kejadian. Iya ada pemaksaan,"" kata pelaku
WD.

Atas perbuatannya, bapak bejat itu dijerat dengan Pasal 81 ayat 3 Jo Pasal 76
d UU No 35 Tahun 2014 tentang Perlindungan anak. Karena pelaku merupakan wali
korban, maka hukuman ditambah sepertiganya.

""Ancaman hukuman 20 tahun penjara,"" terang Iga.

  
  
  
[Gambas:Video 20detik]  

 ",www.detik.com
"Kawanan Penombak Kanit Resmob Jambi Ditangkap, Ditembak di Kaki","Selasa, 17 Mei  2022 09:55 WIB","\-

Polisi kembali menangkap kawanan pelaku begal penombak Kanit Resmob Polda
Jambi yakni AKP Johan Silaen. Pelaku bernama Rahmat Fikri (24) warga Kelurahan
Tanjung Pasir Kecamatan Danau Teluk sempat melawan dan mencoba melarikan diri
saat diringkus hingga ditembak di bagian kaki.

""Kita tangkap saat berada di kamar hotel, pelaku ini sudah kita lakukan
pengintaian selama beberapa minggu. Pelaku juga merupakan satu komplotan
dengan pelaku begal yang menombak kanit saya,"" kata Direktur Reserse Kriminal
Umum Polda Jambi, Kombes Kaswandi Irwan kepada wartawan, Selasa (17/5/2022).

""Anggota memberikan tindakan tegas ke bagian kakinya,"" sambungnya.

  

Penangkapan pelaku itu setelah polisi melakukan penyelidikan. Pelaku yang juga
resedivis tersebut ditangkap polisi pada Kamis lalu (12/5) pukul 22.00 WIB
saat berada di hotel yang ada di Kota Jambi.

""Jadi pelaku ini selama menjalani aksi nya ini selalu bersama rekannya yakni
Taufik Galing itu. Kebanyakan korbannya ini selalu perempuan, dan beraksi
dengan merampas kalung maupun gelang,"" ujar Kaswandi.

Selain menangkap pelaku, polisi juga berhasil mengamankan satu buah senjata
tajam jenis pisau, satu unit sepeda motor dan satu buah bong sabu. Pelaku juga
tercatat melakukan aksi kejahatannya di puluhan TKP di Jambi.

""Pelaku ini juga baru saja bebas dari Lapas Jambi pada akhir 2021 lalu dan
saat ini pelaku kembali beraksi lagi,"" terang mantan Kapolres Pelalawan Riau
itu.

Saat ini polisi masih melakukan pengembangan terhadap kasus komplotan begal
itu. Polisi juga menduga bahwasanya komplotan begal itu memiliki jaringan-
jaringan lain sehingga masih terus dilakukan penyelidikan.

Sebelumnya diberitakan, tim gabungan Polda Jambi melakukan penangkapan
terhadap pelaku begal. Dari penangkapan itu pelaku melakukan perlawanan hingga
menombak Kanit Resmob Polda Jambi dengan tombak berkarat.

Tombak yang digunakan pelaku itu memiliki panjang 118 centimeter. Tombak yang
biasa digunakan buat tombak ikan itu dijadikan pelaku untuk alat melakukan
perlawanan hingga menombak Kanit Resmob Polda Jambi yaitu AKP Johan Silaen.

Pelaku bernama Taufik Galing (32) warga Kelurahan Tanjung Pasir, Kecamatan
Danau Teluk, Seberang Kota Jambi ini ditangkap pada Selasa (10/5) lalu. Saat
melawan pelaku kemudian tewas ketika ditembak oleh polisi.

Pelaku yang juga DPO itu melakukan tindak pidana pencurian dengan kekerasan
(curas) maupun pencurian dengan pemberatan (curat) sebanyak 11 kali.

Tombak yang ditancapkan pelaku ke Kanit Resmob Polda Jambi ini pun berhasil
dicabut setelah rekan polisi lainnya melarikan ke Rumah Sakit Raden Mataher
Jambi untuk dilakukan operasi.

  
  
  
[Gambas:Video 20detik]  

 ",www.detik.com
"Pilu Perempuan di Sumsel, Dirampok Pria Bersenjata Api Lalu Diperkosa","Senin, 31 Jan 2022 10:07 WIB","\-

Seorang perempuan di Ogan Komering Ulu (OKU), Sumatera Selatan (Sumsel) diduga
dirampok dan dan diperkosa pria bersenjata api (bersenpi). Dugaan pemerkosaan
itu terjadi pada dini hari.

""Iya, betul,"" kata Kasat Reskrim Polres OKU, AKP Hilal ketika dimintai
konfirmasi , Senin (31/1/2021).

Peristiwa tersebut dialami korban pada Sabtu (29/1/2022), pukul 02.00 WIB di
kediamannya, Baturaja Timur, OKU. ""Iya kejadiannya dini hari, di kediaman
korban di kawasan Baturaja Timur,"" kata Kasi Humas Polres OKU, AKP Mardi
Nursal, dikonfirmasi terpisah.

Mardi menjelaskan pelaku masuk ke rumah korban dengan cara mencongkel jendela
belakang rumah. Pelaku diduga langsung menuju kamar perempuan berusia 22 tahun
itu dan mematikan lampu.

Korban ditodong senjata api lalu memerintahkan korban menanggalkan pakaian.

""Pelaku diduga mengancam korban agar korban tutup mulut, memaksa korban
membuka pakaian dan menjambak rambut korban. Korban yang terancam terpaksa
menuruti semua kehendak pelaku,"" katanya.

Polisi menuturkan pelaku memerkosa korban sebanyak dua kali. Selain itu,
pelaku juga menggasak barang berharga milik korban dan meminta uang.

""Usai menyetubuhi korban dua dua kali, pelaku mengambil laptop dan HP korban.
Pelaku meminta uang kepada korban. Korban yang tidak memiliki uang dan
ketakutan, kemudian masuk ke kamar Ibunya mengambil uang Rp 250 ribu dan
diberikan ke pelaku,"" terangnya.

Polisi menyebut pelaku tak langsung meninggalkan rumah korban usai memerkosa.
Pelaku sempat bersantai di TKP dengan meminta minum air putih dan menghisap
tiga batang rokok.

""Setelah itu, pelaku kabur, karena memang posisi rumah korban berada paling
ujung dan dekat hutan. Atas kejadian itu, korban melapor polisi. Saat ini,
polisi tengah mengejar terduga pelaku yang sudah dikantongi identitasnya,
doakan saja segera tertangkap,"" tegas Mardi.

[Gambas:Video 20detik]

  
  

 ",www.detik.com
Runutan Penyelidikan Polisi Bongkar Pembunuhan Sadis Dini Nurdiani,"Minggu, 15 Mei  2022 10:31 WIB","\-

Seorang perempuan bernama Dini Nurdiani (26) ditemukan dalam keadaan tewas dua
hari lalu di daerah Bekasi. Warga Cengkareng, Jakarta Barat, ini sebelumnya
menghilang dari rumahnya setelah pamit pergi untuk buka puasa bersama (bukber)
pada 26 April 2022.

Hasil penyelidikan mengungkap Dini dibunuh oleh seorang perempuan berinisial
NU (24). Pihak kepolisian diketahui membutuhkan waktu hampir satu bulan untuk
mengungkap kasus tersebut.

""Kurang-lebih satu bulan dari awal keluarganya melaporkan ke Polsek
Cengkareng. Awalnya saat itu melaporkan bahwa keluarganya ada yang hilang,""
kata Kanit Reskrim Polsek Cengkareng AKP Ali Barokah saat dihubungi, Minggu
(15/5/2022).

Ali mengatakan pihaknya lalu mulai melakukan rangkaian penyelidikan dalam
mengungkap keberadaan dari Dini yang dinyatakan hilang tersebut. Awalnya,
pihak keluarga Dini yang dimintai keterangan oleh polisi.

""Kita lidik dari keluarganya kita mintai keterangan. Dari orang-orang yang
terindikasi dekat dengan korban sampai akhirnya ada titik terang itu,"" ujar
Ali.

Titik terang kasus itu berawal saat polisi memeriksa rekan kerja korban. Dari
keterangan rekan kerja itu, didapatkan informasi korban tengah menjalin
hubungan dengan seorang pria yang belakangan diketahui merupakan suami pelaku.

""Jadi ada kita mintai keterangan dari orang terdekat tempat dia kerja jadi
memang pada saat itu kita koordinasi dengan tempat kerja dia ada CCTV pada
saat korban pulang. Itu kita mintai keterangan yang di kantor sampai ada titik
terang ada orang-orang yang dikatakan teman dekatlah. Kita coba telusuri dan
akhirnya benar ada yang kita curigai,"" jelas Ali.

Setelah melakukan pemeriksaan kepada keluarga, rekan kerja, hingga suami
pelaku, polisi menemukan bukti bahwa NU merupakan pelaku pembunuhan berencana
kepada Dini. Dugaan itu juga diperkuat oleh analisis IT yang dilakukan
penyidik.

""Kita urut dari mulai di lingkungan kerja, korban pulang, dan pakai analisa IT
akhirnya terungkap pelakunya dan pelakunya tunggal,"" tutur Ali.

 _Simak awal mula kasus saat Dini dinyatakan hilang. Selengkapnya di halaman
berikutnya:_

 __

[Gambas:Video 20detik]

  
  

Selanjutnya __

Halaman

1  2

 ",www.detik.com
Polisi Temukan Kejanggalan Kasus Perampokan Rp 150 Juta Guru SD di Mojokerto,"Selasa, 22 Feb 2022 15:59 WIB","\-

Penyelidikan yang dilakukan polisi terhadap kasus perampokan seorang guru SD
justru menemukan sejumlah kejanggalan. Salah satunya, korban ternyata tidak
pernah mencairkan deposito Rp 150 juta di bank.

Kasat Reskrim Polres Mojokerto AKP Tiksnarto Andaru Rahutomo mengatakan Sri
Wahyuliati Ningsih (42) melaporkan perampokan tersebut ke Polsek Ngoro pada
Senin (21/2) sekitar pukul 13.00 WIB.

Pihaknya pun menerjunkan dua tim sekaligus untuk menyelidiki kasus tersebut.
Salah satunya dengan melakukan pengecekan ke Bank Jatim Cabang Pembantu
Mojosari, Mojokerto.

Karena di bank inilah Sri mengaku mencairkan deposito miliknya senilai Rp 150
juta pada Senin (21/2) sekitar pukul 10.00 WIB. Bahkan, polisi juga memeriksa
rekaman CCTV di bank tersebut.

""Kejanggalan pertama, hasil pengecekan kami di bank tidak ada penarikan
deposito yang dilakukan SWN (Sri) sebesar Rp 150 juta. Rekening SWN hanya
tersisa kurang lebih Rp 3 juta saja,"" kata Andaru kepada wartawan, Selasa
(22/2/2022).

Berbekal hasil pengecekan di bank tersebut, lanjut Andaru, pihaknya kembali
menggali keterangan dari Sri. Kali ini, guru salah satu SDN di Kecamatan
Ngoro, Mojokerto itu mengubah ceritanya.

""Kejanggalan kedua, keterangan dia (Sri) berubah, dia mengaku kehilangan tas
berisi uang Rp 500 ribu lebih, kartu ATM dan SIM saat pulang dari sekolah
tempatnya mengajar,"" terangnya.

Sejurus kemudian, kata Andaru, Sri mendadak pingsan. Sehingga perempuan asal
Desa Jiken, Kecamatan Tulangan, Sidoarjo itu dilarikan ke RS Dharma Husada,
Ngoro. Ternyata, Sri hanya berpura-pura sakit untuk mengelabui polisi.

""Setelah diperiksa dokter, yang bersangkutan kondisinya sehat semua, hanya
pura-pura sakit saja,"" ungkapnya.

Saat ini, polisi masih menyelidiki kebenaran laporan Sri terkait perampokan
yang menimpanya. Guru SD ini mengaku dirampok 4 orang di Jalan Raya Desa
Tanjangrono, Ngoro, Mojokerto, tepatnya di Jembatan Tanjangrono pada Senin
(21/2) sekitar pukul 11.45 WIB.

Menurut pengakuannya, pelaku mengendarai sepeda motor Honda Vario dan Yamaha
RX King warna hitam. Sementara Sri seorang diri mengendarai sepeda motor Honda
BeAT nopol W 4351 NCE.

Komplotan perampok kabur setelah merampas tas miliknya yang berisi uang Rp 150
juta. Sri mengaku baru mencairkan uang tersebut dari Bank Jatim Cabang
Pembantu Mojosari sekitar pukul 10.00-11.15 WIB.

  
  
  
[Gambas:Video 20detik]  

 ",www.detik.com
"Curi Kayu Cendana untuk Biaya Nikah, Pria di Playen Dibekuk Polisi","Selasa, 24 Mei  2022 17:25 WIB","\-

Polisi membekuk pria inisial FS (30) karena mencuri 14 batang kayu cendana di
hutan Kawasan Hutan Dengan Tujuan Khusus (KHDTK) Playen, Kabupaten
Gunungkidul. FS mengaku nekat mencuri karena membutuhkan uang untuk biaya
nikah.

Kapolsek Playen AKP Hajar Wahyudi mengatakan, bahwa kejadian bermula saat
pelapor melakukan patroli di Hutan KHDTK, Pedukuhan Gading V, Playen, Senin
(25/4) pagi. Ketika berjalan kaki, pelapor mendapati lubang bekas galian di
tanah dan terdapat potongan batang serta ranting pohon jenis cendana di
sekitar lubang galian tersebut.

""Selanjutnya pelapor mengecek lokasi lain dan menemukan ada bekas galian lain
di tanah beserta potongan batang pohon cendana dan bekas ranting,"" kata Hajar
saat dihubungi , Selasa (24/5/2022).

Lebih lanjut, pelapor mengamankan potongan kayu cendana tersebut di pos jaga
Perhutani. Karena curiga telah terjadi tindak pencurian, pelapor kemudian
melaporkan kejadian tersebut ke Polsek Playen.

""Setelah lidik, pada hari Jumat (20/5) pelaku berhasil diamankan di rumahnya,""
ujarnya.

Selain mengamankan FS warga Kapanewon Playen, polisi juga mengamankan barang
bukti berupa satu gergaji tangan, sebilah sabit, satu tas punggung, satu bor
tangan dan 14 batang potongan kayu cendana. Dari hasil pemeriksaan, FS
mengakui orang yang melakukan pencurian kayu cendana di lokasi tersebut.

""Dari pengakuan, pelaku kayu hasil curiannya dijual ke orang lain dan uangnya
untuk biaya nikah,"" ucapnya.

Atas perbuatannya, FS disangkakan pasal 12 huruf b dan atau c Jo pasal 82 ayat
(1) huruf b dan atau c Undang-undang RI No.18 Tahun 2013 tentang penebangan
pohon dalam kawasan hutan tanpa izin yang dikeluarkan oleh pejabat berwenang.

""Untuk ancaman hukumannya minimal lima tahun penjara dan maksimal 15 tahun
penjara, serta pidana denda paling sedikit Rp 5 miliar dan paling banyak Rp 15
miliar,"" ujar Hajar.

  
  
  
[Gambas:Video 20detik]  

 ",www.detik.com
Pria yang Ditembak Mati di Sumenep Sebelumnya Begal Seorang Perempuan,"Minggu, 13 Mar 2022 22:24 WIB","\-

Seorang pria di Sumenep jatuh tersungkur ditembak. Sebelum tewas ditembak,
pria tersebut berusaha membegal seorang perempuan di Jalan Adirasa, Sumenep,
Madura.

""Mau merampas sepedanya (korban), jadi ditodong dengan celurit,"" ujar Kasubbag
Humas Polres Sumenep AKP Widiarti kepada wartawan, Minggu (13/3/2022).

Widiarti mengatakan saat ditodong dengan celurit, korban berteriak-teriak
minta tolong. Polisi yang mendapat info segera meluncur ke lokasi.

Polisi yang mendapati pelaku masih ada di lokasi segera memberikan peringatan
kepada pelaku. Namun pelaku justru mendekati polisi sambil menenteng celurit
di tangannya.

Polisi pun memberikan tembakan peringatan. Saat tembakan peringatan tak
diindahkan. Tembakan terukur pun diarahkan ke korban. Korban jatuh tersungkur
setelah ditembak.

""Sebelum sampai rumah sakit pelaku dinyatakan meninggal dunia,"" kata Widiarti.

Korban sendiri, kata Widiarti, tidak mengalami luka. ""Untuk korban belum
mengalami luka karena petugas dengan sigap melakukan tugasnya,"" tandas
Widiarti.

Sebelumnya viral sebuah video menampilkan seorang pria ditembak. Peristiwa itu
terjadi Minggu (13/3/2022) sore di Jalan Adirasa, Sumenep, Madura.

Dalam video berdurasi 26 detik itu tampak seorang pria memakai jaket kulit
hitam dan berhelm putih tengah menenteng celurit di jalanan. Tak lama
terdengar beberapa suara tembakan. Sesaat kemudian pria tersebut ambruk di
jalan.

Usai ambruk, pria tersebut kemudian didatangi sejumlah orang. Salah satu orang
itu tampak langsung mengamankan clelurit yang dibawa pria itu.

  
  
  
[Gambas:Video 20detik]  

 ",www.detik.com
"Sosok Neneng Umaya, Pembunuh Dini Nurdiani di Kasus Cinta Segitiga","Senin, 16 Mei  2022 13:27 WIB","\-

Pelaku pembunuhan kepada Dini Nurdiani (26) telah ditangkap. Pelaku diketahui
bernama Neneng Umaya (24). Neneng diketahui merupakan istri dari pria
berinisial ID (27), yang merupakan rekan kerja Dini Nurdiani.

Neneng Umaya ditangkap di kediamannya di Cipayung, Jakarta Timur, pada Jumat
(13/5/2022). Dia ditangkap hampir dua pekan selepas jasad Dini ditemukan di
Bekasi pada Minggu (1/5).

Tidak ada bantahan dari Neneng saat ditangkap polisi. Pelaku mengakui
perbuatannya setelah cemburu karena suaminya selingkuh dengan korban. Neneng
dan pria ID diketahui menikah dan saat ini telah memiliki tiga orang anak.

""Jadi begini, berawal dari istrinya _ngecek handphone_ suaminya dan ada
WhatsApp yang berisi 'kapan kamu ceraikan istri'. Suami jawab 'iya nanti habis
Lebaran'. Korban bilang 'perlu nggak saya antarkan ke pengadilan',"" kata
Kapolsek Cengkareng Kompol Ardhie Demastyo kepada wartawan, Senin (16/5/2022).
Dia membacakan isi _chat_ korban dan suami pelaku.

Isi percakapan itulah yang menyulut amarah Neneng Umaya. Pelaku pun
merencanakan untuk menghabisi nyawa Dini Nurdiani.

Dalam melakukan aksinya Neneng menjebak Dini untuk pergi buka bersama pada 26
April lalu. Saat itu pelaku mengaku seolah-olah sebagai keponakan dari ID.

""Jadi pada saat sampai TKP seolah-olah mau ketemu suaminya. Awalnya curiga
kenapa saya (Dini) dibawa ke sini. Si ID nanti datang lagi di perjalanan
ditunggu saja,"" kata Ardhie. Dia menirukan pembicaraan Dini dengan N sebelum
pembunuhan terjadi.

### Kasus Dilimpahkan ke Polres Metro Bekasi Kota

Setelah Neneng Umaya ditangkap, tersangka lalu diserahkan ke Polres Metro
Bekasi Kota. Sebab, lokasi pembunuhan itu berada di wilayah Bekasi.

Kasat Reskrim Polres Metro Bekasi Kota Kompol Ivan Adhitira mengatakan Neneng
saat ini telah menjalani pemeriksaan. Dia pun telah ditahan.

""Saat ini Neneng Umaya telah ditahan di Polres Metro Bekasi Kota,"" ujar Ivan.

Ivan mengatakan saat ini pihaknya masih memeriksa intensif Neneng. Hasil
pemeriksaan sejauh ini ditemukan pengakuan pelaku yang dalam kondisi sadar
saat melakukan aksi pembunuhannya.

""Saat ini dia dengan sadar melakukan pembunuhan. Dia mengakui melakukan
pembunuhan, tapi apakah motifnya direncanakan atau tidaknya sedang kita
dalami,"" kata Ivan.

Menurut Ivan, pelaku Neneng sejauh ini bersikap kooperatif saat diperiksa.
Tiap jawaban yang diberikan pun dinilai konsisten.

Dari pemeriksaan sejauh ini, polisi menilai tidak ada indikasi pelaku memiliki
masalah gangguan kejiwaan.

""Intinya tidak ada masalah dari kejiwaan yang bersangkutan. Dia sadar, dia
tahu, dia melakukan apa, terus dia mengakui juga bahwa dia melakukan
pembunuhan terhadap saudari D ya,"" terang Ivan.

 ",www.detik.com
Babak Baru Kasus Suami Tewas Dihabisi Selingkuhan Istri di Kulon Progo,"Senin, 30 Mei  2022 12:30 WIB","\-

Seorang suami di Kulon Progo, Daerah Istimewa Yogyakarta (DIY) tewas di tangan
selingkuhan istrinya. Polisi membeberkan hasil autopsi jenazah korban yang
dilakukan oleh Rumah Sakit Bhayangkara Polda DIY.

Kasi Humas Polres Kulon Progo, Iptu I Nengah Jeffry, mengatakan pihaknya sudah
menerima surat Visum Et Repertum (VER) atas jasad Ngatiman alias Proyo (38),
pria asal Dusun Tangkisan II, Kalurahan Hargomulyo, Kapanewon Kokap, Kulon
Progo. Sebelumnya Proyo tewas usai berkelahi dengan Slamet Riyadi alias Kelik
(45), yang merupakan selingkuhan istrinya beberapa waktu lalu.

""Hasilnya sudah kita ambil, untuk hasilnya sudah tertuang dalam surat VER
bahwa yang menyebabkan kematian korban Ngatiman alias Proyo disebabkan
benturan benda tumpul,"" ungkap Jeffry saat dimintai konfirmasi oleh wartawan,
Senin (30/5/2022).

Jeffry menjelaskan benturan benda tumpul itu menyebabkan beberapa bagian tubuh
korban mengalami pendarahan. Termasuk organ dalam, ditemukan adanya resapan
darah. Hal ini diduga kuat menyebabkan korban meninggal dunia.

""Benturan ini menyebabkan kepala korban bagian belakang, dahi, pelipis, serta
dada adanya ditemukan resapan darah, sehingga menyebabkan kerusakan pada
kepala dan menyebabkan kematian korban,"" terangnya.

Jeffry menjelaskan hasil VER ini menjadi berkas penting untuk melengkapi
proses hukum terhadap tersangka Kelik. Setelah ini, polisi bersama Jaksa
Penuntut Umum (JPU) Kejaksaan Negeri Kulon Progo akan menggelar rekonstruksi
kejadian sejak korban bertemu pelaku hingga akhirnya meregang nyawa.

""Untuk pemberkasan kita sedang berusaha kita lengkapi dan kita kirimkan ke
JPU, kemudian berkordinasi terkait rekontruksi bersama rekan-rekan JPU,""
terangnya.

Soal pasal yang diterapkan terhadap tersangka, Jeffry menyatakan masih sama,
yaitu Pasal 351 ayat 3 tentang penganiayaan hingga menyebabkan jatuhnya korban
jiwa. Ancaman hukumannya 7 tahun penjara.

""Untuk pasal sendiri kita masih menerapkan pasal 351 ayat 3 ancaman hukuman 7
tahun penjara dan tersangka masih tunngal yaitu saudara Slamet Riyadi alias
Kelik,"" jelasnya.

Seperti diketahui, Ngatiman alias Proyo meninggal dunia setelah terlibat
perkelahian dengan Kelik, selingkuhan istrinya. Kasus ini terjadi di wilayah
Dusun Tangkisan II, Kalurahan Hargomulyo, Kokap, Kulon Progo, pada Rabu
(4/5/2022), tetapi baru diketahui oleh kepolisian pada Minggu (8/5/2022).

Proyo ditemukan tak bernyawa di jalan cor blok yang berjarak sekitar 100 meter
dari rumahnya pada Rabu malam lalu. Jasadnya sudah dikebumikan di TPU Ngeden,
desa setempat sehari kemudian.

Dalam proses penyidikan, polisi turut menggali keterangan dari 6 orang saksi,
terdiri dari istri dan tetangga sekitar rumah korban. Dari sinilah terkuak
fakta bahwa sebelum ditemukan meninggal dunia, korban sempat terlibat
keributan dengan seorang warga bernama Kelik. Kelik sendiri merupakan tetangga
korban.

Polisi kemudian mencari keberadaan Kelik untuk diperiksa sebagai saksi. Dalam
proses interogasi Kelik mengaku telah melakukan tindakan penganiayaan terhadap
korban. Pemicunya karena ketahuan telah bermesraan dengan istri korban.

  
  
  
[Gambas:Video 20detik]  

 ",www.detik.com
Terungkap Dugaan Aksi Cabul Guru SD di Bulukumba Usai Korban Di-bully Teman,"Selasa, 03 Mei  2022 08:00 WIB","\-

Terungkap dugaan guru sekolah dasar (SD) berinisial MA di Kabupaten Bulukumba,
Sulawesi Selatan (Sulsel) memperkosa muridnya yang masih berusia 10 tahun.
Dugaan cabul itu terkuak saat korban dibuli rekan-rekannya.

Ayah korban, Kamaruddin mengatakan dugaan pemerkosaan ini terungkap setelah
korban dibuli teman-teman mengajinya di masjid di wilayah Kecamatan Bulukumpa
pada Rabu (27/4). Korban dibuli rekannya sesama bocah karena dituding dipacari
guru MA.

""Dibuli sama teman-temannya, di situ terungkap ceritanya, _dicewek_ (korban
dipacari) sama itu guru sekolahnya,"" kata Kamaruddin kepada , Senin (2/5).

  

Akibatnya korban mengadu ke guru mengajinya bahwa ia telah diperkosa oleh guru
MA. Peristiwa dugaan pemerkosaan itu akhirnya turut diketahui Kamaruddin.

""(Korban mengadu) pernah _napanggil_ guruku ke rumahnya, _napanggil_ ke kamar
(selanjutnya korban menceritakan peristiwa diperkosa MA),"" ujar Kamaruddin.

## Korban Diduga Diperkosa di Rumah dan Sekolah

MA diduga pertama kali memperkosa korban di rumah terlapor pada Februari 2022.
Sementara pemerkosaan yang kedua terjadi di sekolah saat bulan puasa.

""Februari (pertama kali korban diperkosa di rumah). Yang kedua kalinya bulan
puasa hari Sabtu 23 April di kantor sekolah,"" kata Kamaruddin.

Atas pengakuan anaknya, Kamaruddin langsung melaporkan MA ke kepala dusun
karena terlapor tinggal di desa yang sama dengan korban. Kamaruddin juga
melapor ke Polres Bulukumba pada Jumat (29/4).

Dalam laporannya, korban membuat laporan dugaan pemerkosaan. Surat tanda
terima laporan polisi oleh korban teregistrasi dengan nomor
STTLP/B/272/IV/2022/SPKT/Polres Bulukumba/Polda Sulawesi Selatan.

""(Sudah) melapor Polres langsung ke Bulukumba. (Laporan tentang pidana)
Pemerkosaan,"" ujar Kamaruddi.

  
  
  
[Gambas:Video 20detik]  

 ",www.detik.com
"3 Kali Beraksi, Begal di Pulogadung Ditembak Mati","Kamis, 07 Jun 2018 12:23 WIB","\- Begal bernama Raka Jatiyanto (21) ditembak mati polisi karena melawan
sesaat setelah ditangkap. Raka disebut beberapa kali melakukan pembegalan di
wilayah Pulogadung, Jakarta Timur.  
  
""Saat dibawa untuk menunjukkan lokasi persembunyian temannya yang kabur di
kawasan Matraman, pelaku tiba-tiba berusaha melawan dengan merebut senjata,""
ujar Kapolsek Pulogadung Kompol Sukadi di kantornya, Jalan Raya Bekasi Timur,
Jakarta Timur, Kamis (7/6/2018).  
  
""Anggota pun langsung mengambil tindakan tegas dengan menembak pelaku di
bagian dada. Pelaku tewas saat perjalanan ke rumah sakit,"" imbuh Sukadi.  
  

Penangkapan Raka berawal dari laporan seorang korbannya yang dibegal di Jalan
Cipinang Baru Raya. Korban yang saat itu duduk di pinggir jalan tiba-tiba
didatangi Raka dan seorang temannya bernama Aang Ika. Keduanya merampas
telepon seluler (ponsel) korban dan melukainya dengan sebilah celurit.  
  

![3 Kali Beraksi, Begal di Pulogadung Ditembak
Mati](https://akcdn.detik.net.id/community/media/visual/2018/06/07/5701f07a-de0b-4ca6-bdc3-3e33ec6cef00_169.png?w=620)Konferensi
pers di Mapolsek Pulogadung (Foto: Ibnu Hariyanto/detikcom)  
  
---  
  
  
  
""Pelaku membacokkan senjata tajam ke arah korban. Korban pun mengalami luka di
bagian punggung sebelah kanan dan sebelah kiri. Saat ini masih menjalani
perawatan di rumah sakit,"" sebut Sukadi.  
  
Raka pun ditangkap pada hari yang sama dengan peristiwa tersebut yaitu pada
Selasa, 5 Juni lalu. Sedangkan Aang berhasil melarikan diri.  
  
""Pelaku ini sudah sering melakukan begal di wilayah Pulogadung. Dia mengaku
sudah tiga kali dan semua korbannya dilukai oleh pelaku ini,"" imbuh Sukadi.  
  
Selain itu, polisi menyita senjata tajam jenis celurit dan ponsel. Di samping
itu, pengejaran terhadap Aang masih digencarkan.

 ",www.detik.com
8 Pemerkosa 2 ABG di Bener Meriah Aceh Terancam 200 Bulan Bui,"Sabtu, 21 Mei  2022 19:08 WIB","\-

Delapan tersangka pemerkosa 2 anak di bawah umur di Bener Meriah dijerat
dengan pasal berlapis di Qanun Jinayat. Kedelapan tersangka terancam dihukum
maksimal 200 bulan penjara.

""Pelaku akan dijerat dengan pasal 50 Jo 47 Jo 26 Qanun Aceh Nomor 6 tahun 2014
tentang hukum Jinayat Jo Undang-undang Republik Indonesia Nomor 11 Tahun 2012
tentang sistem peradilan anak,"" kata Kapolres Bener Meriah AKBP Indra Novianto
kepada wartawan, Sabtu (21/5/2022).

Pasal 50 dalam Qanun Jinayat adalah tentang pemerkosaan terhadap anak.
Sedangkan pasal 47 mengatur hukuman bagi pelaku pelecehan seksual serta pasal
26 tentang ikhtilat (bercumbu) dengan anak.

  

Dalam qanun, ada tiga hukuman yang diatur yakni cambuk, atau denda atau
penjara. Bagi pemerkosa anak dapat dihukum maksimal 200 kali cambuk, atau
denda maksimal 2.000 gram emas murni atau penjara maksimal 200 bulan.

""Ancaman hukumannya denda 2.000 gram emas murni atau penjara paling lama 200
bulan,"" jelas Indra.

Kasus pemerkosaan remaja berusia 15 dan 16 tahun itu terjadi pada 17-19 Mei.
Korban diperkosa oleh delapan orang yakni pelaku berusia 17 tahun, pelaku
berusia 19 tahun, ESP (24), AR (22), ZR (22), SP (24), WS (22), MK (22).

Mereka diperkosa di sebuah gudang durian di Bener Meriah. Kasus itu terungkap
setelah korban melaporkan aksi pemerkosaan yang dialaminya ke orang tuanya.
Tak terima anaknya dilecehkan, orang tua korban kemudian melapor ke polisi.

Usai mendapat laporan, polisi turun tangan melakukan penyelidikan. Dalam
hitungan jam, polisi menciduk para tersangka di rumah masing-masing, Kamis
(19/5).

Polisi masih mendalami kasus pemerkosaan tersebut. Para tersangka masih
diperiksa di Satreskrim Polres Bener Meriah.

""Saat ini pihak kepolisian yakni unit PPA Satreskrim Polres Bener masih
melakukan pemeriksaan intensif terhadap kedelapan pelaku dan saksi-saksi,""
ujar Indra.

  
  
  
[Gambas:Video 20detik]  

 ",www.detik.com
"Begal di Bengkulu Diringkus Saat Sedang Hadiri Hajatan, Ditembak Polisi","Selasa, 01 Mar 2022 18:05 WIB","\-

Polisi menangkap pelaku yang membegal tiga guru di Desa Apur, Kecamatan
Sindang Beliti Ulu, Kabupaten Rejang Lebong, Bengkulu, berinisial AN alias
Dores (19). Polisi menembak AN karena berusaha kabur saat ditangkap.

""AN (19) alias Dores, warga Desa Apur, Kecamatan Sindang Beliti Ulu, berhasil
ditangkap. Lantaran berusaha kabur dan melawan petugas saat akan diamankan, AN
terpaksa dilumpuhkan,"" kata Kapolres Rejang Lebong AKBP Tonny Kurniawan dalam
jumpa pers di kantornya, Selasa (1/3/2022).

Peristiwa pembegalan terhadap tiga orang guru itu terjadi pada Kamis (24/2)
lalu. Ketiga guru atas nama Endang Purwanti (28), Erfiana (25), dan Sintia
(27) dibegal saat berada di Desa Apur.

Saat itu, ketiga korban sedang pulang ke rumah di Desa Air Meles Atas,
Kecamatan Selupu Rejang. Mereka mengendarai dua sepeda motor.

Namun, saat ketiganya tiba di Desa Apur, korban dicegat pelaku. Pelaku membawa
sebatang kayu dan sebilah pisau.

Korban yang ketakutan langsung menghentikan sepeda motornya. Karena takut,
korban menyerahkan sepeda motor miliknya kepada pelaku.

Hingga akhirnya, pelaku diciduk polisi. AN sedang berada di salah satu tempat
hajatan di Desa Apur saat ditangkap.

 ",www.detik.com
"Pemotor di Bogor Jadi Korban Begal, Duit Rp 20 Juta Raib","Selasa, 31 Mei  2022 14:19 WIB","\-

Seorang pria di Bogor menjadi korban begal di Jalan Bojongmenteng, Kecamatan
Bogor Barat, Kota Bogor. Korban berinisial AM ditendang saat berkendara hingga
terjatuh dari motor.

Kasubsie Humas Polresta Bogor Kota Ipda Rachmat Gumilar mengatakan aksi begal
itu terjadi pada Senin (30/5/2022) dini hari. Saat itu, menurut Rachmat,
korban dalam perjalanan pulang menuju rumahnya di Desa Mekar Jaya, Kecamatan
Ciomas, Kabupaten Bogor.

""Saat kejadian, korban sedang mengendarai motor, mau arah pulang, kemudian
dipepet oleh dua pria yang juga mengendarai motor. Korban langsung ditendang
dan jatuh dari motor,"" kata Rachmat, Selasa (31/5).

Ketika korban jatuh dari motornya, kata Rachmat, salah satu pelaku turun dari
motor dan merampas tas milik korban yang masih tersangkut di punggungnya. Tas
itu berisi uang Rp 20 juta milik korban.

""Tas korban diambil pelaku, isinya uang Rp 20 juta. Atas kejadian tersebut,
korban mengalami luka lecet di lengan tangan kanan dan luka lecet di kaki
sebelah kanan,"" ucap Rachmat.

Rachmat mengatakan Polsek Bogor Barat dibantu Sareskrim Polresta Bogor Kota
masih melakukan penyelidikan kasus ini.

""Korban sudah melapor ke Polsek Bogor Barat. Kasus ini dalam penyelidikan
Satreskim Polresta dan Unit Reskrim Polsek Bogor Barat,"" tutupnya.

 ",www.detik.com
"Butuh Uang untuk Senang-senang, Pasangan Kekasih di Ngawi Nekat Curi Motor","Senin, 31 Jan 2022 12:23 WIB","\-

Polisi mengamankan pasangan kekasih yang nekat mencuri motor. Pasangan kekasih
muda ini nekat mencuri lantaran butuh uang untuk bersenang-senang.

""Betul kami amankan pasangan kekasih yang melakukan pencurian sepeda motor di
Ngawi. Alasannya butuh uang untuk bersenang-senang,"" ujar Kapolres Ngawi AKBP
I Wayan Winaya saat dikonfirmasi detikJatim Senin (31/1/2022).

Pelaku adalah IV (21), warga Ngasiman, Bojonegoro dan dan DW (20), warga Cepu,
Blora. Mereka terbukti melakukan pencurian sepeda motor milik korban DP (20),
warga Desa Randusongo, Gerih, Ngawi.

""Jadi korban pencurian pelajar dan lokasi pencurian di rumah hunian Noufal
Kost depan Akper Ngawi masuk Kelurahan Karangtengah Kecamatan Ngawi kota,""
kata Winaya.

Winaya mengatakan selain mengamankan pasangan kekasih, polisi juga mengamankan
sang penadah yakni EYA (24) warga Kelurahan Ledokwetan, Bojonegoro. Pasangan
kekasih tersebut menjual sepeda motor hasil curian kepada penadah melalui
media sosial Facebook.

""Jadi pelaku pencurian menjual hasil curian ke penadah lewat Facebook.
Sehingga turut kita amankan juga,"" jelas Winaya.

Kasat Reskrim Polres Ngawi AKP Toni Hermawan menjelaskan aksi pencurian sepeda
motor Honda C 100M modif C70 bernpol AG-5269-WK terjadi pada Kamis 20 Januari
2022 sekitar pukul 16.00 WIB. Korban memarkir kendaraan di tempat parkir
tenpat mereka kos.

""Jadi saat korban ingin berangkat pratik kerja lapangan (PKL) sepeda motor
tidak ada di lokasi,"" jelas Toni.

Toni menambahkan, pengungkapan kasus ini atas laporan korban melihat sepeda
motornya ditawarkan di Facebook. Dari pengakuan DW dirinya sudah menasehati
pria kekasihnya untuk tidak mencuri.

""Jadi korban melihat sepeda motornya ditawarkan di Facebook dan melapor ke
Polisi. Akhirnya kita berhasil mengamankan pelaku. Kasihan yang tersangka
wanita sudah menasehati kekasihnya tapi tidak dihiraukan,""papar Toni.

""Tersangka kita jerat Pasal 363 Ayat (1) ke 4e dan 5e KUHP dengan ancaman lima
tahun penjara,""tandasnya.

  
  
  
[Gambas:Video 20detik]  

 ",www.detik.com
"Bikin Resah Warga, 9 Pelaku Begal Sadis di Depok dan Bekasi Ditangkap","Rabu, 20 Okt 2021 01:14 WIB","\-

Polda Metro Jaya mengungkap kasus begal sadis yang meresahkan warga Depok dan
Bekasi, Jawa Barat. Dari dua kelompok ini, polisi mengamankan 9 pelaku dengan
sejumlah barang bukti senjata tajam.

Kabid Humas Polda Metro Jaya Kombes Yusri Yunus menjelaskan, para pelaku ini
terbilang sadis. Para pelaku yang mempersenjatai diri dengan senjata tajam ini
tidak segan-segan melukai korbannya.

Polisi menangkap 7 pelaku begal di Tarumajaya, Bekasi. Selin itu, polisi juga
menangkap pelaku yang bertugas menyiapkan senjata tajam kepada eksekutor.

""Pelaku total ada tujuh kita amankan. Lima beraksi membegal, satu menyiapkan
sajam dan satu penadah,"" ucap Yusri kepada wartawan, Selasa (19/10/2021).

Yusri menyebut, para pelaku menggunakan senjata tajam (sajam) jenis celurit.
Para pelaku membacok korban di bagian tangan kiri lalu membawa kabur ponsel
dan sepeda motor milik korban.

""Satu korban luka bacokan di tangan kiri. Korban tergeletak. Dengan kendaraan
roda dua dibawa dan HP direbut saat itu oleh pelaku-pelaku. Salah satu pelaku
membacok menggunakan celurit,"" ungkap Yusri.

Menurut Yusri, para pelaku biasanya beraksi secara berkelompok. Dirinya
menyebut, aksi begal yang dilakukan para pelaku sering kali terjadi pada
tengah malam dan di lokasi yang terkenal sepi.

""Modusnya pelaku biasanya mencari jam rawan tengah malam. Kemudian lokasi yang
memang rawan tempat sepi, melihat ada korban ada ajakan melintas di tempat
sepi lalu melakukan aksi mereka biasa berkomplotan,"" kata Yusri.

 _Simak komplotan begal di Depok di halaman selanjutnya......_

Selanjutnya __

Halaman

1  2

 ",www.detik.com
Motif Dendam di Balik Pembunuhan Mamih Juju,"Jumat, 20 Mei  2022 17:20 WIB","\-

Polisi telah menetapkan Jahoor Ul Hassan sebagai tersangka atas pembunuhan
Juju Juariyah (46) alias Mamih Juju, warga Kabupaten Tasikmalaya. Dendam
menjadi motif pria tersebut bunuh Mamih Juju.

Tersangka merupakan warga negara Pakistan sekaligus mantan suami korban. Atas
perbuatan kejinya, pria 42 tahun itu kini mendekam di tahanan Polres
Tasikmalaya Kota.

""Motifnya ini karena dendam, dari hasil pendalaman dan pemeriksaan saksi-saksi
ditemukan bahwa tersangka dendam karena dicerai dan yang kedua dendam karena
tidak dibagi hasil usaha atau harta gono-gini. Karena korban dan tersangka
sudah bercerai selama kurang lebih 3 bulan,"" kata Kabid Humas Polda Jabar
Ibrahim Tompo didampingi Kapolres Tasikmalaya Kota AKBP Aszhari Kurniawan di
Mapolres, Jumat (20/5/2022).

  

Kejadian pembunuhan itu, dijelaskan Ibrahim diawali oleh kedatangan Jahoor ke
Ruko milik Mamih Juju.

""Maksud kedatangan Jahoor awalnya mengajak rujuk. Selain itu dia juga
mempertanyakan pembagian hasil usaha atau gono gini. Karena keduanya sudah
bercerai selama 3 bulan,"" kata Ibrahim.

Perbincangan itu diduga berujung kekesalan Jahoor karena keinginannya tak
dipenuhi oleh korban. ""Setelah itu pelaku melakukan aksi kekerasan hingga
korban meninggal dunia,"" kata Ibrahim.

Terkait status kewarganegaraan tersangka, Ibrahim menegaskan kendati warga
negara asing tetap harus tunduk dan patuh terhadap hukum di negara Indonesia.

""Undang-undang yang diterapkan sudah pasti undang-undang yang berlaku di
Indonesia. Tersangkanya akan dihukum di Indonesia. Perkara ini sudah
diinformasikan kepada pihak kedutaan Pakistan,"" kata Ibrahim.

 ",www.detik.com
"Sakit Hati Diputuskan-Sebar Video Bugil Mantan Pacar, Pria di Berau Diciduk","Rabu, 01 Jun 2022 17:15 WIB","\-

Remaja inisial MT (18) di Kabupaten Berau, Kalimantan Timur (Kaltim) ditangkap
polisi usai menyebar sejumlah video dan foto bugil mantan pacarnya yang masih
berusia 14 tahun. MT kesal karena korban memutuskan hubungan mereka secara
sepihak.

""Setelah hubungannya diputus, tersangka ini sakit hati terhadap korban dan
mengirim foto serta video telanjang ke keluarganya (keluarga korban),"" ungkap
Kasi Humas Polres Berau Iptu Suradi kepada , Rabu (1/6/2022).

Suradi mengatakan kasus ini berawal saat MT menyimpan foto bugil korban yang
diperoleh dengan cara screenshot saat keduanya melakukan video call. Pada
Maret 2022, MT memaksa korban selaku pacarnya berhubungan badan dengan cara
diancam foto bugil korban bakal disebar.

  

""Jadi tanpa sepengetahuan korban, tersangka ini mengambil foto dan video saat
korban telanjang dan menyimpannya. Karena korban takut, akhirnya korban
mengikuti kemauan tersangka,"" kata Suradi.

Korban mengikuti kemauan MT bertemu di salah satu penginapan. Selanjutnya
korban dipaksa berhubungan badan hingga empat kali.

Kemudian pada Mei 2022, korban dituding pelaku memiliki pria idaman lain pada
Mei 2022. Korban yang tak tahan dengan sikap MT lantas memutuskan pelaku.

Karena sakit hati, pelaku MT menggunakan cara lama dengan cara mengancam
menyebarkan foto bugil korban. Selanjutnya MT benar-benar menyebarkan foto
bugil sang mantan ke kakak korban.

""Tersangka mengirimkan video bugil ke kakak korban pada 1 Mei 2022 dan
berlanjut mengirimkan foto dan video lainnya pada 7 Mei dan 26 Mei 2022,"" ujar
Suradi.

Lantaran tak terima atas tindakan MT, kakak korban melaporkan kejadian itu ke
kantor polisi pada Senin (27/5). Tanpa butuh waktu lama polisi langsung
meringkus MT di rumahnya.

""Diketahui juga, foto dan video bugil korban turut disebarkan tersangka ke
teman-teman korban,"" imbuhnya.

Saat ini MT telah ditahan di Polres Berau guna pemeriksaan lebih lanjut. Atas
perbuatannya MT terancam 15 tahun penjara usai dijerat UU Perlindungan Anak.

  
  
  
[Gambas:Video 20detik]  

 ",www.detik.com
5 Fakta Pembunuhan dalam Karung Berdalih Kakak Pelaku Korban Pelecehan,"Jumat, 03 Jun 2022 08:08 WIB","\-

Kasus pembunuhan pria bernama Suherlan alias Elang (60), akhirnya terungkap.
Jasad Elang semula ditemukan dalam kondisi terbungkus karung di danau di
Legok, Kabupaten Tangerang.

Polisi menangkap dua tersangka pembunuhan yakni SY (35) dan MYM (18). Hasil
penyidikan sementara pembunuhan ini dilatari motif dendam tersangka SY
lantaran korban dianggap melecehkan kakaknya.

Dua tersangka ditangkap tim gabungan Subdit Resmob dan Subdit Jatanras
Ditreskrimum Polda Metro Jaya, serta Polres Tangsel di Curug dan Periuk,
Kabupaten Tangerang, kurang dari 24 jam atau pada Rabu (1/6) pagi.

""Pelaku sudah diamankan,"" kata Kapolres Tangerang Selatan AKBP Sarly Sollu
saat dihubungi, Rabu (1/6/2022).

Berikut fakta-fakta pembunuhan Elang yang merupakan pengepul rongsokan di
Legok, Tangerang.

## 1) Dalih Kakak Dilecehkan Jadi Motif Pembunuhan

Kabid Humas Polda Metro Jaya Kombes Zulpan mengungkapkan pembunuhan bermula
ketika tersangka SY dan MYM main ke rumah korban pada Jumat (29/6). Menurut
pengakuan tersangka korban saat itu melakukan pelecehan secara verbal sehingga
menyinggung tersangka SY.

""Korban ini meminta pelaku untuk menawarkan kepada kakak korban 'mau nggak Rp
300 ribu dipakai' oleh pelaku. Pada saat pelaku mendengar itu naik darah dan
cekcok kepada korban,"" kata Zulpan dalam jumpa pers di Mapolda Metro Jaya,
Jakarta, Kamis (2/6/2022).

## 2) Tersangka-Korban Sempat Tonton Film Porno

Pembunuhan sadis ini terjadi di rumah korban di Legok, Tangerang. Korban
awalnya mengajak pelaku SY (35) dan MYM (18) datang ke rumahnya untuk menonton
film porno.

""Saat kejadian, MYM dan SY berkumpul di rumah korban pukul 20.30 WIB nonton
bersama menonton video porno yang berasal dari handphone pelaku SY,"" kata
Zulpan.

  
 _Baca di halaman selanjutnya: kronologi pembunuhan._

[Gambas:Video 20detik]

  
  

Selanjutnya __

Halaman

1  2  3

 ",www.detik.com
"Zaenab Dibunuh Pasangan Kekasih, Motif Pembunuhan Dipicu Utang Rp 100 Juta","Jumat, 27 Mei  2022 12:06 WIB","\-

Polisi menangkap sejoli pembunuh Zaenab (51) di Kemang, Kabupaten Bogor.
Polisi mengungkapkan pembunuhan Zaenab ini dipicu masalah utang piutang Rp 100
juta.

Kedua tersangka yakni laki-laki berinisial AM (26) dan wanita berinisial TO
(21). Kedua tersangka merupakan pasangan kekasih dan hendak menikah.

""Motifnya, pelaku membutuhkan uang untuk menikah karena kedua pelaku ini
pacaran. Kebetulan akan menikah, tapi tidak memiliki uang,"" kata Iman kepada
wartawan, Jumat (27/5/2022).

Iman mengatakan kedua tersangka datang kepada korban untuk menagih utang.
Menurut pengakuan keduanya, utang korban sebesar Rp 100 juta.

""Kemudian datang kepada korban ingin menagih hutang. Namun karena korban tidak
memiliki uang, terjadilah proses penghilangan nyawa. Utangnya Rp 100 juta,""
ungkapya.

Kedua pelaku membunuh Zaenab dengan cara menjerat korban dengan kabel dan
membenturkan kepala korban di dalam mobil. Setelah tewas, jasad korban di
buang di wilayah Kecamatan Kemang, Kabupaten Bogor.

""Kedua tersangka yang bersangkutan ini bersama melakukan pembunuhan terhadap
korban dengan menjerat korban dengan kabel dan membenturkan kepala di dalam
kendaraan yang digunakan oleh para pelaku. Selanjutnya setelah korban hilang
nyawanya, dibuang di wilayah Kemang,"" jelasnya.

mayat Zaenab ditemukan di wilayah Kecamatan Kemang, Kabupaten Bogor, Jawa
Barat, Sabtu (21/5). Warga yang melihat sempat mengira mayat tersebut adalah
bantal.

""Warga sih nemuin ngelihat di selokan kirain bantal, pas dicek ternyata
mayat,"" kata Kapolsek Kemang Kompol Ari Trisnawati kepada wartawan, Sabtu
(21/5).

Polisi kemudian menyelidiki penemuan mayat tersebut. AM dan TO ditangkap
polisi di Sawangan, Depok, Senin (23/5).

[Gambas:Video 20detik]

 ",www.detik.com
Kejari Jaksel Hentikan 2 Kasus Pencurian dengan Restorative Justice,"Rabu, 18 Mei  2022 17:49 WIB","\-

Kejaksaan Negeri (Kejari) Jakarta Selatan menghentikan dua kasus pencurian di
Jakarta Selatan dengan _restorative justice_. _Restorative justice_ diambil
berdasarkan gelar perkara atau ekspose.

""Tim Jaksa Penuntut Umum Kejaksaan Negeri Jakarta Selatan telah melaksanakan
ekspose dengan Jaksa Agung Muda Tindak Pidana Umum dan telah disetujui untuk
dilakukan penghentian Penuntutan berdasarkan Keadilan Restoratif,"" kata Kepala
Kejaksaan Negeri Jakarta Selatan Nurcahyo Jungkung Madyo dalam keterangannya
tertulis, Rabu (18/5/2022).

Nurcahyo mengatakan 2 berkas perkara yang dihentikan penuntutannya berdasarkan
keadilan restoratif adalah tersangka ST Hadijah, yang disangka melanggar Pasal
362 KUHP tentang pencurian; dan tersangka Eed Mulyono, yang disangka melanggar
Pasal 362 KUHP tentang pencurian. Nurcahyo mengatakan alasan penghentian kasus
keduanya adalah pelaku dan korban sudah berdamai dan tersangka baru pertama
kali melakukan tindak pidana tersebut.

""Telah dilaksanakan proses perdamaian di mana tersangka telah meminta maaf dan
korban sudah memberikan permohonan maaf; tersangka belum pernah dihukum;
tersangka baru pertama kali melakukan perbuatan pidana; ancaman pidana denda,""
kata Nurcahyo.

Nurcahyo menambahkan antara korban dan pelaku juga sudah sepakat tidak
melanjutkan kasus tersebut ke tahap persidangan.

""Tersangka berjanji tidak akan lagi mengulangi perbuatannya. Proses perdamaian
dilakukan secara sukarela, dengan musyawarah untuk mufakat, tanpa tekanan,
paksaan dan intimidasi. Tersangka dan korban setuju untuk tidak melanjutkan
permasalahan ke persidangan karena tidak akan membawa manfaat yang lebih
besar,"" ujarnya.

Sementara itu, Kepala Seksi Pidana Umum Kejari Jakarta Selatan Denny Wicaksono
mengatakan kasus pencurian ST Khadijah terjadi pada Oktober 2021. Denny
mengatakan pihaknya sudah melakukan upaya perdamaian dalam kasus ini sejak
Senin (9/5).

""Tersangka ST Khadijah, kejadiannya _udah_ lama ini, bulan Oktober 2021. Saat
itu di musala ada HP, jadi korban lagi salat di musala. Terus TSK ini SPG,
juga salat dan melihat ada HP terus langsung diambil dan korban melapor,""
jelas Denny.

Selain itu, kasus pencurian lain dengan tersangka atas nama Eed Mulyono
terjadi pada Februari 2022. Saat itu pelaku tengah membeli pakan Lele ke
sebuah _pet shop_ milik korban. Melihat ada ponsel korban tergeletak di
etalase, pelaku kemudian langsung mencurinya.

""Tersangka ini berencana membeli pakan ikan lele di _pet shop_. Tapi di situ
ada korban, tapi membelakangi, ternyata ada HP di etalase, di- _charge_. Jadi
ada kesempatan, ada niat, diambillah HP itu. Dia lari, tersangka lari,"" kata
Denny.

Lebih lanjut, dalam dua kasus tersebut, sudah diterbitkan Surat Ketetapan
Penghentian Penuntutan (SKP2) Berdasarkan Keadilan Restoratif, sesuai
Berdasarkan Peraturan Jaksa Agung Nomor 15 Tahun 2020 dan Surat Edaran JAM
Pidum Nomor: 01/E/EJP/02/2022 tanggal 10 Februari 2022 tentang Pelaksanaan
Penghentian Penuntutan Berdasarkan Keadilan Restoratif sebagai perwujudan
kepastian hukum.

 ",www.detik.com
"Pura-pura Menginap, Pria di Muara Baru Ini Malah Curi Motor Plus HP Teman","Rabu, 02 Feb 2022 11:40 WIB","\-

Seorang pria yang diinisialkan DK (24) ditangkap polisi setelah mencuri motor
dan ponsel milik temannya di Muara Baru, Penjaringan, Jakut. Pelaku mencuri
barang korban setelah berpura-pura menginap.

Kapolsek Kawasan Sunda Kelapa Kompol Seto Handoko Putra menjelaskan pencurian
terjadi pada pukul 04.30 WIB, Senin (1/2). Pelaku sebelumnya datang ke rumah
korban dengan alasan menginap.

""Pelaku menginap di rumah/tempat kost, kemudian saat pemilik rumah/korban
sedang tertidur pelaku mengambil kunci kontak dan _handphone_ yang tergeletak
di meja dan selanjutnya mengambil sepeda motor,"" kata Seto saat dikonfirmasi,
Rabu (2/2/2022).

Berdasarkan keterangan pelaku, Seto mengatakan, setelah melancarkan aksinya,
pelaku kemudian menuju Kali Besar, Tambora, Jakarta Barat, untuk bertemu
temannya.

""Sekira jam 08.50 WIB pelaku berangkat ke Kali Besar, Tambora, Jakarta Barat,
dengan membawa sepeda motor Honda Beat hasil curian untuk bertemu seorang
teman,"" ujar Seto.

Hingga akhirnya pada pukul 12.00 WIB pelaku ditangkap di sana bersama barang
bukti. Selanjutnya, pelaku diamankan di Polsek Kawasan Sunda Kelapa.

""Pelaku berhasil diamankan saat sedang berjalan di Pintu Besar, Tambora,
Jakarta Barat. Selanjutnya Tersangka berikut barang bukti dibawa ke Polsek
Kawasan Sunda Kelapa,"" kata Seto.

Atas kasus tersebut, pelaku dikenai 363 ayat (1) ke-3e KUHPidana tentang
Pencurian dengan Pemberatan.

 ",www.detik.com
"4 Begal Sadis Bacok PPSU di Jakut Ditangkap, Usianya Remaja Semua!","Selasa, 01 Mar 2022 21:48 WIB","\-

Empat pelaku begal petugas Penanganan Prasarana dan Sarana Umum (PPSU) di
Kelapa Gading, Jakarta Utara (Jakut), ditangkap. Keempat pelaku masih berusia
remaja.

Kapolsek Kelapa Gading Kompol Rio M Tobing mengatakan awalnya keempat pelaku
sedang _nongkrong_ di daerah Pulogebang, Jakarta Timur (Jaktim), pukul 02.00
WIB. Pelaku berinisial AP (19) mengajak 3 pelaku lain yang masih berusia anak-
anak alias di bawah 17 tahun.

""Salah satu pelaku yaitu AP, mengajak 3 pelaku lainnya untuk melakukan
pencurian dengan kekerasan, dengan sasaran pengemudi motor,"" kata Kompol Rio,
Selasa (1/3/2022).

Keempat pelaku lalu menuju wilayah Kelapa Gading dengan menggunakan 2 motor.
Setengah jam kemudian, para pelaku sudah tiba di Kelapa Gading.

Mereka lalu mencari calon mangsa. Para tersangka lalu melihat korban yang
merupakan anggota PPSU berinisial AP (37).

""Korban AP sedang sendirian naik sepeda motor Honda Beat warna merah putih
B-3159-UNC melintas di Jl Arteri Gading Pelangi Kelapa Gading Jakarta Utara,
kemudian dikejar oleh tersangka yang sudah dilengkapi dua bilah senjata tajam
jenis celurit,"" ucapnya.

Korban yang sadar tengah diincar lalu tancap gas ke kompleks perumahan sambil
berteriak minta tolong. Korban lalu dibantu dua orang sekuriti kompleks.

Salah satu tersangka berusaha merebut motor korban. Namun korban melawan dan
dibantu petugas keamanan.

Upaya pembegalan itu terjadi pada Selasa (22/2) di Jalan Gambang, Kelapa
Gading, Jakut.

""Akhirnya sekitar jam 04.35 WIB tersangka membacok korban AP hingga terluka
pada pergelangan tangan kiri sisi kiri. Kemudian korban terus berteriak dan
security lainnya datang sehingga keempat tersangka kabur berboncengan naik
sepeda motor dan gagal mengambil sepeda motor milik korban,"" jelasnya.

Korban lalu dibawa ke Rumah Sakit Umum Daerah (RS) Koja untuk dirawat lukanya.
Polisi lalu menangkap keempat pelaku pada Sabtu (26/2).

Tiga pelaku yang berusia anak-anak ditangkap di daerah Cakung. Sementara otak
pembegalan berinisial AP ditangkap di Babelan, Bekasi.

Dalam kasus ini polisi menyita barang bukti dua unit sepeda motor, sarung
celurit berwarna cokelat, dan pakaian serta perlengkapan yang dipakai para
tersangka.

Akibat perbuatannya, para pelaku dijerat Pasal 365 _jo_ Pasal 53 KUHP tentang
percobaan pencurian dengan kekerasan mengakibatkan korban luka berat. Para
pelaku terancam pidana penjara paling lama 8 tahun penjara.

 ",www.detik.com
Polda Jatim Bentuk Timsus Evaluasi 5 Polisi Penembak Mati Begal di Sumenep,"Selasa, 15 Mar 2022 20:13 WIB","\-

Peristiwa penembakan begal hingga tewas di Sumenep pada Minggu (13/3)
berbuntut panjang. Kini, 5 anggota Resmob Polres Sumenep yang melakukan
penembakan diperiksa Propam Polda Jatim.

Kabid Humas Polda Jatim, Kombes Pol Dirmanto membenarkan pemeriksaan kelima
anggota tersebut. Tak hanya itu, pihaknya juga akan melakukan evaluasi
terhadap aksi itu.

""Terkait tindakan tegas yang dilakukan oleh anggota Resmob terhadap pelaku
kriminalitas aksi curas (pencurian dengan kekerasan) di Sumenep, Polda Jatim
melakukan evaluasi terhadap tindakan tersebut,"" kata Dirmanto saat
dikonfirmasi , Selasa (15/3/2022).

Dirmanto tak menjelaskan lebih detail perihal pemanggilan kelima personel
Resmob Polres Sumenep tersebut. Hanya ia menyebut Polda Jatim sudah membentuk
tim khusus (Timsus) yang akan mengevaluasi aksi penembakan pria yang diduga
pelaku begal itu.

""Dengan membentuk tim dari Irwasda dan Propam Polda Jatim,"" ujar Dirmanto.

Sebelumnya,seorang pria di Sumenep jatuh tersungkur ditembak. Dalam video
berdurasi 26 detik itu tampak seorang pria memakai jaket kulit hitam dan
berhelm putih tengah menenteng celurit di jalanan. Peristiwa itu terjadi
Minggu (13/3/2022) sore.

Tak lama terdengar beberapa suara tembakan. Sesaat kemudian pria tersebut
ambruk di tengah jalan. Sebelum tewas ditembak, pria tersebut diduga berusaha
membegal seorang perempuan di Jalan Adirasa, Sumenep, Madura. Usai ditembak,
pria terduga begal ini kemudian dilarikan ke rumah sakit. Namun saat dalam
perjalanan, pria tersebut meninggal dunia.

  
  
  
[Gambas:Video 20detik]  

 ",www.detik.com
Tak Tahu Diuntung! Lelaki Rembang Ini Bertamu Malah Perkosa Tuan Rumah,"Kamis, 17 Mar 2022 19:25 WIB","\-

Saripudin (22) warga Desa Gambiran, Kecamatan Pamotan, Rembang, nekat
memperkosa seorang janda berinisial AF (29). Mirisnya, aksi bejat itu
dilakukan saat pelaku bertamu ke rumah korban.

Kasat Reskrim Polres Rembang AKP Heri Dwi Utomo mengatakan, kejadian itu
terjadi pada Selasa 15 Maret lalu. Heri menyebut, antara pelaku dan korban
tidak saling mengenal.

""Tersangka tidak mengenal secara langsung dengan korban. Tersangka bersama
seorang kawanannya meminta izin untuk menginap di rumah korban. Karena
kawannya tersangka ini sudah mengenal baik dengan korban. Akhirnya korban
mempersilakan untuk tidur di rumah korban,"" kata Heri kepada , Kamis
(17/03/2022).

""Korban merupakan seorang janda anak satu. Profesi korban adalah pemandu
karaoke di Rembang,"" imbuhnya.

Heri menjelaskan, sekitar pukul 03.00 WIB, pelaku hendak buang air kecil di
kamar mandi. Namun saat melintas di depan kamar korban, pelaku melihat korban
tengah tertidur dengan menggunakan celana pendek.

""Hasrat dari tersangka tidak tertahan. Akhirnya secara mengendap-endap
tersangka masuk ke dalam kamar korban. Korban dibekap dengan selimut dan
dicekik. Dan terjadi peristiwa pemerkosaan,"" ungkapnya.

Korban yang takut dengan ancaman pelaku, tak kuasa melawan perkosaan tersebut.
Heri menerangkan, saat itu korban sempat meminta kepada pelaku agar tidak
dibunuh, sebab korban memiliki satu anak yang perlu dihidupi.

""Setelah kejadian itu, pagi-pagi korban langsung melapor ke polsek terdekat
untuk melaporkan kejadian itu,"" ungkapnya.

Atas laporan korban, polisi kemudian menangkap pelaku. Pelaku dijerat pasal
285 KUHP tentang pemerkosaan dengan ancaman hukuman maksimal 12 tahun.

  
  
  
[Gambas:Video 20detik]  

 ",www.detik.com
Terungkap! Pembunuh Wanita Jakbar yang Dilaporkan Hilang Seorang Perempuan,"Sabtu, 14 Mei  2022 13:30 WIB","\-

Polisi menangkap pelaku pembunuhan Dini Nurdiani (26), wanita asal Cengkareng,
Jakarta Barat (Jakbar) yang sempat hilang sejak bulan puasa lalu. Pelaku
diketahui merupakan seorang perempuan.

""(Pelaku) perempuan,"" kata Kapolsek Cengkareng Ardhie Demastyo saat dihubungi
, Sabtu (14/5/2022).

Namun Ardhie tidak menyebut secara detail mengenai sosok perempuan pembunuh
Dini Nurdiani ini. Ardhie juga belum membuka apa hubungan Dini Nurdiani dengan
perempuan tersebut.

###

### Pelaku Pembunuhan Dini Ditangkap

Sebelumnya, Dini ditemukan tewas setelah menghilang sejak 26 April 2022 usai
pamit pergi untuk buka puasa bersama (bukber). Pelaku pembunuhan Dini kini
sudah ditangkap polisi.

""Pelaku sudah kami tangkap,"" ujar Kapolsek Cengkareng Kompol Ardhie Demastyo
saat dihubungi , Sabtu (14/5).

Ardhie mengatakan korban ditemukan di Bekasi. Dirinya belum menjelaskan secara
detail terkait penemuan mayat Dini ini.

""(Ditemukan) di perumahan CBD Cibubur, Bekasi, di tanah kosong begitu,""
ucapnya.

Ardhie menduga kuat Dini tewas dibunuh. Hasil visum ditemukan sejumlah luka di
bagian tubuhnya.

""Iya, dibunuh,"" singkat Ardhie.

[Gambas:Video 20detik]

  
  

 ",www.detik.com
Siswi SMP di Sumbawa Sempat Mau Bunuh Diri Usai Diperkosa Ayahnya,"Selasa, 31 Mei  2022 01:00 WIB","\-

Siswi SMP yang menjadi korban pemerkosaan ayah kandungnya di Kecamatan
Plampang, Kabupaten Sumbawa, ternyata sempat melakukan percobaan aksi bunuh
diri, Selasa (24/5/2022) lalu. Korban nyaris mengakhiri hidupnya dengan cara
melompat dari jembatan Gapit, di Kecamatan Empang, saat perjalanan pulang dari
kediaman pelaku di Kecamatan Tarano, Kabupaten Sumbawa.

Menurut Kepala Unit Perlindungan Perempuan dan Anak Polres Sumbawa Aipda
Arifin Setioko, percobaan aksi bunuh diri itu sempat ditahan adik korban usai
diperkosa ayah kandungnya inisial BK (40), Selasa dini hari sekitar pukul
03.00 WITA. ""Benar korban akan melakukan bunuh diri. Tapi urung dilakukan,""
jelas Arifin.

Sehari sebelum korban diperkosa oleh ayah kandungnya, korban menerima telepon
dari pelaku dan diminta untuk membantu panen jagung di salah satu desa di
wilayah Kecamatan Tarano Kabupaten Sumbawa. Pada Senin sore (23/5/2022),
korban lalu bertemu dengan pelaku di kediaman pelaku. Tidak lama kemudian,
ayahnya keluar rumah. Sementara korban dan adiknya yang masih berusia sembilan
tahun ini menonton TV di dalam rumah pelaku.

  

Saat menonton, keduanya ketiduran. Sekitar pukul 03.00 WITA, Selasa dini hari,
korban dibangunkan oleh ayahnya ketika melihat adik korban pindah tidur. ""Saat
itu, korban diminta untuk masuk ke dalam sarung ayahnya yang sudah terbaring.
Saat itulah ayahnya diduga melakukan pemerkosaan terhadap korban,"" terang
Arifin.

Awalnya, korban sempat menolak dan melawan. Namun pelaku tetap memaksa sambil
menutup mulut korban agar tidak berteriak. Akhirnya pelaku pun melancarkan
aksi bejatnya kepada anaknya sendiri. Setelah kejadian itu, korban langsung
masuk ke dalam kamar.

Pada pagi hari sekitar pukul 06.00 Wita, korban dan adiknya pulang ke rumah
ibunya di Kecamatan Plampang. Selama perjalanan, korban terus menangis.
Adiknya yang penasaran, terus menanyakan kondisi kakaknya.

Ketika mereka tiba di Jembatan Desa Gapit, Kecamatan Empang, korban yang
mengendarai sepeda motor sempat berhenti dan turun dari motor. Korban kemudian
berniat untuk melompat dari jembatan dan menyuruh adiknya pulang. Beruntung,
upaya bunuh diri hal urung dilakukan karena adik korban mencegahnya.

Saat tiba di rumah, korban langsung memeluk ibunya dan menceritakan apa yang
dialaminya. Mendengar hal ini, ibu korban sempat menelepon pelaku. Namun
pelaku tak kunjung merespons. Pelaku akhirnya dilaporkan ke Polsek Empang pada
Rabu (25/5/2022).

Kasus pemerkosaan itu kini ditangani pihak Unit PPA Polres Sumbawa. Pelaku BK
telah ditetapkan sebagai tersangka dan ditahan di Mapolres Sumbawa. Ia diancam
Pasal 81 ayat (1) dan atau ayat (3) jo Pasal 76D UU RI nomor 17 Tahun 2016
tentang penetapan peraturan pemerintah pengganti undang-undang nomor 1 tahun
2016 tentang perubahan kedua atas undang-undang nomor 23 tahun 2002 tentang
perlindungan anak, maksimal 15 tahun penjara.

  
  
  
[Gambas:Video 20detik]  

 ",www.detik.com
Beredar Video Penangkapan Pelaku Curanmor di Minimarket Kota Malang,"Senin, 24 Jan 2022 21:33 WIB","\-

Sebuah video pendek menampilkan penangkapan seorang pria viral. Video direkam
di depan salah satu minimarket di Kota Malang.

Video berdurasi 28 detik itu memperlihatkan seorang pria dibekuk seseorang
dengan posisi tersungkur di halaman minimarket. Menyusul satu pria lain
digelandang keluar dari dalam minimarket menuju halaman.

Sama posisinya, pria ini juga dilumpuhkan dan diborgol kedua tangannya. Tak
jauh dari mereka terlihat dua mobil terparkir dan sejumlah warga menonton
penangkapan itu.

Penelusuran detikcom, lokasi kejadian adalah di minimarket di Jalan Tebo
Utara, Kecamatan Sukun, Kota Malang. Menurut warga, peristiwa terjadi Senin
(24/1/2022), sekitar pukul 09.00 WIB.

""Itu tadi katanya, saya kebetulan giliran jaga parkir sore. Informasinya itu
polisi nangkap buronan,"" ujar juru parkir saat ditemui detikJatim di lokasi.

Roby, salah satu warga mengatakan, bahwa kejadian begitu cepat. Hingga dirinya
tak menyadari dengan jelas apa yang tengah terjadi saat itu. Namun saat itu
dirinya mendengar suara letusan senjata. Karena panik dan takut, dia tak
berani untuk melihat langsung.

""Terdengar suara tembakan. Dor... dor.. dor. Saya kebetulan ada di dalam
rumah,"" ujar Roby saat ditemui wartawan.

Karena penasaran Roby akhirnya memberanikan diri keluar rumah. Dia melihat
banyak orang di seberang jalan di mana berada sebuah minimarket. ""Saya pas
keluar, sudah ramai orang. Tapi tidak tahu apa yang terjadi,"" katanya.

Saat didatangi Senin sore, suasana minimarket itu nampak normal. Warga keluar
masuk untuk membeli kebutuhan. Seperti halnya Roby, warga sekitar tak
mengetahui persis peristiwa yang diwarnai suara tembakan itu.

Kasat Reskrim Polresta Malang Kota Kompol Tinton Yudho Riambodo membenarkan
bahwa kejadian itu merupakan upaya penangkapan pelaku curanmor yang terjadi
Senin pagi tadi.

""Iya sementara ini cuma curanmor saja. Kalau berapa dan detailnya bagaimana
itu masih kami dalami,"" katanya.

Suara tembakan yang terdengar warga disebut merupakan langkah peringatan yang
diberikan oleh petugas ketika mengetahui pelaku hendak kabur saat akan
disergap.

""Itu kan peringatan dari kami, karena mereka mau kabur,"" pungkasnya.

  
  
  
[Gambas:Video 20detik]  

 ",www.detik.com
"Curi Besi Sandaran Jembatan di Bima NTB, 3 Pria Diringkus Polisi","Minggu, 22 Mei  2022 12:35 WIB","\-

Tiga orang pria di Kota Bima, Nusa Tenggara Barat (NTB) ditangkap oleh tim
puma Polres Bima Kota. Mereka diduga telah melakukan tindak pidana pencurian
besi railing atau jembatan yang ditaksir mencapai Rp 63 juta.

Para pelaku ditangkap pada Sabtu (21/5/2022), setelah dilaporkan oleh pekerja
konstruksi jembatan ke polisi pada Selasa (17/5/2022) lalu. Tiga orang pelaku
adalah IR (34), (32) dan AN (52) yang merupakan penadah barang curian.

""Tim Puma telah berhasil melakukan pengungkapan, dan penangkapan terhadap
pelaku pencurian tiang railing jembatan milik PT.Tukadmas,"" kata Kasat Reskrim
Polres Bima Kota, Iptu Rayendra dalam keterangannya Minggu (22/5/2022).

  

Pelaku dapat ditangkap setelah polisi melakukan penyelidikan dari laporan yang
diadukan oleh korban. Para pelaku pun berhasil ditangkap di rumah mereka yang
berlokasi di Kecamatan Rasa Nae Timur Kota Bima.

Kepada polisi, kedua pelaku mengaku telah menjual 6 batang besi yang dicuri
kepada seorang pembeli barang bekas yakni ke pelaku AN.

""Pengakuanya pelaku telah menjual 6 batang tiang rialing jembatan tersebut
ditempat penjualan barang bekas,"" jelas Rayendra.

Kini kedua pelaku dan penadah telah diamankan di Polres setempat beserta
barang bukti serta akan ditahan untuk mempertanggungjawabkan perbuatannya.

  
  
  
[Gambas:Video 20detik]  

 ",www.detik.com
Akhir Tragis Pria ODGJ Ditembak Mati Polisi Gegara Todong Celurit Wanita,"Selasa, 15 Mar 2022 07:59 WIB","\-

Seorang pria di Sumenep jatuh tersungkur ditembak. Hal ini usai dirinya
mencoba membegal seorang perempuan dengan menggunakan celurit. Perempuan itu
baru selesai belanja di sebuah swalayan di Jalan Adirasa Sumenep.

Pelaku bernama Herman (22) di bawah pengaruh miras sebelumnya pernah mencuri
uang masjid sebesar Rp 1,3 juta. Namun kejadian itu tidak dilaporkan ke
polisi. Uang itu dicuri Herman saat si bendahara masjid sedang tertidur. Namun
pelaku tidak mengaku telah mencuri.

Rupanya, oleh keluarga, pria tersebut hendak dikerangkeng karena kelakuannya
yang meresahkan. Diduga pelaku orang dengan gangguan jiwa (ODGJ).

Paman pelaku, Jalil, mengatakan keponakannya sering jalan kemana-mana dengan
membawa sajam dan meresahkan warga. Jalil mengaku keponakannya memang suka
mabuk dan keluar membawa saja. Pihak keluar sempat melarang pemuda yang
sehari-hari bekerja sebagai pencari batu itu untuk keluar rumah.

""Dia minum-minuman sebelumnya, keluar dari rumah dia bawa semacam sabit
panjang senjata tajam, saya lihat itu dipegang dan tidak dikasih tahu saya,
terus berangkat, enggak respons langsung berangkat,"" kata Jalil, Senin
(14/3/2022).

Pelaku diduga mengalami gangguan kejiwaan atau stres usai berhenti dari
pekerjaannya. Sedangkan ibunya berada di Malaysia sebagai TKI. Melalui telpon,
ibunya sudah melarang pergi keluar rumah karena takut mengganggu orang.

Jalil menambahkan, pelaku rencananya hendak dikerangkeng oleh keluarganya agar
tidak kemana-mana.

""Kan ibunya ada di Malaysia saya sudah pamit (izin) ke ibunya, mau dirantai
dengan gembok atau mau dikerangkeng, semua orang di rumah sepakat untuk
diborgol itu"", terangnya.

Sebelumnya, sebuah video berdurasi 26 detik itu tampak seorang pria memakai
jaket kulit hitam dan berhelm putih tengah menenteng celurit di jalanan.
Peristiwa itu terjadi Minggu (13/3/2022) sore di Jalan Adirasa, Sumenep,
Madura.

Tak lama terdengar beberapa suara tembakan. Sesaat kemudian pria tersebut
ambruk di tengah jalan. Sebelum tewas ditembak, pria tersebut berusaha
membegal seorang perempuan. Herman tidak mengindahkan peringatan polisi.

Dia bahkan maju mendekati polisi sambil menenteng celurit. Polisi pun
memberikan tembakan terukur yang membuat Herman jatuh tersungkur dan tewas
dalam perjalanan ke rumah sakit.

  
  
  
[Gambas:Video 20detik]  

 ",www.detik.com
"4 Pelaku Curanmor di Depok Dibekuk, 25 Motor Bakal Dikembalikan ke Korban","Selasa, 29 Mar 2022 21:26 WIB","\-

Polres Metro Kota Depok menangkap 4 pelaku pencurian motor di wilayah sekitar
Jakarta, termasuk Depok dan Bogor. Sebanyak 25 motor yang diamankan dari para
pelaku akan dikembalikan kepada para korban.

Kasat Reskrim Polres Metro Depok AKBP Yogen Heroes Baruno mengatakan dalam
satu pekan menangkap 4 tersangka di wilayah Rumpin, Bogor, dan Indramayu.
Polisi awalnya mendapat laporan dari warga.

""Banyaknya informasi masyarakat terkait maraknya curanmor di Kota Depok dan
sekitarnya. Maka Reskrim Polres Metro Depok membentuk tim khusus terkait
masalah pencurian motor,"" papar Yogen di Polres Metro Kota Depok, Selasa
(29/3/2022).

Adapun barang bukti paling banyak diamankan adalah motor _matic_. Ke-25 motor
yang diamankan tersebar dari wilayah sekitar tepi Jakarta.

""Barang bukti berhasil kami amankan 25 motor dengan laporan polisi yang
tersebar di wilayah Depok, Bogor, dan pinggiran Jakarta lainnya,"" sambung
Yogen.

Sementara itu, modus dari pelaku mengincar motor yang ada pada kos-kosan,
perumahan hingga pusat belanja. Motor dijual dengan kisaran harga Rp 2-3 juta
tergantung jenis dan tahunnya.

""Mereka menggunakan kunci _letter-T_ dan bahkan dalam waktu 4 detik saja.
Kemudian, motor hasil curian ini di bawa ke wilayah Bogor hingga Indramayu,""
tutur Yogen.

""Paling banyak jenis _matic_. (Dijual) tergantung dari jenis dan tahun motor,
sekitar Rp 2-3 juta ya,"" sambungnya.

Akibat perbuatannya, 4 pelaku itu dijerat dengan Pasal 363 KUHP, yakni
pencurian dengan pemberatan. Ancaman hukumannya di atas 5 tahun penjara.

""Hukuman di atas lima tahun. Biasanya (pelaku) berdua, satu joki yang jaga-
jaga dan satu turun yang ambil motor,"" lanjutnya.

Yogen pun mengimbau masyarakat yang mengalami kehilangan kendaraan untuk
mendatangi Polres Metro Depok. Warga diminta membawa dokumen lengkap.

""Barang bukti akan dikembalikan ke masyarakat. Bagi yang kehilangan, silakan
datang ke Polres Metro Depok membawa surat-surat yang sah,"" tutupnya.

 ",www.detik.com
Rekonstruksi Ungkap Detik-detik Pelaku Bunuh Waria Lalu Tarik Jantungnya,"Selasa, 17 Mei  2022 15:05 WIB","\-

Polisi selesai melakukan rekonstruksi pembunuhan sadis waria berinisial HM
(49) di Kabupaten Minahasa, Sulawesi Utara (Sulut). Dalam rekonstruksi,
terungkap detik-detik pelaku berinisial RK (31) menarik jantung korban.

""Rekonstruksi hari ini ada 41 adegan. Adegan ke 20 sampai 36 itu jelas
tersangka sudah menghilangkan nyawa korban, menggunakan martil, gunting, dan
pisau,"" kata Kasat Reskrim Polres Minahasa AKP Edy Susanto kepada di lokasi,
seperti dilansir detikSulsel, Selasa (17/5/2022).

Pada adegan ke-31, tersangka mengiris perut korban berkali-kali. Akibatnya,
perut korban terluka dan menembus bagian dalam tubuh korban.

""Untuk tersangka yang memasukkan (tangan) ke jantung korban itu adegan ke-31.
Dia cuma tarik dan _cucu-cucu_ ' (menusuk berkali kali),"" ujarnya.

Kemudian dalam adegan ke-33, tersangka menggunakan kedua tangannya merobek
kulit bagian perut korban sampai luka. Namun sebelum itu, luka sobekan di
bagian perut dibuat lebih besar dengan menggunakan kedua tangannya.

Tersangka kemudian memasukkan tangan kirinya di dalam perut korban untuk
mencari jantung guna ditarik keluar. Saat tangan kiri tersangka berhasil
memegang organ dalam perut korban (jantung), ia menarik dengan menggunakan
tangan kiri sampai melihat organ tersebut.

""Mencabut tidak, tapi dia memasukkan tangannya ke jantung, dia remas jantung
korban sebelah kiri,"" ungkap dia.

 _Baca selengkapnyadi sini_

 __

[Gambas:Video 20detik]

  
  

 ",www.detik.com
"Lucu, Maling Motor Ini Tertangkap Setelah Jual Hasil Curian ke Korban","Kamis, 09 Des 2021 15:30 WIB","\- Seorang pelaku curanmor di Gresik tertangkap oleh korbannya sendiri. Pelaku
tertangkap setelah tak sengaja menjual motor curiannya ke korban sendiri
melalui media sosial.

Pelaku pencurian adalah Purwanto (33) warga Desa Bendrong, Jabung, Malang.
Sedangkan korban yakni M Charis warga Desa Sekapuk, Ujung Pangkah, Gresik.

Kapolsek Ujung Pangkah AKP Mutlakin mengatakan pelaku ditangkap setelah antara
korban dan pelaku janjian bertemu untuk berpura-pura akan membeli motornya.
Saat bertemu itu, pelaku kemudian ditangkap dan diserahkan ke Polsek setempat.

Menurut Mutlakin, kronologi penangkapan itu berawal saat korban kehilangan
motor pada 13 November 2021. Saat itu istri korban memarkirkan motor di
samping rumahnya dengan kondisi kunci masih menempel.

Karena kelengahan itu, motor korban kemudian diketahui hilang. Peristiwa itu
kemudian dilaporkan ke Polsek setempat. Tak hanya itu, korban juga
memberitahukan kabar kehilangan motornya kepada warga desanya.

Hingga salah satu warga kemudian mengenali bahwa ada motor tipe Suzuki Next
warna putih dengan nopol W 6568 MQ yang tengah dijual sesuai dengan ciri-
cirinya di Facebook. Hal itu kemudian dilaporkan ke korban.

""Ada salah satu warga yang melihat postingan di Facebook di akun jual beli
motor area Bojonegoro, Tuban, Lamongan dan warga ini mengenali motornya,"" ujar
Mutlakin, Kamis (9/12/2021).

Setelah dipastikan motornya, korban kemudian menghubungi pelaku dan berpura-
berpura akan membeli. Setelah ada kesepakatan harga, korban dan pelaku
kemudian bertemu. Korban bersama warga lain kemudian bertemu pelaku dan
akhirnya menangkapnya.

""Pelaku ditangkap setelah bertemu untuk transaksi di Desa Lowayu, Dukun,
Gresik. Selanjutnya diserahkan ke kami,"" tutur Mutlakin.

 ",www.detik.com
Hati-hati! Maling Motor Lagi Marak di Halaman Minimarket Pasuruan,"Minggu, 27 Mar 2022 13:57 WIB","\-

Maling motor kembali marak di Kota Pasuruan. Kali ini, maling motor beraksi di
halaman minimarket dan terekam kamera CCTV di Kelurahan Bugul Lor, Kecamatan
Panggungrejo.

Dalam rekaman kamera CCTV, tampak kedua maling motor datang dengan menggunakan
sebuah motor. Kondisi ramai dan kamera CCTV tak membuat pelaku ragu untuk
melancarkan aksinya.

Tampak, satu pelaku bertopi dan bermasker turun kemudian berpindah ke motor
sasaran. Sedangkan satu pelaku mengawasi situasi sekitar.

Dalam tempo kurang 1 menit, maling tersebut telah berhasil menggondol motor
milik pengunjung minimarket.

Kasi Humas Polres Pasuruan Kota Iptu Mardhania Pravita Santy membenarkan
pencurian motor itu. Peristiwa itu terjadi pada Jumat (25/3) pada pukul 19.00
WIB.

""Benar peristiwa itu pada hari Jumat (25/3) pukul 19.30 WIB,"" kata Pravita,
Minggu (27/3/2022).

Menurut Pravita, juga membenarkan korban merupakan pembeli di minimarket
tersebut. Saat itu korban memarkir motornya untuk berbelanja sekitar 10 menit.

""Korban datang ke minimarket, belanja sekitar 10 menit. Saat keluar, motornya
sudah hilang,"" terang Pravita.

Aksi maling motor di minimarket yang terekam CCTV sudah belasan kali terjadi
di wilayah Polres Pasuruan dan Kota Pasuruan. Aksi ini mulai marak sejak akhir
Januari dan targetnya adalah motor matic.

  
  
  
[Gambas:Video 20detik]  

 ",www.detik.com
"Divonis Seumur Hidup Bui, Kolonel Priyanto Juga Dipecat dari TNI!","Selasa, 07 Jun 2022 12:13 WIB","\-

Kolonel Inf Priyanto divonis seumur hidup terkait perkara kasus pembunuhan
sejoli Handi Saputra (18) dan Salsabila (14) di Nagreg, Jawa Barat. Selain
vonis seumur hidup, Priyanto dipecat dari dinas TNI.

""Memidana Terdakwa oleh karena itu dengan pidana pokok penjara seumur hidup.
Pidana tambahan dipecat dari dinas militer,"" ujar ketua majelis hakim Brigjen
Faridah Faisal di Pengadilan Militer Tinggi II Jakarta, Cakung, Jakarta Timur,
Selasa (7/6/2022).

Priyanto dinyatakan bersalah melanggar Pasal 340 KUHP, Pasal 333 KUJP, Pasal
333 KUHP _juncto_ Pasal 55 ayat 1 Ke-1 KUHP. Priyanto terbukti bersalah
melakukan pembunuhan berencana, merampas kemerdekaan, serta menghilangkan
mayat Handi dan Salsa.

""Menyatakan Terdakwa Kolonel Inf Priyanto secara hukum telah terbukti secara
sah meyakinkan bersalah melakukan tindak pidana kesatu pembunuhan berencana
dilakukan secara bersama sama sebagaimana dalam dakwaan primer dalam dakwaan
kesatu primer,"" jelas hakim

""Dan kedua, perampasan kemerdekaan orang lain yang dilakukan bersama-sama
sebagaimana dalam dakwaan alternatif kedua dan, ketiga, menghilangkan mayat
dengan maksud menyembunyikan kematiannya yang dilakukan bersama-sama,""
sambungnya.

Diketahui, oditur militer menuntut Kolonel Inf Priyanto dipenjara seumur hidup
terkait kasus ini. Oditur militer meyakini Priyanto bersalah melakukan tindak
pidana pembunuhan berencana, penculikan, dan menyembunyikan mayat.

""Menuntut agar majelis hakim yang memeriksa mengadili perkara menyatakan
Terdakwa terbukti secara sah dan meyakinkan bersalah melakukan tindak pidana
pembunuhan berencana, penculikan, menyembunyikan mayat,"" kata Kolonel Sus
Wirdel Boy saat membacakan tuntutan.

""Menjatuhkan pidana terhadap Terdakwa dengan pidana penjara selama penjara
seumur hidup, pidana tambahan dipecat dari dinas militer TNI AD,"" imbuhnya.

Kasus ini bermula ketika Kolonel Priyanto dan dua anak buahnya menabrak Handi
dan Salsa di Nagreg. Bukannya menolong korban, Kolonel Priyanto cs malah
membawa mereka hingga keluar dari Jabar dan membuang tubuh kedua korban ke
anak Sungai Serayu. Salsa dibuang ke sungai dalam kondisi meninggal dunia.

Handi diduga dibuang ke sungai dalam kondisi masih hidup. Jasad kedua korban
ditemukan di Sungai Serayu. Dari ketiga tersangka, diketahui Kolonel Priyanto-
lah yang menolak membawa Handi-Salsa ke rumah sakit setelah kecelakaan akibat
tabrakan dengan mobilnya. Dia juga yang memiliki ide membuang tubuh Handi-
Salsa ke sungai.

Kolonel Priyanto diyakini oditur melanggar Pasal 340 KUHP, Pasal 338 KUHP,
Pasal 328 KUHP, Pasal 333 KUHP, dan Pasal 181 KUHP _juncto_ Pasal 55 ayat 1
Ke-1 KUHP.

 ",www.detik.com
"Atasi Aksi Kejahatan, Polda Gelar Operasi Sikat Krakatau 2022","Rabu, 25 Mei  2022 00:30 WIB","\-

Polda Lampung beserta jajaran Polres di Lampung menggelar Operasi Sikat
Krakatau 2022. Operasi ini untuk mengatasi aksi kejahatan yang meresahkan
masyarakat.

Kabid Humas Polda Lampung Kombes Zahwani Pandra Arsyad operasi ini akan
berlangsung selama 14 hari mulai dari tanggal 24 Mei 2022 hingga 06 Juni 2022.
Target dalam operasi ini adalah pencurian dengan kekerasan (curas), pencurian
dengan pemberatan (curat), dan pencurian kendaraan bermotor (curanmor).

""Operasi Sikat Krakatau 2022, targetnya adalah pencurian dengan kekerasan
menggunakan senjata tajam dan senjata api atau begal"", kata Pandra melalui
keterangan tertulis, Selasa (24/5/2022).

  

Pandra mengatakan operasi ini akan melibatkan 800 personel kepolisi di
Lampung. Pelaksanaan Operasi Sikat Krakatau 2022 ini tertuang dalam surat
perintah yang di tanda tangani oleh Kapolda Lampung dengan Nomor :
Sprin/890/V/ OPS.1.3./2022.

Dalam Operasi Sikat Krakatau 2022 ini, kata Pandra, aparat di lapangan
diinstruksikan untuk bertindak tegas, terlebih lagi jika berpotensi
membahayakan dan mengancam jiwa aparat.

""Operasi sikat krakatau ini polisi akan menargetkan semua kasus yang belum
terungkap dan yang sudah menjadi target operasi kepolisian"", tutur Pandra.

""Dengan adanya operasi sikat krakatau ini diharapkan akan dapat mengurangi
kasus-kasus kejahatan jalanan yang meresahkan masyarakat Lampung,"" jelasnya.

  
  
  
[Gambas:Video 20detik]  

 ",www.detik.com
Komnas Perempuan: Pasal 'Pemaksaan Hubungan Seksual' Hilang dari RUU TPKS!,"Jumat, 01 Apr 2022 11:21 WIB","\-

Komisi Nasional Anti Kekerasan terhadap Perempuan (Komnas Perempuan)
mendeteksi ada pasal yang hilang dalam Rancangan Undang-Undang Tindak Pidana
Kekerasan Seksual (RUU TPKS). Padahal, pasal itu memuat istilah pokok dalam
RUU TPKS.

""Yang dihapus di RUU dan DIM (Daftar Inventarisasi Masalah) adalah 'pemaksaan
hubungan seksual' yang sebenarnya menjadi inti dari RUU TPKS untuk menjawab
tindak pidana pemerkosaan yang diatur dalam Pasal 285 KUHP,"" kata Komisioner
Komnas Perempuan, Siti Aminah Tardi, kepada detikcom, Jumat (1/4/2022).

Istilah 'pemaksaan hubungan seksual' seharusnya tetap dipertahankan, namun
kini sudah tidak ada lagi dalam RUU TPKS. Istilah 'pemaksaan hubungan seksual'
lebih luas ketimbang istilah 'pemerkosaan'.

""Istilah ini pernah ada dalam RUU TPKS per Agustus 2021, namun tidak ada dalam
RU TPKS versi selanjutnya,"" kata Siti Aminah.

Istilah 'pemaksaan hubungan seksual' ini sebelumnya ada di Pasal 4 dalam draf
RUU TPKS per Agustus 2021. Berikut adalah pasalnya:

 _Pasal 4_  
 _Setiap orang yang melakukan perbuatan dengan kekerasan, ancaman kekerasan,
tipu daya, rangkaian kebohongan, atau penyalahgunaan kekuasaan, atau
menggunakan kondisi seseorang yang tidak mampu memberikan persetujuan untuk
melakukan hubungan seksual, dengan memasukkan alat kelaminnya, bagian
tubuhnya, atau benda ke alat kelamin, anus, mulut, atau bagian tubuh orang
lain, dipidana karena pemaksaan hubungan seksual dengan pidana penjara paling
lama 12 tahun dan/atau pidana denda paling banyak Rp500.000.000,00 (lima ratus
juta rupiah)._

""Pasal ini hilang di RUU DPR per Januari, juga hilang dari DIM Pemerintah,""
kata Siti Aminah.

""Kami mengusulkan agar pasal ini dimunculkan kembali dalam pembahasan RUU
TPKS,"" tuntutnya.

Secara terpisah, detikcom juga memeriksa DIM RU TPKS dari Kementerian Hukum
dan HAM per 10 Februari 2022 dan dibahas di Rapat Panitia Kerja (Panja) DPR
pada 28 Mei 2022. Memang, pasal seperti di atas sudah tidak ada lagi berganti
dengan Pasal 4 yang memuat sejumlah ayat seperti berikut:

 _Pasal 4_  
 _(1) Tindak Pidana Kekerasan Seksual terdiri atas:_  
 _a. pelecehan seksual nonfisik;_  
 _b. pelecehan seksual fisik;_  
 _c. pemaksaan kontrasepsi;_  
 _d. pemaksaan sterilisasi;_  
 _e. pemaksaan perkawinan;_  
 _f. penyiksaan seksual; dan_  
 _g. perbudakan seksual._  
 _(2) Selain Tindak Pidana Kekerasan Seksual sebagaimana dimaksud pada ayat
(1), Tindak Pidana Kekerasan Seksual juga meliputi:_  
 _a. perkosaan;_  
 _b. perbuatan cabul;_  
 _c. persetubuhan, perbuatan cabul, dan eksploitasi seksual terhadap Anak;_  
 _d. perbuatan melanggar kesusilaan yang bertentangan dengan kehendak Korban;_  
 _e. pornografi yang melibatkan Anak atau pornografi yang secara eksplisit
memuat kekerasan dan eksploitasi seksual;_  
 _f. aborsi;_  
 _g. pemaksaan pelacuran;_  
 _h. tindak pidana perdagangan orang yang ditujukan untuk eksploitasi
seksual;_  
 _i. kekerasan seksual dalam lingkup rumah tangga;_  
 _j. tindak pidana pencucian uang yang tindak pidana asalnya merupakan Tindak
Pidana Kekerasan Seksual; dan_  
 _k. tindak pidana lain yang dinyatakan secara tegas sebagai Tindak Pidana
Kekerasan Seksual sebagaimana diatur dalam ketentuan peraturan perundang-
undangan._

Kenapa istilah 'pemaksaan hubungan seksual' begitu penting dan tidak boleh
hilang dari RUU TPKS? Menurut Komnas Perempuan, istilah itu perlu ada karena
dapat mengakomodir bentuk-bentuk kekerasan seksual yang tidak terakomodasi
dalam istilah 'perkosaan' atau 'pemerkosaan'. Komnas Perempuan mendapatkan
alasan dibuangnya istilah 'pemaksaan hubungan seksual' dan dipakainya istilah
'perkosaan' lantaran penyusun undang-undang ingin mengakomodir konsep
'perkosaan' yang baru pada Rancangan Kitab Undang-Undang Hukum Pidana (RKUHP).
Namun tidak jelas betul, kapan RKUHP akan selesai digarap dan kemungkinan
memang butuh waktu sangat lama.

""Karena ketidakjelasan kapan RKUHP disahkan, mengapa tidak diatur dalam RUU
TPKS dan kemudian nanti dijadikan bagian RKUHP ketika dibahas?"" gugat Siti
Aminah Tardi.

Menurut Komnas Perempuan, ada beda pengertian antara 'pemaksaan hubungan
seksual' dan 'perkosaan'. Istilah pertama lebih luas ketimbang istilah kedua.

Sampai saat ini, tindakan pidana 'perkosaan' diatur di Pasal 285 KUHP.
Pengertian 'perkosaan' hanya meliputi penetrasi penis ke vagina. Perbuatan
selain penetrasi penis ke vagina tidak digolongkan sebagai 'perkosaan',
misalnya penetrasi penis ke anus, atau penetrasi bagian tubuh lain atau alat
lain ke bagian tubuh lain tidak termasuk dalam kategori 'perkosaan'. Perbuatan
'perkosaan' ini juga tidak mencakup kekerasan dengan ancaman psikis atau
memanfaatkan kerentananan korban dalam relasi tidak setara.

Apa konsekuensinya bila istilah 'pemaksaan hubungan seksual' tidak masuk dalam
RUU TPKS? Bisa jadi, kekerasan seksual selain pemaksaan penetrasi penis ke
vagina mendapat hukuman lebih rendah ketimbang pemaksaan penetrasi penis ke
vagina. Dalam Pasal 285 KUHP saat ini, hukuman perkosaan adalah maksimal 12
tahun. Perbuatan pencabulan dipidana sembilan tahun sebagaimana diatur di
Pasal 289 KUHP.

""Konsekuensinya, pemaksaan hubungan seksual dalam arti penetrasi non-penis
(benda, tangan, dan lain-lain) ke vagina, anus, mulut, juga penetrasi penis ke
anus tidak dipidana sebagai pemaksaan hubungan seksual, tapi sebagai
pencabulan yang ancamannya lebih rendah,"" kata Siti Aminah.

[Gambas:Video 20detik]

 ",www.detik.com
"Tipu-tipu Modus Beli Kendaraan di Sukoharjo, Motor-Pajero Dibawa Kabur","Senin, 29 Nov 2021 16:44 WIB","\-

Aksi penipuan dengan modus menjadi pembeli kendaraan bermotor terjadi di
Kabupaten Sukoharjo, Jawa Tengah. Motor seharga seratusan juta rupiah hingga
mobil Mitsubishi Pajero digondol pelaku sebelum akhirnya ditangkap polisi.

Salah satu korban adalah Aji (21). Awalnya Aji menawarkan mobil Mitsubishi
Pajero Sport bernomor polisi B 1937 PJO di media sosial.

""Kasus tersebut bermula saat korban berniat menjual mobil tersebut dengan
memasang iklan di media sosial Facebook pada 14 November 2021. Iklan tersebut
ditanggapi oleh pelaku AFB (24) yang mengaku dengan nama Susilo Pojo,"" kata
Kapolres Sukoharjo AKBP Wahyu Nugroho Setiawan saat jumpa pers di kantornya,
Senin (29/11/2021).

Kemudian, lanjutnya, pelaku menghubungi korban melalui WhatsApp untuk melihat
mobil. Dari komunikasi tersebut pelaku kemudian datang ke rumah korban di
Kecamatan Grogol pada 24 November 2021.

""Setelah melihat kondisi mobil, pelaku kemudian pulang dan datang kembali pada
26 November 2021 sekitar pukul 10.00 WIB,"" paparnya.

Setelah terjadi tawar-menawar akhirnya disepakati harga mobil adalah Rp 364
Juta. Pelaku kemudian mengajak korban ke salah satu bank di Solo Baru sekitar
pukul 12.00 WIB untuk melakukan pembayaran melalui transfer.

Saat di dalam bank, pelaku meminjam kunci mobil korban dengan dalih buku
tabungan tertinggal di dalam mobil. Tanpa menaruh curiga, korban menyerahkan
kunci mobil pada pelaku.

""Setelah mendapat kunci mobil, pelaku langsung membawa kabur mobil tersebut
dan meninggalkan korban,"" ungkap Wahyu.

Mendapati mobilnya dibawa kabur, korban kemudian melaporkannya ke Polsek
Grogol. Setelah dilakukan penyisiran Resmob Polres Sukoharjo dan Resmob
Polrestabes Semarang, pelaku ditangkap di Kota Semarang beserta barang bukti
kejahatan.

Wahyu menambahkan, sebelumnya kejadian dengan modus serupa yang mirip juga
terjadi di Kartasura, Sukoharjo. Sepeda motor Kawasaki ZR800B dibawa kabur
oleh calon pembeli.

""Pelaku modus membeli sepeda motor dan datang ke showroom milik korban di
daerah Makamhaji. Kemudian pelaku beralasan mencoba sepeda motor seharga Rp
178 juta itu,"" tutur Wahyu.

Tetapi, lanjutnya, ditunggu beberapa saat pelaku tidak juga kembali ke
showroom hingga akhirnya korban melaporkan kejadian itu ke Polsek Kartasura.

""Polsek Kartasura bekerja sama dengan Satreskrim Polres Sukoharjo dan
Polrestabes Semarang berhasil mengamankan pelaku berikut barang bukti di
daerah Kota Semarang. Saat diamankan barang bukti sudah diubah warnanya,
semula hijau menjadi merah,"" terangnya.

Atas perbuatannya, kedua pelaku tersebut dijerat Pasal 378 KUHP Jo Pasal 372
KUHP tentang Penipuan dan atau Penggelapan dengan ancaman hukuman 5 tahun
penjara.

[Gambas:Video 20detik]

  
  

 ",www.detik.com
Maling Beraksi 9 TKP Lintas Daerah Diringkus di Rembang,"Kamis, 09 Jun 2022 18:35 WIB","\-

Pelaku pencurian yang beraksi di lintas daerah diringkus polisi di Kabupaten
Rembang, Jawa Tengah. Pelaku seorang pria inisial ZA alias Kancil, warga
Kecamatan Sedan, Rembang.

Wakapolres Rembang Kompol Tegoeh Boedi Prasetijo mengungkapkan, tersangka
beraksi di sembilan tempat kejadian perkara (TKP). Empat TKP lokasinya di
Kabupaten Rembang, sedangkan lima TKP di luar daerah yang berbeda.

Dari sembilan lokasi pencurian, tersangka menggasak beragam barang berharga.
Seperti uang tunai jutaan rupiah, sejumlah perhiasan emas, dan beberapa barang
elektronik seperti laptop dan ponsel.

""Perhiasan yang dicuri ada gelang emas 10 gram, satu kalung emas seberat 2
gram, dan satu cincin seberat 3 gram. Kalau lima TKP yang luar daerah ada di
Wonosobo, Kendal, Jepara, Pati, sama Tuban. Dia ini residivis,"" terang Tegoeh
saat jumpa pers di kantornya, Kamis (9/6/2022).

Sedangkan empat TKP yang lokasinya di Kabupaten Rembang, Tegoeh mengungkapkan,
berada di Desa Karanglincak dan Desa Narukan, Kecamatan Kragan; Desa Sluke,
Kecamatan Sluke; dan Desa Tireman, Rembang.

Tegoeh juga mengungkapkan, modus yang dilakukan oleh pelaku yakni dengan
mencongkel jendela rumah.

""Yang disasar itu rumah-rumah sepi yang ditinggal pergi pemiliknya. Dari
penangkapan terhadap tersangka, polisi mengamankan sejumlah barang bukti
seperti handphone, laptop, uang tunai, BPKB, dan ada juga 100 buah buku nikah
yang masih kosong (blangko),"" imbuhnya.

Tersangka ZA diancam dengan Pasal 363 KUHP tentang pencurian dengan
pemberatan, yang ancaman hukumannya adalah tujuh tahun penjara.

  
  
  
[Gambas:Video 20detik]  

 ",www.detik.com
"Siswa di Sulut Tewas Dianiaya Rekan Sekolah, 18 Murid-Guru Diperiksa","Rabu, 15 Jun 2022 15:17 WIB","\-

Polisi memeriksa 18 orang sebagai saksi terkait siswa SMP di Kotamobagu,
Sulawesi Utara (Sulut) tewas dianiaya sejumlah rekan sekolahnya. Para saksi
merupakan guru dan murid.

""Sampai sekarang sudah melakukan pemeriksaan kurang lebih 18 orang saksi, yang
kita mintai keterangan,"" ujar Kabid Humas Polda Sulut Kombes Jules Abraham
Abast saat dimintai konfirmasi , Rabu (15/6/2022).

Jules mengatakan 9 dari 18 orang saksi merupakan murid yang diduga sebagai
pelaku. Selain itu, polisi juga memeriksa pihak sekolah dan orang tua dari
setiap murid.

  

""Terdiri dari pelajar juga, dan juga ada dari pihak-pihak guru wali kelas yang
sudah kita minta keterangan,"" ujarnya.

Menurut Jules, pihaknya sedang mendalami siapa dari 9 murid yang berperan
menganiaya korban hingga tewas.

""9 Orang ini tentu awalnya kita minta keterangan, karena kita duga mereka
mengetahui terjadi penganiayaan tersebut. Tapi kita duga ada yang jadi
pelaku,"" katanya.

Jules mengatakan hingga kini pihaknya belum menetapkan tersangka. Penyidik
mengaku enggan gegabah dalam menentukan tersangka.

""Sejauh ini kita mengacu pada sistem peradilan pidana anak. Kita juga harus
berhati-hati bahwa dalam sistem peradilan anak yang kita harus perhatikan ini
pelaku anak tentu yang kita perhatikan terkait psikologis,"" imbuhnya.

Sebelumnya diberitakan, siswa SMP inisial BT (13) yang tewas dianiaya di
Kotamobagu sempat dikabarkan menjadi korban bullying di sekolahnya. Namun
pihak kepolisian membantah korban tewas bukanlah sebagai korban bully.

""Bullying _nda_ ada (korban tidak di-bully), justru dia yang mem-bullying,""
ujar Kombes Jules saat ditemui , Senin (13/6).

  
  
  
[Gambas:Video 20detik]  

 ",www.detik.com
2 Begal di Polewali Diamankan Polisi,"Jumat, 06 Sep 2019 03:48 WIB","\- Purnomo (52) dan Mardin (30) ditangkap polisi di Dusun Kauluang, Desa
Cappego, Kecamatan Matakali, Polewali. Keduanya diketahui beberapa kali
melakukan aksi begal di wilayah tersebut.  
  
Panit 1 Reskrim Polsek Wonomulyo, IPDA Firman, menjelaskan Purnomo dan Mardin
merupakan buruh bangunan. Aksi mereka terungkap setelah polisi mengintai
keduanya selama beberapa waktu.  
  
Menurut Firman, Purnomo dan Mardin kerap melakukan pembegalan dengan senjata
tajam. Mereka mengancam korban dengan senjata tajam jika menolak memberikan
harta benda.  
  

  
Berdasarkan laporan terbaru yang diterima polisi, keduanya merampas ponsel
sambil mengacung-acungkan parang di wajah korban. Dari tangan pelaku, polisi
mengamankan barang bukti berupa dua unit telepon genggam hasil begal, sebuah
senjata tajam jenis parang, dan satu unit sepeda motor yang dipakai saat
beraksi.  
  
""Salah satu korban yang mengendarai sepeda motor mengaku tiba-tiba dicegat
pelaku yang menggunakan masker sambil membawa parang dengan kondisi terhunus
dan merampas handphone milik korban,"" kata Firman, Kamis (5/9/2019).  
  
  
Purnomo dan Mardin pun dijerat Pasal 365 KUHP dengan ancaman hukuman 9 tahun
penjara. Diketahui, Purnomo sendiri merupakan residivis atas kasus yang sama.  
  
""Untuk mempertanggungjawabkan perbuatannya, keduanya dijerat menggunakan Pasal
365 tentang pencurian disertai kekerasan dengan ancaman hukuman maksimal 9
tahun penjara,"" pungkas Firman.

 ",www.detik.com
"Toko Emas di Tangerang Dirampok Pria Bersenpi, 1 Sekuriti Tertembak","Senin, 11 Apr 2022 01:42 WIB","\-

Dua perampok bersenjata api menyatroni toko emas setelah berbuka puasa di
Pasar Kemis, Kabupaten Tangerang. Seorang sekuriti terluka dalam kejadian ini.

Kapolsek Pasar Kemis Kompol Maryadi menyebutkan perampokan tersebut terjadi
pada Minggu (10/4/2022) sekitar pukul 19.45 WIB. Kedua perampok berboncengan
menggunakan satu motor.

""Singkatnya, saya membenarkan peristiwa tersebut. Jadi ada dua orang
menggunakan sepeda motor berboncengan. Selanjutnya melakukan aksi penembakan
ke kaca toko emas tersebut, dan mengambil emas,"" ujar Maryadi saat dihubungi,
Minggu (10/4/2022).

Ia juga membeberkan adanya seorang sekuriti yang terluka kena tembakan pada
bagian pahanya. Saat ini sekuriti tersebut sudah dibawa ke klinik untuk
penanganan lebih lanjut.

""Selanjutnya, dari kejadian ini, pihak kepolisian beserta tim Buser penyidik
Reskrim sedang melakukan penyelidikan lebih lanjut,"" tambahnya.

Dua perampok berhasil mengambil emas di toko tersebut. Namun Maryadi belum
dapat memastikan berapa banyak emas yang diambil perampok ini.

""Emas saja. Cuma untuk detailnya masih kita selidiki. Masih kita selidiki
untuk kerugiannya,"" ucapnya.

[Gambas:Video 20detik]

  
  
  

 ",www.detik.com
"Korban Dugaan Guru SD Cabuli Murid Jadi 3 Orang, Polisi Cari Alat Bukti","Selasa, 03 Mei  2022 21:10 WIB","\-

Korban kasus pencabulan hingga dugaan pemerkosaan oleh oknum guru sekolah
dasar (SD) berinisial MA di Bulukumba, Sulawesi Selatan (Sulsel) bertambah
menjadi tiga orang murid. Polisi kini mencari alat bukti untuk menetapkan
terlapor sebagai tersangka.

""Total (korban) 3 orang, 3 orang yang melapor,"" kata Kasat Reskrim Polres
Bulukumba Iptu Muhammad Yusuf kepada , Selasa (3/5/2022).

Iptu Yusuf mengatakan, ketiga korban duduk di kelas empat alias seluruhnya
merupakan murid dari terlapor MA. MA sejauh ini masih mengingkari pengakuan
ketiga korban yang masih berusia 10 tahun.

  

""Ya namanya terlapor _menyangkali_ perbuatannya, maka kita harus lengkapi
bukti-bukti. Yang jelasnya semua (korban) itu kita sudah ambil keterangannya
semua yang tiga orang,"" kata Yusuf.

Menurut Iptu Yusuf, pengakuan ketiga korban ada yang mengaku dicabuli sejak
tahun 2021 silam. Sementara dua korban lainnya mengaku dicabuli tahun 2022.

""Keterangan dari korban ini berbeda, ada yang dilakukan dari tahun 2021 sampai
2022 satu orang. Ada yang dua orang ini tahun 2022,"" kata Yusuf.

Saat disinggung soal bukti visum, Iptu Yusuf mengatakan penyidik Unit
Perlindungan Perempuan dan Anak (PPA) Polres Bulukumba masih menunggu hasilnya
dari rumah sakit.

""Belum keluar visumnya, kita tunggu lagi. Insya allah nanti kalau sudah keluar
kita konfirmasi lagi,"" kata Yusuf.

Diberitakan sebelumnya, dugaan aksi cabul guru SD inisial MA di Bulukumba
memperkosa muridnya yang masih berusia 10 tahun terungkap. Dugaan cabul itu
terkuak saat korban dibuli rekan-rekannya.

Ayah korban, Kamaruddin mengatakan dugaan pemerkosaan ini terungkap setelah
korban dibuli teman-teman mengajinya di masjid di wilayah Kecamatan Bulukumpa
pada Rabu (27/4). Korban dibuli rekannya sesama bocah karena dituding dipacari
guru MA.

Akibatnya korban mengadu ke guru mengajinya bahwa ia telah diperkosa oleh guru
MA. Peristiwa dugaan pemerkosaan itu akhirnya turut diketahui Kamaruddin.

""(Korban mengadu) pernah napanggil guruku ke rumahnya, napanggil ke kamar
(selanjutnya korban menceritakan peristiwa diperkosa MA),"" ujar Kamaruddin.

MA diduga pertama kali memperkosa korban di rumah terlapor pada Februari 2022.
Sementara pemerkosaan yang kedua terjadi di sekolah saat bulan puasa.

""Februari (pertama kali korban diperkosa di rumah). Yang kedua kalinya bulan
puasa hari Sabtu 23 April di kantor sekolah,"" kata Kamaruddin.

  
  
  
[Gambas:Video 20detik]  

 ",www.detik.com
Pria yang Jadi Begal untuk Hidupi 3 Istri Sempat Sandera IRT,"Jumat, 10 Jun 2022 21:53 WIB","\-

Pria di Palembang, Sumatera Selatan, Iqbal Saputra (27), yang menjadi begal
untuk menghidupi tiga istrinya telah ditangkap oleh kepolisian. Iqbal yang
kini jadi tersangka dalam aksinya sempat menyandera seorang ibu rumah tangga
(IRT) yang sedang sakit di rumahnya.

""Saat kabur usai membegal, tersangka ini mengancam seorang ibu rumah tangga
saat numpang sembunyi agar tidak memberitahukan kepada polisi yang sudah
mengepungnya,"" kata Kapolsek Ilir Barat I (satu) Palembang, Kompol Roy A
Tambunan dikonfirmasi , Jumat (10/6/2022).

Menurut Roy, aksi begal yang dilakukan Iqbal bersama komplotannya sudah 15
kali di kota Palembang. Salah satu aksi yang dilakukannya terjadi pada (3/2)
lalu sekitar pukul 23.00 WIB di Jalan Angkatan 45, Ilir Barat I, Palembang.

  

""Salah satu aksi tersangka dan komplotannya melakukan aksi begal tehadap dua
pasangan pemuda yang sedang berboncengan. Saat itu dia dan komplotannya
berhasil merampas sepada motor milik korban yang sedang melintas di daerah
Angkatan 45 Palembang,"" kata Roy.

Mendapat informasi tersebut, Polisi kemudian langsung melakukan pengerjaan.
Akan tetapi, saat hendak ditangkap Iqbal mencoba melarikan diri.

""Saat hendak ditangkap, tersangka berupaya melarikan diri, tersangka sempat
masuk ke dalam rumah salah seorang warga untuk bersembunyi. Saat itu tersangka
berupaya mengancam seorang ibu yang sedang sakit-sakitan yang berada didalam
rumah,"" katanya.

Bahkan sambil mengancam IRT tersebut, Iqbal mengaku kalau dirinya sedang
dijebak. Namun, ketika dia hendak keluar dari rumah untuk kabur, petugas
langsung memberikan tembakan peringatan.

""Karena tembakan peringatan tidak diindahkan, tersangka ditembak di kaki kiri.
Bukannya menyerah, tersangka masih mecoba lari dan akhirnya kembali ditembak
di kaki kanan,"" ungkapnya.

Saat ini, kata Roy, total sudah empat tersangka yang ditangkap. Untuk tiga
orang komplotan yang masih buron kini diburu petugas.

""Saat ini kita tengah memburu ketiga kawanan komplotan yang diduga telah
berpencar, ada yang masih di dalam Kota Palembang, ada pula yang sudah
melarikan diri keluar Kota Palembang,"" jelasnya.

Diketahui, Iqbal mengaku nekat jadi begal karena untum menghidupi tiga orang
istrinya. Diantara ketiga istrinya tersebut, hanya satu yang berstatus istri
sah, sedangkan dua lainnya merupakan istri siri.

Sebelumnya, Seorang pelaku begal sadis, Ikbal Saputra (27), di Palembang,
Sumatera Selatan ditangkap dan ditembak polisi. Kepada polisi Iqbal mengaku
nekat jadi begal karena untuk menghidupi tiga istrinya.

""Iya benar, pelaku begal ini kita tembak karena mencoba melawan saat akan
ditangkap. Dia mengaku nekat jadi begal karena ingin menghidupi tiga orang
istrinya,"" kata Kapolsek Ilir Barat I (satu) Palembang, Kompol Roy A Tambunan
dikonfirmasi detikSumut, Jumat (10/6/2022).

  
  
  
[Gambas:Video 20detik]  

 ",www.detik.com
Polisi Limpahkan Berkas Perkara Begal Amaq Sinta ke Kejaksaan,"Sabtu, 23 Apr 2022 08:26 WIB","\-

Polda Nusa Tenggara Barat (NTB) akhirnya menyerahkan berkas perkara tahap I
kasus begal dengan korban Amaq Sinta di Lombok Tengah ke Kejaksaan Tinggi NTB.
Berkas perkara yang dilimpahkan terkait dengan dua orang tersangka begal, W
dan H.

""Unit 2 Direktorat Reserse Kriminal Umum Polda NTB sudah menyerahkan berkas
perkara dua tersangka kasus begal di Lombok Tengah, karena dua pelaku lainnya
meninggal di TKP maka yang kita serahkan dua berkas,"" ungkap Kabid Humas Polda
NTB, Kombes Artanto kepada detikBali, Sabtu (23/4/2022).

Penyerahan berkas perkara telah dilakukan pada Jumat (22/4) kemarin. Artanto
berharap proses peradilan di Kejati NTB berjalan lancar, agar kasus tersebut
cepat terselesaikan.

  

""Alhamdulillah setelah melalui proses penyidikan akhirnya penyerahan BP 1
begal berjalan lancar, mudah-mudahan berkas perkara begal Lombok Tengah ini
cepat terselesaikan,"" harapnya.

Mengenai bukti otentik pelaku melakukan perbuatan tersebut, Artanto memastikan
bahwa berkasnya sudah lengkap tinggal tunggu hasil penelitian jaksa.
Dikatakannya, dalam pengumpulan berkas dan barang bukti, Polda NTB telah
melakukan prosedur penyidikan sesuai aturan yang berlaku.

""Kami telah berupaya semaksimalnya mengungkap kasus ini, hingga menemui titik
terang dari permasalahan ini,"" kata dia.

Artanto berharap semua pihak memantau perkembangan kasus tersebut di
pengadilan, agar kasus ini diadili seadil-adiknya.

""Tugas kami di kepolisian melakukan penyidikan dengan memberkas perkara.
Keputusan selanjutnya ada di pengadilan,"" pungkasnya.

Diberitakan sebelumnya, seorang pria NTB Amaq Sinta menjadi korban pembegalan
oleh 4 orang pada Minggu (11/4/2022). Amaq Sinta yang mencoba membela diri,
akhirnya melumpuhkan dua pelaku begal dengan pisau yang dibawanya. Dua begal
akhirnya tewas, sementara dua lainnya melarikan diri dari TKP atas nama W dan
H.

Kasus begal dengan korban Amaq Sinta ini sempat menjadi sorotan karena
keputusan penyidik Polres Lombok Tengah yang justru menetapkan Amaq Sinta yang
merupakan korban begal sebagai tersangka pembunuhan. Itu karena saat
menghadapi begal begal tersebut, Amaq Sinta melakukan pembelaan diri dengan
pisau yang dibawanya hingga menewaskan dua dari empat orang begal.

Namun Polda NTB yang mengambil alih kasus itu akhirnya memutuskan menghentikan
penyidikan atas kasus Amaq Sinta sebagai tersangka pembunuhan. Kini Amaq Sinta
sudah tidak lagi menyandang status tersangka. Namun petani asal Lombok Tengah
itu masih harus berurusan dengan polisi sebagai saksi korban atas kasus
pembegalan itu.

  
  
  
[Gambas:Video 20detik]  

 ",www.detik.com
Jabar Hari Ini: Eril Dimakamkan hingga Pria Ciamis Dapat Motor karena Sampah,"Senin, 13 Jun 2022 22:00 WIB","\-

Beragam peristiwa terjadi di Jawa Barat hari ini, Senin (13/6/2022), mulai
dari pemakaman anak sulung Ridwan Kamil, Eril yang disambut lautan manusia
hingga pria di Ciamis dapat motor karena pungut sampah.

### Jenazah Eril Dimakamkan di Cimaung

Jenazah Emmeril Kahn Mumtadz di makamkan di kawasan Yayasan Islamic Centre
Baitul Ridwan di Kecamatan Cimaung, Kabupaten Bandung.

Gubernur Jabar Ridwan Kamil dan istrinya Atalia satu mobil dengan jenazah
Eril. Ridwan Kamil turun sambil menggendong anak bungsunya Arkana.

  

Sesampainya di area pemakaman, jenazah Eril diturunkan dan digotong anggota
Brimob ke titik pemakaman yang berjarak kurang lebih 100 meter dari tenda
tamu. Lantunan salawat bergema saat jenazah digotong ke liang lahat. Para
pelayat pun melantunkan salawat sambil berdiri.

Di antaranya Eril juga turut diiringi dengan lantunan pembacaan salawat oleh
hafiz dan qari Muzammil Hasballah. Suara merdu Muzammil membuat suasana
pemakaman semakin khusyuk.

Usai azan dikumandangkan, Atalia membuka kain hijau penutup peti. Setelahnya,
Kang Emil berdiri dan menyerok pasir untuk dimasukkan ke dalam liang lahat.

Kang Emil terlihat beberapa kali menyerokkan pasir ke dalam liang lahat.
Setelah itu, beberapa petugas mulai memasukkan pasir ke dalam liang lahat.

Setelah proses pemakaman selesai, Ridwan Kamil bersama keluarga langsung
menabur bunga di atas makam Eril.

Ridwan Kamil menceritakan bagaimana jutaan doa dari berbagai tempat mengiringi
kepergian putranya, Emmeril Kahn Mumtadz. Dia bercerita kala 14 hari menanti
kabar setelah putranya hilang di Sungai Aare, Swiss.

""Selama 14 hari Allah memberikan waktu kepada kita untuk bertafakur, selama 14
hari Allah memberikan petunjuk kepada kita untuk mengambil pelajaran dari apa
yang kita lihat, kita dengan dan kita doakan,"" kata Ridwan Kamil usai
pemakaman Eril di Cimaung, Bandung hari ini.

### Lautan Manusia Sambut Jenazah Eril Sepanjang Jalan Bandung ke Cimaung

Duka menyelimuti Kota Bandung dan sekitarnya. Jenazah Emmeril Kahn Mumtadz
(Eril) dimakamkan, dibawa dari Gedung Pakuan ke permakaman di Baitul Ridwan
Islamic Center, Kecamatan Cimaung, Kabupaten Bandung.

Jenazah Eril diberangkatkan dari Gedung Pakuan atau rumah dinas Gubernur
Jabar, Kota Bandung, pada pukul 09.11 WIB. Sejumlah petugas mengawal. Selawat
dan lantunan tahlil menggema di Gedung Pakuan mengiringi kepergian rombongan.

Rombongan menempuh jarak sekitar 30 kilometer ke Cimaung, Kabupaten Bandung.
Warga menyemut di sepanjang jalan, mulai Cicendo, Pasupati, Djunjunan
(Pasteur) dan seterusnya. Mereka berdiri di pinggir jalan, melambaikan tangan
kepada rombongan.

Di Jalan Djunjunan, salah satu warga, Rina, turut merasakan duka yang dialami
keluarga Ridwan Kamil. Walau tak mengenal Eril secara langsung, hatinya
terdorong untuk ikut mendoakan Eril.

""Semoga keluarga Pak Gubernur diberikan ketabahan, saya juga merasa aneh.
Kenal Eril juga tidak, tapi inginnya ikut mendoakan dan merasa kehilangan,""
tutur Rina.

Di Kota Cimahi, warga berbaris di atas Jembatan Baros. Dengan memakai ponsel,
warga mengabadikan momen saat kendaraan yang membawa jenazah putra sulung
Ridwan Kamil itu melintas ke peristirahatan terakhirnya.

Nanang (49), warga Baros, sengaja menunggu iring-iringan kendaraan pengantar
mendiang Eril. Dia mengaku selalu mencari info terbaru sejak Eril hilang di
Sungai Aare, Bern, Swiss. Sampai akhirnya Eril ditemukan meninggal dunia dua
pekan kemudian.

""Saya update terus beritanya setiap hari. Kami sebagai warga Cimahi hanya bisa
mendoakan semoga husnulkhatimah. Saya ikut sedih,"" kata Nanang.

Sekitar pukul 10.55 WIB, Senin (13/6/2022), rombongan tiba di lokasi
pemakaman. Pelayat menyesaki jalan menuju pemakaman. Lantunan salawat bergema
saat jenazah Eril digotong. Seluruh pelayat berdiri.

Prosesi pemakaman berlangsung khidmat dan haru. Dalam sambutan penghormatan
terakhir, Ridwan Kamil berterima kasih kepada semua pihak yang membantu proses
pemulangan jenazah putranya hingga dimakamkan.

""Atas nama keluarga. Saya menghaturkan terima kasih kepada bapak Jokowi dan
Ma'ruf Amin. Pemkab Bandung, keluarga dan sahabat Eril dan masyarakat yang
sudah ikhlas mendoakan dan melepas Eril,"" kata pria yang akrab disapa Emil
ini.

Emil yang berpakaian hitam dan berpeci itu hadir di pemakaman didampingi
istri, anak, dan orang tuanya.

""Ananda (Eril) telah selesai tugas di dunianya dengan paripurna. Tidak kurang,
tidak lebih Allah sudah tetapkan karena tidak ada satu pun daun jatuh, ranting
patah kecuali atas izin dan kehendak Allah,"" tutur Emil.

### Heboh Stadion GBLA Retak, OC Piala Presiden Buka Suara

Stadion Gelora Bandung Lautan Api (GBLA) kembali bergelora. Belasan ribu
suporter memadati stadion ini di laga Persib Bandung vs Bali United dalam
ajang Piala Presiden 2022.

Laga pembuka babak penyisihan Grup C ini berlangsung pada Minggu (12/6/2022)
dengan skor akhir sama kuat 1-1. Malam itu menjadi momentum kembalinya
suporter ke stadion setelah hampir dua tahun.

Kemegahan Stadion GBLA dapat terlihat jelas baik secara langsung maupun di
layar televisi. Hampir seluruh tribun dipadati suporter yang didominasi
pendukung Persib Bandung.

Di balik kemegahan itu, kondisi stadion berkapasitas 38.000 penonton ini
mendapat sorotan. Kerusakan ditemukan di beberapa titik, baik diluar maupun di
dalam.

Retakan pada bagian lantai hingga tembok banyak ditemukan. Belum lagi pagar
pembatas tribun dan bangku penonton yang mulai berkarat hingga fasilitas
penunjang lainnya yang lama tak digunakan.

Kerusakan di beberapa titik Stadion GBLA banyak dikeluhkan penonton. Foto-foto
detail kerusakan itu juga beredar luas di media sosial. Kondisi tersebut
dikhawatirkan dapat membahayakan penonton saat menyaksikan jalannya
pertandingan.

Merespons hal itu, Ketua Organizing Committee (OC) Piala Presiden Akhmad
Hadian Lukita mengaku, sebelum turnamen pramusim itu digelar pihaknya telah
meninjau langsung Stadion GBLA. Dari hasil peninjauan itu, Lukita mengatakan
memang ada beberapa bagian stadion yang sedang diperbaiki.

""Tentu LOC (panpel) sudah memeriksa dan saya juga sudah tanya-tanya juga.
Katanya memang ada beberapa yang sedang diperbaiki. Secara prinsip katanya
aman dan saya percaya dengan pernyataan LOC,"" kata Lukita haru ini.

Untuk memastikan penonton yang datang aman meski kondisi stadion tidak 100%
baik, penonton hanya dibolehkan mengisi tribun bawah. Sementara tribun atas
Stadion GBLA harus dikosongkan.

Selanjutnya, kata Lukita, pihaknya akan melakukan evaluasi setelah Stadion
GBLA menggelar dua pertandingan di babak penyisihan Grup C yakni Persib vs
Bali United dan Bhayangkara FC vs Persebaya Surabaya.

""Tapi memang untuk menghindari hal itu lantai atas tidak boleh dipakai, jadi
tribun bawah dulu. Dan izinnya baru dikasih dua pertandingan dulu nanti di
evaluasi. Nanti dievaluasi dari tim teknis dan tim keamanan,"" ungkapnya.

Lukita menjelaskan, Stadion GBLA dipilih menjadi tempat digelarnya babak
penyisihan Grup C berdasarkan keputusan LOC Persib Bandung selaku tuan rumah.

Padahal jika mau, Persib bisa menggunakan Stadion Si Jalak Harupat, Kabupaten
Bandung sebagai tempat digelarnya Piala Presiden.

""Kan memutuskan itu LOC Persibnya. Kami kan nunjuk Persib tuan rumah dan
terserah Persib mau main di mana. Dua-duanya dicek. Dan semuanya dilihat juga,
jadi oke dua-duanya. Tapi yang menentukan itu panpelnya,"" jelas Lukita.

Dengan ditemukannya titik-titik kerusakan di Stadion GBLA, Lukita menyatakan
akan menunggu laporan untuk kemudian mengevaluasi pertandingan yang digelar di
Stadion GBLA.

""Nanti kami juga akan menunggu laporan dari hasil dua evaluasi itu,""
pungkasnya.

### Dua Pria Bawa Kabur dan Perkosa Gadis ABG Subang di Hutan Cianjur

Polisi mengamankan dua pria yang diduga membawa kabur seorang gadis di bawah
umur ke dalam hutan di Kecamatan Cidaun, Kabupaten Cianjur. Terungkap juga
jika gadis tersebut beberapa kali disetubuhi oleh salah seorang pelaku
tersebut.

Kapolsek Cidaun AKP Sumardi, mengatakan awalnya polisi mendapatkan informasi
dari masyarakat jika ada tiga orang misterius yang tinggal di dalam sebuah
gubuk di tengah hutan Blok Selong Kampung Gunung Jampang Desa Cidamar
Kecamatan Cidaun Kabupaten Cianjur.

""Kami bersama anggota langsung mengecek lokasi. Di gubuk di tengah hutan yang
jauh dari pemukiman itu ditemukan ada tiga orang, dua laki laki yang sudah
dewasa dan satu perempuan masih di bawah umur,"" ungkapnya hari ini.

Menurutnya dari hasil pemeriksaan terungkap jika gadis asal Subang itu
dikabarkan hilang sejak 26 Mei 2022 dan diduga dibawa oleh AS (39) dan AP
(55).

Bahkan terungkap jika salah seorang pria berinisial AS sudah beberapa kali
menyetubuhi gadis ABG itu selama dibawa tinggal di dalam gubuk.

""Dari hasil pemeriksaan ternyata ketiganya warga Subang. Satu orang laki-laki
yang berinisial AS (39) mengakui sudah melakukan perbuatan persetubuhan 4 kali
pada gadis ABG yang masih berusia 15 tahun tersebut,"" katanya.

Dia menyebut penyelidikan lebih lanjut dilakukan oleh Polres Cianjur. ""Kita
sudah limpahkan ke Polres,"" katanya.

Kasatreskrim Polres Cianjur AKP Septiawan Adi, mengatakan pihaknya masih
melakukan pemeriksaan terhadap dua pria yang diduga membawa kabur gadis ABG
asal Subang ke Cianjur.

""Kasusnya ditangani Polres. Kita masih dalami. Mulai dari dugaan gadis ini
dibawa kabur hingga persetubuhannya,"" katanya.

### Pria Ciamis Dapatkan Motor karena Rajin Kumpulkan Sampah

Sampah biasanya hanya dipandang sebelah mata oleh sebagian orang. Tapi tidak
bagi Widaryanto (56), tukang ojek di Ciamis, sampah bisa menambah penghasilan
setelah ditabung di bank sampah. Bahkan berkat nabung di bank sampah, ia
mendapat penghargaan hadiah sepeda motor dari Pemkab Ciamis.

Penghargaan sepeda motor tersebut diberikan Dinas Perumahan Rakyat, Kawasan
Permukiman dan Lingkungan Hidup (DPRKPLH) Ciamis. PEnghargaan juga diberikan
kepada Bank Sampah Saluyu Sukadana sebagai yang terbaik berupa motor roda
tiga.

Widaryanto yang sehari-hari menjadi tukang ojek ini mulai menjadi pegiat
lingkungan sejak tahun 2012. Ketika Pemkab Ciamis mendirikan bank sampah pada
2020, Widaryanto mendaftar jadi nasabah dan rutin menabung sampah.

Ia mengaku baru tahu ada bank sampah dari anaknya. Bahkan dengan nabung di
bank sampah, ia bisa mencicil sepeda motor untuk ngojek dan mengumpulkan
sampah.

""Awalnya waktu ngojek kehujanan 2012, melihat banyak sampah di pasar, lalu
saya coba bawa sekarung dijual dan laku Rp 30 ribu. Kalau dikalkulasikan
sebulan dapat Rp 900 ribu. Jadi selain ngojek saya juga putuskan untuk
mengumpulkan sampah,"" ujarnya usai menerima hadiah motor hari ini.

Sampah berupa botol bekas, kardus, duplek, plastik, kaleng, beling dan lainnya
ia kumpulkan selepas ngojek. Menyusuri jalan hingga ke pasar. Setiap bulan, ia
rutin bisa menabung hingga 4 kuintal sampah. Hasilnya sebulan Bapak empat anak
ini bisa menghasilkan uang Rp 1 juta lebih dari nabung sampah.

""Alhamdulillah waktu tahun 2021, setelah setahun bergabung di bank sampah saya
mendapat hadiah sepeda gunung. Kemudian tahun 2021 ini tepat di Hari Jadi
Ciamis saya kembali mendapat hadiah sepeda motor dari Pemkab Ciamis. Sangat
bersyukur,"" ungkapnya.

Sebelum nabung di bank sampah, Widaryanto biasa menjual sampahnya ke pengepul
yang berkeliling. Namun setelah dipilah terlebih dulu dan disetor ke bank
sampah, hasilnya naik tiga kali lipat dari sebelumnya.

""Insya Allah ke depan saya bisa mengajak lainnya untuk tergugah menabung di
Bank Sampah Ciamis. Selain menghasilkan ekonomi, juga sekaligus menjaga
lingkungan dan kebersihan. Motor penghargaan ini akan digunakan anak saya
untuk operasional kerja,"" jelasnya.

Sementara itu Kepala DPRKPLH Ciamis Taufik Gumelar mengatakan pemberian sepeda
motor ini sebagai penghargaan Pemkab Ciamis bagi warga yang rajin nabung
sampah di bank sampah. Bahkan Widaryanto ini menjadi nasabah terbaik dengan
nilai tabungan tertinggi.

""Pegiat lingkungan yang selalu aktif Jabung sampah. Reward berupa sepeda motor
karena telah mampu mengumpulkan tabungan sampah terbanyak,"" ungkap Taufik usai
memberikan reward motor.

Taufik berharap ke depan, pegiat lingkungan ini bisa menularkan ilmunya kepada
swasta lain. Sehingga pegiat lingkungan di Ciamis banyak lagi. Selain memiliki
nilai ekonomis, juga bisa mewujudkan Ciamis bersih dan indah.

  
  
  
[Gambas:Video 20detik]  

 ",www.detik.com
"Rencanakan Pembunuhan Zaenab, Sejoli Asal Depok Terancam Hukuman Mati","Jumat, 27 Mei  2022 21:01 WIB","\-

Pasangan kekasih laki-laki berinisial AM (26) dan wanita inisial TO (21)
dijerat pasal berlapis atas pembunuhan berencana wanita bernama Zaenab (51)
asal Ciputat, Tangerang Selatan. Atas pembunuhan berencana ini, keduanya
terancam hukuman mati.

""Saat ini kedua tersangka sedang dalam proses penyidikan dengan ancaman tiga
pasal, yaitu 338 KUHP, 340 KUHP, dan 364 KUHP. Ancaman pidana hukuman mati,
penjara seumur hidup, dan/atau penjara 20 tahun,"" kata Kapolres Bogor AKBP
Iman Imanuddin kepada wartawan, Jumat (27/5/2022).

Iman mengatakan pembunuhan Zaenab itu telah direncanakan. Keduanya berniat
membunuh jika korban tidak membayar utang Rp 100 juta.

""Pada saat itu di hari Kamis (19/5) memang tersangka TO dan AM sudah
merencanakan untuk menagih dan, jika tidak bisa ditagih, akan menghilangkan
nyawa dari korban,"" jelasnya.

Korban dijemput kedua tersangka dari tempat indekos di Ciputat, Tangsel.
Setiba di Sawangan, Depok, keduanya lalu membunuh korban lantaran korban tidak
dapat membayar utangnya.

""Ketika tiba di suatu lokasi sepi di daerah Sawangan, posisinya korban itu
berada duduk di bangku tengah sebelah kiri. Kemudian tersangka TO itu duduk di
sebelah kanan, sedangkan tersangka AM itu kondisinya sebagai pengemudi di
depan,"" ungkapnya.

""Ketika sampai di daerah sepi itu, diawali dengan tersangka TO itu
_menjedotkan_ kepala korban ke jok depan. Kemudian pengemudi tersebut
tersangka AM loncat ke belakang dan menekan leher korban sampai di leher
korban itu ada bekas luka akibat terbentur giginya tersangka AM,"" tambahnya.

Kemudian mayat korban dibuang di daerah Kecamatan Kemang, Kabupaten Bogor.
Jasad korban ditemukan oleh warga sekitar pada Sabtu (21/5).

  
 _Baca di halaman selanjutnya: tersangka TO ancam gugurkan kandungan jika
pacar tak ikut bantu bunuh korban._

 __

[Gambas:Video 20detik]

  
  

Selanjutnya __

Halaman

1  2

 ",www.detik.com
Durjana! Pria Perkosa Siswi SMP Bandung di Dalam Angkot,"Rabu, 18 Mei  2022 14:20 WIB","\-

Deri Aryanto (32), sopir angkutan kota (angkot) Cijenuk-Cililin, Kabupaten
Bandung Barat (KBB) tega memperkosa bocah perempuan berusia 15 tahun.

Aksi bejat Deri terhadap korban yang masih duduk di bangku kelas 3 SMP itu
terjadi pada Senin (9/5/2022) sekitar pukul 23.00 WIB di kawasan Cipongkor,
KBB.

Kapolsek Sindangkerta AKP Yogaswara mengatakan aksi pelaku bermula saat korban
bersama seorang temannya hendak pergi ke rumah temannya tersebut di Cililin
dari Cipongkor. Keduanya berjalan kaki karena tak punya uang untuk membayar
ongkos angkot.

  

""Di tengah perjalanan itu sekitar pukul 17.30 WIB, ada sopir angkot yang
menawarkan tumpangan. Tapi ditolak karena mereka enggak punya uang untuk
ongkos,"" ungkap Yogaswara kepada wartawan, Rabu (17/5/2022).

Kendati korban sudah menolak, sopir angkot tersebut bersikukuh mengajak
keduanya naik. Sadar tak punya pilihan, kedua bocah SMP itu akhirnya naik
angkot tersebut dan dijanjikan diantar ke Cililin.

""10 menit perjalanan, sopir ini berhenti untuk menjemput temannya. Kemudian
maju lagi dan berhenti di depan warung. Korban bertanya kenapa berhenti,
alasannya karena magrib dan hujan,"" jelas Yogaswara.

Saat itu teman pelaku turun dari angkot untuk membeli minuman. Pelaku kemudian
memberikan minuman tersebut serta sebuah pil pada kedua korban. Namun korban
menolak pemberian sang sopir.

""Korban ini menolak, tapi temannya ini minum obat itu sampai akhirnya tertidur
pulas. Dari situ angkot berputar arah, kemudian berhenti lagi di sebuah
warung. Si korban bertanya kenapa berhenti lagi, tapi si sopir ini enggak
menjawab,"" kata Yogaswara.

Pelaku lalu melancarkan aksi bejatnya. Ia pindah ke kursi belakang untuk
memperkosa korbannya.

""Dari situ pelaku langsung memperkosa korban, kejadiannya sekitar 1 menit.
Setelah selesai, pelaku langsung pindah ke jok sopir untuk tidur, sementara
korban ini menangis di jok belakang angkot sampai pagi hari. Saat pagi korban
langsung diantar ke Cililin dan pelaku kabur,"" ujar Yogaswara.

Singkat cerita, kasus ini kemudian dilaporkan ke Polsek Cililin oleh orang tua
korban pada 13 Mei 2022. Setelah melakukan penyelidikan, pelaku berhasil
diringkus tak lama kemudian.

""Untuk saat ini pelaku sudah kami amankan. Pelaku disangkakan Pasal 81, Pasal
82 UU RI No. 35 tahun 2014 tentang perubahan atas UU RI No 23 tahun 2002
tentang Perlindungan Anak,"" ucap Yogaswara.

Akibat perbuatannya, pelaku terancam minimal 5 tahun penjara dan maksimal 15
tahun penjara.

  
  
  
[Gambas:Video 20detik]  

 ",www.detik.com
Kronologi Pembunuhan Sadis Pria dalam Karung di Tangerang Gegara Pelecehan,"Kamis, 02 Jun 2022 16:41 WIB","\-

Polisi menangkap dua tersangka pembunuh pria S (60) yang mayatnya dimasukkan
dalam karung di Legok, Tangerang. Pembunuhan dipicu dugaan pelecehan korban
kepada kakak salah satu pelaku.

Kasus ini bermula ketika tersangka SY (35) datang ke rumah korban di Legok,
Tangerang, Banten, pada Minggu (29/5) malam. Tersangka SY diketahui tetangga
korban.

### Korban Dituduh Melecehkan

Kabid Humas Polda Metro Jaya Kombes E Zulpan mengatakan awalnya tersangka SY
dan korban menonton film porno. Saat itu korban S menyampaikan perkataan yang
dinilai melecehkan keluarga pelaku.

""Korban ini meminta pelaku menawarkan kepada kakak korban 'mau nggak Rp 300
ribu dipakai' oleh pelaku. Pada saat pelaku mendengar itu, naik darah dan
cekcok kepada korban,"" kata Zulpan saat jumpa pers di Polda Metro Jaya,
Jakarta, Kamis (2/6/2022).

### Korban Digetok Kapak

Pelaku SY tidak terima atas ucapan korban. Tanpa pikir panjang, pelaku lalu
memukul korban menggunakan kapak.

""Pelaku SY langsung menghajar dengan kapak di rumah korban. Korban melawan
tapi tetap dilakukan pembunuhan hingga korban meninggal dunia,"" jelas Zulpan.

### Korban Dimasukkan dalam Karung

Zulpan menambahkan, pelaku SY pun tercetus ide untuk membuang jasad korban ke
sungai. Tubuh korban lalu dililit dengan barbel berukuran besar agar
tenggelam.

""Pas dibuang, korban sudah dalam meninggal dunia. Memang digunakan pemberat
untuk membuang mayat korban agar tenggelam. Itu ide dari SY (dipasang) beton
yang terbuat dari besi,"" jelas Zulpan.

[Gambas:Video 20detik]

  
 _Baca selengkapnya di halaman selanjutnya._

Selanjutnya __

Halaman

1  2

 ",www.detik.com
"Karyawan Perusahaan Konsultan di Jakpus Dirampok, Uang Rp 10 Juta Raib","Senin, 07 Feb 2022 12:01 WIB","\-

Seorang pria inisial B, karyawan sebuah perusahaan konsultan di Jakarta Pusat
dirampok 2 orang pria bermotor. Kaca mobilnya dipecahkan dan uang Rp 10 juta
dibawa kedua pelaku.

Kabid Humas Polda Metro Jaya Kombes E Zulpan menyebut peristiwa itu terjadi
pada Kamis (3/2) pukul 21.3 WIB. Kala itu, dua pelaku yang mengendarai sepeda
motor menghadang mobil korban.

""Menurut keterangan korban, saat korban B sedang membawa tas yang berisi
barang-barang berharga milik korban 2. Selanjutnya korban B mengendarai mobil,
tiba-tiba pelaku yang menggunakan 2 sepeda motor menghadang korban,"" kata
Zulpan dalam keterangannya, Senin (7/2/2022).

Kedua pelaku kemudian memecahkan kaca mobil korban. Sejumlah barang berharga
seperti laptop, buku tabungan, handphone yang ada di dalam tas korban dicuri
pelaku.

""Pelaku memecahkan kaca mobil lalu mengambil tas milik korban. Atas kejadian
tersebut korban mengalami kerugian berupa 1 buah laptop milik korban 2,
dokumen pribadi, uang tunai sebesar Rp 10 juta dan beberapa barang lainnya,""
jelasnya.

Korban selanjutnya kemudian membuat laporan ke Polres Metro Jakarta Pusat.
Kasus tersebut kini sedang diselidiki lebih lanjut.

""Kasus ditangani Restro Jakpus. Pelaku masih dalam penyelidikan,"" tutur
Zulpan.

[Gambas:Video 20detik]

 ",www.detik.com
Polisi Ungkap Profesi Zaenab Korban Pembunuhan Sejoli: 'Bank Emok',"Jumat, 27 Mei  2022 23:20 WIB","\-

Polisi mengungkap profesi Zaenab (52), korban pembunuhan dua sejoli AM (26)
dan TO (21), yang mayatnya dibuang di kawasan Kemang, Kabupaten Bogor. Zaenab
diketahui berprofesi sebagai rentenir atau bank _emok_.

""Jadi profesi korban ini seperti bank _emok_ (bahasa Sunda), meminjam-
minjamkan uang,"" kata Kasat Reskrim Polres Bogor AKP Siswo Tarigan kepada
wartawan, Jumat (27/5/2022).

 _Emok_ adalah cara duduk wanita di lantai dengan kaki kedua-duanya dilipat
sampai mengenai paha. Istilah bank _emok_ sendiri digunakan untuk memanggil
rentenir, karena ketika menagih utang duduk dengan cara _emok._

Korban diketahui meminjam Rp 100 juta dari ayah tersangka, wanita berinisial
TO. Korban meminjam uang kepada ayahanda TO untuk dipinjam-pinjamkan kembali
kepada orang lain.

""Tersangka TO ini memang berupaya menagih utang dari korban kepada ayahnya
sebesar Rp 100 juta. Jadi utang itu terkait ayah TO meminjamkan uang investasi
untuk dipinjam-pinjamkan (oleh korban) lagi ke orang lain,"" terangnya.

Hal tersebut semakin diperkuat dengan barang bukti yang dihadirkan dalam
konferensi pers polisi. Di antaranya tiga buku catatan tagihan utang milik
korban.

Namun, saat ditagih, korban tidak mampu membayar utang tersebut kepada pelaku.
Keduanya kemudian membunuh korban pada Kamis (19/5) di Sawangan, Depok.

""Pada saat itu, di hari Kamis (19/5), memang tersangka TO dan AM itu sudah
merencanakan untuk menagih dan, jika memang tidak bisa ditagih, akan
menghilangkan nyawa korban,"" tuturnya.

Jasad korban kemudian dibuang di Kemang, Bogor, dan ditemukan warga pada Sabtu
(21/5). Kini kedua tersangka ditahan di Polres Bogor.

 ",www.detik.com
Alasan Perampok-Pembunuh Sekuriti Studio Foto Semarang: Tak Mampu Beli Kamera,"Kamis, 31 Mar 2022 19:47 WIB","\-

Pelaku perampokan toko kamera eks studio foto yang menewaskan sekuriti di
Semarang mengutarakan alasan dirinya melakukan aksi keji. Pelaku mengaku nekat
merampok hingga membunuh korban gara-gara tak mampu membeli kamera.

""Saya tidak mampu beli kamera tapi tahu banyak soal kamera,"" kata pelaku,
Rismantoro (24) ditanyai wartawan saat rilis kasus di Mapolda Jateng, Kamis
(31/3/2022).

Dirinya menggasak sejumlah kamera dan lensa, bahkan ada juga drone yang
diambil. Kepada polisi ia mengaku beberapa diantaranya rencananya dipakai
sendiri dan lainnya dijual.

""Mau dipakai sendiri, Pak. Mungkin kalau ada yang nggak butuh, sebagian
dijual,"" ujar lulusan SMK multimedia itu.

Untuk diketahui, Rismantoro sudah merencanakan aksinya untuk mencuri di toko
kamera yang berada di Jalan Diponegoro Semarang itu. Kemudian hari Senin
(28/3) ia datang kesana dan pura-pura tidur.

Penjaga malam, Supriono (37) curiga dan mendatangi pelaku. Sempat terjadi
negosiasi karena korban hendak lapor ke polisi. Namun setelahnya korban
memperbolehkan pelaku menginap di sekitar toko. Kemudian pelaku meminta
diantar ke toilet, saat itulah korban dihajar menggunakan batu sampai pingsan.

""Pelaku memukul kepala bagian bawah menggunakan batu sebanyak 3-4 kali,
kemudian korban pingsan,"" kata Direktur Reserse Kriminal Umum Polda Jateng,
Kombes Djuhandhani Rahardjo Puro.

![Rilis kasus perampokan studio foto Semarang di Mapolda Jateng, Kamis
\(31/3/2022\).](https://akcdn.detik.net.id/community/media/visual/2022/03/31/rilis-
kasus-perampokan-studio-foto-semarang-di-mapolda-jateng-
kamis-3132022-2_169.jpeg?w=620)Barang bukti peralatan kamera yang diambil
pelaku. Foto: Angling Adhitya Purbaya/detikJateng  
  
---  
  
Pelaku kemudian mengambil alat las yang dibawa di motor untuk membongkar
rolling door toko. Tapi ternyata pelaku gagal dan mencari jalan lain ke
belakang toko lewat plafon.

""Sebelum mengelas, yang bersangkutan melihat kondisi korban yang tadinya
tertelungkup menjadi terlentang, dan saat itulah yang bersangkutan menusuk dan
menggorok korban,"" jelas Djuhandhani.

Sekitar pukul 04.00 WIB, pelaku kabur membawa sejumlah kamera termasuk drone
dan tas. Pelaku kabur menuju rumahnya di Kebumen, namun tim Jatanras Polda
Jateng sudah mengetahui dan langsung melakukan penangkapan di hari yang sama.

Pelaku dijerat Pasal 365 KUHP ayat 4 tentang pencurian disertai pemberatan dan
atau pasal 339 KUHP tentang pembunuhan dengan ancaman maksimal 20 tahun dan
hukuman mati.

  
  
  
[Gambas:Video 20detik]  

 ",www.detik.com
"Polisi Ungkap Pencurian 'Pecah Kaca', Pelaku Dipamerkan di Alun-alun Bogor","Sabtu, 16 Apr 2022 11:43 WIB","\-

Polresta Bogor Kota menangkap komplotan pencurian barang-barang dalam mobil
dengan modus pecah kaca. Empat pelaku yang ditangkap dipamerkan polisi di
Alun-alun Kota Bogor.

Kapolresta Bogor Kota Kombes Susatyo Purnomo Condro mengatakan para pelaku
teridentifikasi sudah empat kali melakukan pencurian dengan modus memecahkan
kaca mobil di wilayah Bogor Raya.

""Tempat kejadian perkara (TKP) yang pertama itu ada di Tajur, yaitu Bogor
Timur. Kedua di Kedunghalang, Bogor Utara. Ada juga TKP di Kabupaten Bogor di
Tapos Cibinong, kemudian ada di Cileungsi,"" kata Susatyo kepada wartawan di
Alun-alun Kota Bogor, Sabtu (16/4/2022).

Keempat pelaku adalah YA (36), NC (24), R (23), dan H (40). Keempat pelaku
yang merupakan warga Ogan Komering Ulu Timur itu dipamerkan polisi di Alun-
alun Kota Bogor dengan pengamanan ketat dari polisi.

Sebagai informasi, Polresta Bogor Kota kerap menggelar jumpa pers pengungkapan
kasus di Alun-alun Kota Bogor. Pelaku dibawa dari Mapolresta Bogor Kota ke
alun-alun, yang berjarak sekitar 100 meter, dengan pengawalan ketat. Hal ini
dilakukan agar memberi efek jera kepada pelaku kejahatan di Kota Bogor.

Polisi menyita beberapa barang bukti dari para pelaku, di antaranya kendaraan
dan alat yang digunakan pelaku.

""Barang bukti yang disita adalah sebanyak empat kendaraan roda dua, termasuk
alat utama. Ini adalah alat utama yang digunakan, sebenarnya alat ini adalah
alat pengaman ya di mobil,"" terangnya.

Pelaku membagi dua tim dalam melancarkan aksinya. Ada yang bertugas memecah
kaca dan mengambil barang dari dalam mobil.

""Jadi dalam melaksanakan aksinya ini adalah sebagai operator yang pertama
untuk memecahkan kaca, mengambil barang. Kemudian yang kedua, ini adalah untuk
sebagai yang monitor situasi dan sebagainya. Apabila memungkinkan dibawa oleh
yang pertama, akan dilempar kepada yang kedua,"" jelasnya.

### Pelaku Lain Diburu

Susatyo menambahkan pihaknya saat ini masih memburu pelaku lain yang terlibat.

""Sampai saat ini kami masih monitor dan mengejar berbagai tim lainnya. Kami
akan bersungguh-sungguh dalam mencari di mana pun berada,"" kata Susatyo.

Terpisah, Kasat Reskrim Polresta Bogor Kota Kompol Dhoni Erwanto menyampaikan
masih memburu satu orang pelaku lainnya.

""Kami masih memburu satu orang lagi yang masih kita lakukan pengejaran terkait
dengan kelompok mereka,"" kata Dhoni.

Menurut Dhoni, masih ada beberapa kelompok lain yang beroperasi di wilayah
Kota dan Kabupaten Bogor. Polisi mengimbau masyarakat berhati-hati memarkir
kendaraannya di tempat sepi.

Keempat pelaku dijerat dengan Pasal 363 KUHP dengan ancaman hukuman pidana
penjara paling lama 7 tahun.

[Gambas:Video 20detik]

  
  

 ",www.detik.com
Jejak Begal Sadis di Bogor Sasar 3 Korban Sekaligus dalam Semalam,"Selasa, 05 Apr 2022 16:08 WIB","\-

Polisi menangkap empat dari total tujuh begal sadis di Tugu Pancakarsa,
Sentul, Kabupaten Bogor. Dari keterangan pelaku terungkap bahwa malam itu
mereka melakukan tiga kali aksi begal di dua lokasi berbeda.

""Jadi pelaku setelah melakukan perbuatannya di TKP ini (TKP Sentul Bogor),
lalu kemudian membawa kendaraan milik korban tersebut ke Cileungsi. Di sana
para pelaku juga melakukan pengancaman terhadap penjual pecel lele dan
mengambil _handphone_ pemilik pecel lele,"" ujar Kapolres Bogor AKBP Iman
Imanuddin saat jumpa pers di Sentul, Selasa (5/4/2022).

Di Cileungsi, para pelaku ini merampas motor Honda PCX milik seorang warga di
tukang pecel lele. Para pelaku menodong korban dengan senjata tajam.

""Kemudian di tempat sama, ada korban lain yang datang ke lokasi (bermaksud
membeli pecel lele) dengan motor PCX, dan dengan ancaman senjata tajam
kendaraan tersebut diambil pelaku. Jadi dalam satu malam itu para pelaku
melakukan tiga kali kejahatan dengan tiga korban berbeda,"" tambah Iman.

###

### Begal Ojol di Sentul

Kasat Reskrim Polres Bogor AKP Siswo menjelaskan tujuh begal melakukan
penganiayaan terhadap dua _driver_ ojek _online_ di Sentul, Kabupaten Bogor.
Pelaku membacok korban menggunakan celurit secara berulang dan mengakibatkan
luka di tangan, punggung, dan pinggang.

""Untuk korban di Sentul sempat dianiaya, dibacok menggunakan celurit berulang-
ulang. Kalau TKP Cileungsi korban tidak dianiaya, tapi diancam dengan senjata
tajam, kemudian barangnya diambil,"" terang Siswo.

Dari hasil penyelidikan, polisi kemudian berhasil melakukan penangkapan
terhadap 4 dari total 7 pelaku begal. Polisi juga mengamankan 2 penadah barang
hasil perampasan. Para pelaku ditangkap di beberapa lokasi berbeda, yakni di
Bekasi; Gunungputri, Bogor; dan Klapanunggal, Bogor.

""Dari pengakuan para pelaku, mereka sudah merencanakan untuk melakukan
pencurian dengan kekerasan. Kemudian mereka _hunting_ secara _mobile_ dan
mendapat sasaran di lokasi ini (TKP Sentul, Bogor), yakni dua ojek yang sedang
menunggu penumpang. Tanpa basa basi, para pelaku membacok korban dan membawa
motor korban. Mereka ini tergolong sadis,"" kata Siswo.

""Jadi dalam kejadian ini, menurut pengakuan tersangka, mereka melakukan
aksinya di tiga lokasi malam itu,"" tambahnya.

Dari empat tersangka yang ditangkap, dua di antaranya ditembak di bagian
kakinya karena melakukan perlawanan dan membahayakan petugas. Saat ini keempat
tersangka ditahan di Polres Bogor.

 ",www.detik.com
Maling Spesialis Rumah Kosong Diciduk di Bantul,"Minggu, 17 Apr 2022 11:32 WIB","\-

Polisi menciduk pria inisial FA (28) karena menggasak berbagai benda
elektronik hingga emas milik warga di Kalurahan Wonokromo, Kapanewon Pleret,
Bantul. Dari pemeriksaan, ternyata FA memang pencuri spesialis rumah kosong.

Kapolsek Pleret AKP Tukirin menjelaskan, bahwa kejadian berawal saat korban
pergi dari rumahnya pada Minggu (3/4) pukul 17.30 WIB. Selanjutnya, saat
pulang ke rumah korban sudah mendapati jendela rumahnya dalam keadaan
tercongkel dan beberapa barang miliknya raib.

Korban kemudian melaporkan kejadian tersebut ke Polsek Pleret. Menindaklanjuti
laporan itu, Unit Reskrim Polsek Pleret di- _backup_ Subdit Jatanras
Ditreskrimum Polda DIY langsung melakukan penyelidikan dan akhirnya mampu
membekuk pelaku pencurian.

""Pelaku kami tangkap di rumah mertuanya di Wirokerten, Banguntapan, Bantul
Kamis (14/4/2022) pukul 21.30 WIB,"" ujar Tukirin kepada wartawan, Minggu
(17/4/2022).

Selain mengamankan FA warga Kapanewon Jetis, Bantul, polisi juga menyita
barang bukti motor jenis matik yang dipakai FA saat beraksi, dua unit
smartphone dan obeng yang dipakai FA untuk mencongkel jendela rumah korban.

""Dari keterangan, pelaku masuk dengan cara mencongkel jendela rumah korban
lalu mengambil laptop, handphone dan perhiasan. Apalagi saat itu posisi rumah
korban kosong karena ditinggal bepergian,"" ujarnya

Tukirin menyebut motif FA terdesak masalah ekonomi khususnya untuk memenuhi
kebutuhan sehari-hari. Sementara untuk modus, FA memang sengaja menyasar rumah
kosong dengan sistem berkeliling secara acak.

""Untuk modus operandinya, pelaku ini mengendarai motor dan mencari target
rumah kosong secara random,"" ucapnya.

Atas perbuatannya, FA disangkakan Pasal 363 KUHP tentang pencurian dengan
pemberatan (curat). ""Untuk ancaman hukumannya 7 tahun penjara,"" kata Tukirin.

  
  
  
[Gambas:Video 20detik]  

 ",www.detik.com
Sikat Habis! 4 Komplotan Begal Sadis di Tambun Bekasi Ditangkap Lagi,"Sabtu, 01 Feb 2020 18:46 WIB","\-

Polisi menangkap seluruh komplotan begal sadis di Tambun, Kabupaten Bekasi,
Jawa Barat. Polsek Tambun menangkap empat lagi tersangka kasus begal.

""Polsek Tambun Bekasi Polres Metro Bekasi telah berhasil melakukan penangkapan
terhadap empat orang DPO (daftar pencarian orang) pelaku pencurian dengan
kekerasan,"" ujar Kapolsek Tambun Kompol Siswo kepada wartawan, Sabtu
(1/2/2020).

Keempat tersangka yang ditangkap adalah Hendra Hermawan (20), Muhammad Aries
(21), Firgia Rizky (16), dan Muhammad Harqi (18). Mereka ditangkap pada Jumat
(31/1).

Setelah melakukan penyelidikan, polisi berhasil menangkap Aries di Jatimulya,
Kabupaten Bekasi. Sedangkan Hendra, Firgia, dan Harqi dibekuk di tempat
tinggalnya di Rawa Semut, Kota Bekasi.

""Pelaku atas nama Hendra diberi tindakan tegas terukur saat dilakukan
penangkapan karena berusaha melawan,"" kata Siswo.

Barang bukti yang diamankan adalah 1 unit sepeda motor, 2 buah celurit, dan 3
buah ponsel. Pelaku dijerat Pasal 365 ayat 2 KUHP dengan ancaman hukuman 12
tahun penjara.

Sebelumnya, polisi menangkap empat pelaku lainnya dari komplotan yang sama.
Mereka adalah VI (15), SA (17), FR (12), dan MR (20).

Komplotan ini beraksi di Jalan Raya CBL, Kampung Buwek, RT 02/03, Desa Sumber
Jaya, Tambun Selatan, Kabupaten Bekasi, Jawa Barat, Kamis (23/1) pukul 02.30
WIB. Mulanya, korban atas nama Irham sedang dalam perjalanan pulang sehabis
dari rumah temannya.

Kemudian korban dihadang oleh para pelaku yang berjumlah delapan orang. Para
pelaku membawa senjata tajam berupa celurit.

Korban pun dibacok bertubi-tubi oleh Aries dan SA. Korban terkena luka bacok
di bagian kepala, pelipis, dan punggung. Setelah korban tak berdaya, para
pelaku membawa kabur motor korban.

[Gambas:Video 20detik]

 ",www.detik.com
Pembunuhan Juragan Air Isi Ulang di Surabaya Diduga Disertai Perampokan,"Jumat, 07 Jan 2022 11:43 WIB","\- Seorang pria paruh baya ditemukan tewas dengan luka tusuk di ruko miliknya
di Jalan Manukan Tama, Manukan Kulon, Tandes. Kejadian ini diduga juga
merupakan sebuah perampokan.

Korban adalah Suryatyo, pemilik isi ulang air mineral yang berusia sekitar 65
tahun. Untuk dugaan perampokan disertai pembunuhan ini, polisi masih
mendalaminya.

""Pastinya kita lakukan penyelidikan, termasuk CCTV dan bukti lainnya.
Kesimpulannya nanti apakah perampokan atau tidak,kita masih dalami. Karena,
dari laporan awal di TKP ini kasus pembunuhan, dan tadi yang laporan dari RT,""
kata Kapolsek Tandes Kompol Hendri Ibnu Indarto kepada wartawan di lokasi,
Jumat (7/1/2022).

Hendri menyebut korban tewas dengan luka tusuk. Namun istrinya selamat dari
peristiwa sekitar pukul 05.00 WIB ini. Saat ini istri korban sedang dimintai
keterangan di Polrestabes Surabaya.

""Ke depan motif akan kita dalami, akan kita laksanakan pendalaman guna
menangkap pelakunya. Satu yang selamat, saksi itu istrinya masih kita dalami
itu masih hidup mudah-mudahan nanti ada titik terang,"" jelas Hendri.

 ",www.detik.com
"Bocah di Sulut Perkosa Siswi SMP di Kuburan, Korban Divideo-Diviralkan","Rabu, 25 Mei  2022 21:34 WIB","\-

Polisi di Minahasa Selatan (Minsel), Sulawesi Utara (Sulut) mengungkap fakta
baru kasus dugaan pemerkosaan seorang bocah berinisial NK (14) terhadap siswi
SMP berusia 13 tahun di kuburan. Pelaku NK juga terungkap merekam video
pemerkosaan dan diviralkan.

NK terungkap memperkosa korban di sebuah kompleks pekuburan di Desa Bongkudai
Baru dan Desa Pinasungkulan, Kabupaten Minahasa Selatan sekitar pukul 17.30
Wita pada Kamis (7/4). Selanjutnya korban direkam video saat pemerkosaan
berlangsung.

""Beberapa hari kemudian hasil rekaman itu dikirimkan terlapor (pelaku) kepada
teman-teman terlapor sehingga video tersebut viral di media sosial,"" kata
Kasat Reskrim Polres Minahasa Selatan Iptu Lesly Lihawa kepada , Rabu
(25/5/2022).

  

Lesly menjelaskan, pemerkosaan berawal saat pelaku NK menjemput korban di
rumahnya menggunakan sepeda motor. Korban akhirnya dibawa ke lokasi pekuburan.

""Saat itu juga korban sudah tidak bisa berbuat apa-apa dan terlapor menyalakan
video dengan cahaya _blits_ dan membohongi korban dengan mengatakan bahwa
cahaya yang keluar dari HP itu hanya senter,"" kata Lesly.

Rupanya NK merekam video saat pemerkosaan tersebut. Menurut Lesly, Nk sengaja
merekam video agar korban mau melayani nafsu bejatnya di kemudian hari.

""Mungkin dia mau jadikan senjata. Supaya boleh dia (terlapor) _mo push_ kalau
_mo making love_ ulang,"" katanya.

Diberitakan sebelumnya, bocah NK (14) awalnya mengajak korban jalan-jalan.
Namun korban rupanya dibawa ke pekuburan di Minahasa Selatan.

Setelah diperkosa, korban akhirnya menceritakan kejadian itu ke ibunya
berinisial CK (32). Akibatnya NK langsung dilaporkan ke Polsek Modoinding.
Namun laporan bernomor polisi: LP/B/20/V/SPKT/Sek Mdg/Polres Minsel/Polda
Sulut tersebut dilimpahkan ke Polres Minahasa Selatan.

""Ibu korban yang lapor. Korban merupakan siswi SMP di Bolaang Mongondow
Timur,"" kata Kasat Reskrim Polres Minahasa Selatan Iptu Lesly Lihawa, kepada ,
Rabu (25/5/2022).

  
  
  
[Gambas:Video 20detik]  

 ",www.detik.com
"Jalan Ciamik Garut Gelap Gulita, Warga Waswas Teror Begal","Kamis, 10 Mar 2022 21:15 WIB","\-

Jalan Ibrahim Ajie yang baru saja dibangun Pemkab Garut menjadi terkenal
karena pemandangannya indah. Namun, di jalanan ini belum terpasang fasilitas
penunjang seperti lampu penerangan. Hal itu dikeluhkan warga karena waswas
aksi pelaku kejahatan.

Jalan Ibrahim Ajie membentang dari kawasan Tanjung hingga ke Jalan Raya
Samarang, Kecamatan Tarogong Kaler sekitar enam kilometer. Jalanan ini
memiliki landasan beton berwarna terang dan memiliki lebar 25 meter.

Jalanan ini menjadi terkenal dan primadona masyarakat Garut, khususnya warga
Tarogong Kaler. Sebab, jalan memiliki pemandangan indah.

  

Jalanan ini dikelilingi tiga pegunungan berkelas yakni Gunung Guntur,
Papandayan dan Cikuray yang sangat terlihat jelas dari jalan tersebut. Namun
sayangnya, sejak pertama kali digunakan untuk umum pada Januari 2022 ini,
jalanan belum dilengkapi dengan fasilitas penunjang. Salah satu yang paling
krusial adalah lampu penerangan jalan umum.

Belum adanya lampu penerangan di jalanan ini membuat sepanjang jalan menjadi
gelap gulita saat malam hari. Hal tersebut dikeluhkan oleh masyarakat setempat
khususnya, seperti dirasakan Arif (37). Arif khawatir terjadi aksi kriminal di
jalan tersebut saat malam hari.

""Karena ini jalannya gelap, terutama pas malam. Yang naik motor, yang paling
khawatir kalau lewat malam hari. Takut ada begal,"" ucap Arif saat berbincang
dengan , Kamis (10/3/2022).

Hal senada diungkap Barmansyah (25). Barman mengaku kesal dengan aksi sejumlah
pemuda yang kerap ugal-ugalan di jalan ini.

Selain itu, Barman juga berharap agar Pemda segera menambah penerangan agar
jalan menjadi terang saat dilalui malam hari.

""Suka _keuheul_ (kesal) kalau udah ada yang ugal-ugalan. Bisa celaka yang
lain. Harapannya ya semoga ditindak lah yang kayak gitu. Selain itu, perlu
ditambah juga karena gelap banget pas malam,"" kata Barmansyah saat berbincang
dengan beberapa waktu lalu.

 ",www.detik.com
"Alfamart di Medan Dirampok, Pegawai Sempat Disekap","Sabtu, 16 Apr 2022 13:03 WIB","\-

Salah satu gerai Alfamart di Jalan Veteran, Medan Labuhan dirampok, Sabtu
(16/4/2022). Peristiwa perampokan itu terjadi sekitar pukul 07.00 WIB pagi
tadi.

Kapolsek Medan Labuhan Kompol Mustafa Nasution mengungkapkan, dalam aksi itu,
pelaku sempat menyekap pegawai Alfamart yang hendak mempersiapkan toko itu
untuk buka.

""Kejadiannya jam tujuh, pagi tadi,"" kata Mustafa.

  

Dia menduga, pelaku sudah masuk ke dalam toko sejak malam hari. Pelaku
kemudian bersembunyi di lantai dua minimarket itu.

Pada Sabtu pagi, saat pegawai naik ke atas, langsung disekapnya. Bahkan ada
pegawai yang terluka.

Beruntung, salah seorang pegawai mengetahui hal itu dan meminta pertolongan
warga sekitar. Pelaku berinisial H, yang beraksi sendirian itu langsung
dikepung warga.

Dia berhasil ditangkap dan diamuk massa sebelum diserahkan ke polisi. Saat
ini, H masih menjalani perawatan di Rumah Sakit Bhayangkara Medan akibat
diamuk massa.

""Dia diamuk massa,"" pungkas Mustafa.

  
  
  
[Gambas:Video 20detik]  

 ",www.detik.com
"Curi Motor 7 Kali, Pria di Tambora Jakbar Diringkus Polisi","Minggu, 07 Nov 2021 14:46 WIB","\-

Polisi menangkap seorang pria berinisial JH alias IS (30), pelaku pencurian
kendaraan bermotor di Tambora, Jakarta Barat (Jakbar). Pelaku diketahui sudah
berulang kali melakukan pencurian kendaraan bermotor di wilayah Tambora.

""Pelaku diketahui telah melakukan aksi pencurian sepeda motor sebanyak 7
kali,"" kata Kapolsek Tambora Kompol Faruk, dalam keterangannya, Minggu
(7/11/2021).

Faruk menyebut JH tidak memiliki pekerjaan alias seorang pengangguran.
Penangkapan pelaku berawal dari adanya laporan masyarakat pada 17 Juli lalu.
Dia mengaku kehilangan dua unit sepeda motor.

""Berangkat dari bukti rekaman CCTV dan keterangan saksi serta alat bukti yang
telah diperoleh kemudian tim buser Polsek Tambora bergerak melakukan
penyelidikan untuk mencari pelaku,"" ucap Faruk.

Kemudian, pada (5/11) lalu polisi mendapat informasi keberadaan pelaku di
sekitar Puskesmas Krendang, Tambora. Kemudian, pelaku ditangkap di lokasi
tersebut.

Setelah dilakukan pemeriksaan, pelaku mengakui perbuatannya pada Juli 2021.
Pelaku dijerat Pasal 363 KUHP dengan ancaman paling lama lima tahun penjara.

""Dari pengakuan pelaku untuk hasil kejahatan telah dijual kepada seorang di
sekitar daerah Roxy, di mana untuk diduga pembeli hasil kejahatan atau penadah
masih dalam pencarian oleh tim Unit Reskrim Polsek Tambora,"" pungkasnya.

 ",www.detik.com
Pembunuh Mamih Juju di Musala Ruko Tasikmalaya Ditangkap,"Jumat, 20 Mei  2022 13:32 WIB","\-

Polisi berhasil menangkap pelaku pembunuhan Juju Juariyah atau Mamih Juju,
warga Kabupaten Tasikmalaya. Pelaku ditangkap saat sedang berobat di sebuah
rumah sakit di Ciamis.

""Tersangka seorang WNA bernama Jahoor Ul Hassan, dia berdomisili di Kecamatan
Baregbeg Kabupaten Ciamis,"" kata Kabid Humas Polda Jabar Kombes Ibrahim Tompo
didamping Kapolres Tasikmalaya Kota AKBP Aszhari Kurniawan di Mapolres
Tasikmalaya Kota, Jumat (20/5/2022).

Ibrahim menjelaskan penetapan tersangka ini dilakukan setelah polisi mendapat
cukup bukti dan keterangan saksi. ""Kami mengamankan 22 item barang bukti dan
memeriksa 6 orang saksi,"" kata Ibrahim.

  

Sementara itu, Kapolres Tasikmalaya Kota AKBP Aszahri Kurniawan menambahkan
setelah menerima laporan adanya pembunuhan pihaknya langsung melakukan
penyelidikan.

""Hal yang pertama kami lakukan adalah mengamankan TKP. Kemudian melakukan
penyelidikan dibantu oleh Inafis Polda Jabar,"" kata Aszhari.

Hasil penyelidikan barang bukti, alat bukti dan keterangan saksi pelaku
pembunuhan mengarah kepada pelaku.

""Akhirnya pada hari itu juga sekitar jam 13.00 WIB kami amankan tersangka ini
ketika sedang berobat di sebuah rumah sakit di Ciamis,"" kata Aszhari.

Tersangka langsung diamankan dan menjalani pemeriksaan intensif di Mapolres
Tasikmalaya Kota.

Aszhari juga mengatakan bahwa korban tewas dengan luka tusukan dan luka
sayatan di bagian leher. Kemudian tak ada barang berharga korban yang dibawa,
kecuali ponsel milik korban yang saat ini masih dicari keberadaannya.

 ",www.detik.com
Bejat! 2 Perampok di Banyuasin Sumsel Perkosa Nenek-nenek,"Kamis, 20 Jan 2022 09:02 WIB","\-

Seorang nenek inisial SM (59) di Banyuasin, Sumatera Selatan, diduga diperkosa
bergilir. Dia diperkosa setelah dirampok dua pria, Awan (37) dan Yusril Ihza
Mahendra (18), dengan ancaman senjata tajam.

""Iya benar, ada seorang nenek-nenek usia hampir 60 tahunan melapor diperkosa
dan dirampok oleh dua pria,"" kata Kasat Reskrim Polres Banyuasin AKP Ikang Ade
ketika dimintai konfirmasi , Kamis (20/1/2022).

Menurut Ikang, peristiwa perampokan disertai pemerkosaan itu terjadi di
kawasan Desa Keluang, Kecamatan Tungkal Ilir, Banyuasin, Sumsel, Senin (3/1),
sekitar pukul 01.00 WIB. Korban saat itu sendirian di rumah karena pasangan
suami-istri pemilik rumah itu sedang berjualan.

""Saat kejadian, korban ini sedang sendiri di rumah. Pasangan suami-istri
pemilik rumah sedang pergi berjualan di kawasan Sungai Lilin. Kedua pelaku
kemudian datang bertamu sekitar pukul 01.00 WIB,"" kata Ikang.

Korban yang tidak curiga membukakan pintu. Selanjutnya kedua pelaku masuk ke
dalam rumah dan meminta kuitansi pembelian tanah serta uang Rp 500 ribu kepada
korban dengan mengancam menggunakan senjata tajam.

""Namun, karena korban hanya memiliki uang Rp 200 ribu, uang itu diambil
pelaku, sedangkan surat kuitansinya dikembalikan,"" katanya.

Tak sampai di situ, lanjut Ikang, salah seorang pelaku, Awan, yang tidak
percaya korban hanya punya uang Rp 200 ribu, kemudian memeriksa badan korban.
Dia kemudian mencari uang dan setelah itu mematikan lampu.

""Saat lampu mati itulah korban dibawa ke dalam kamar dan pelaku menyetubuhi
korban secara paksa. Setelah selesai menyetubuhi korban, pelaku memanggil
temannya yang dari tadi menonton untuk bergantian menyetubuhi korban. Usainya,
kedua pelaku kabur,"" bebernya.

Ikang mengatakan korban mengalami sakit di bagian organ intim. Keesokan
harinya korban melapor ke polisi.

""Dari laporan itu, kita melakukan penyelidikan, mengumpulkan alat bukti. Kedua
pelaku kita tangkap tanpa perlawanan. Saat ini sedang diperiksa lebih lanjut.
Adapun barang bukti yang diamankan adalah sebilah senjata tajam jenis pisau
berbentuk kujang milik pelaku serta pakaian yang digunakan korban saat
kejadian,"" jelasnya.

[Gambas:Video 20detik]

  
  
  

 ",www.detik.com
Oknum Satpol PP Surabaya yang Perkosa Pemandu Lagu Ditangkap,"Kamis, 31 Mar 2022 14:33 WIB","\-

Seorang pemandu lagu di Surabaya mengaku diperkosa oknum Satpol PP. Saat ini,
oknum Satpol PP itu sudah ditangkap.

Itu seperti yang disampaikan Kasat Reskrim Polrestabes Surabaya AKBP Mirzal
Maulana. Menurutnya, penangkapan berlangsung pada Rabu (30/3/2022) malam.

""Benar, sudah kami amankan yang bersangkutan tadi malam,"" kata Mirzal saat
dikonfirmasi detikJatim, Kamis (31/3/2022).

Mirzal juga menjelaskan, penangkapan itu dilakukan usai mengidentifikasi
keberadaan oknum Satpol PP berinisial KTI dan identitasnya. Setelah semua data
dan keterangan sesuai, KTI langsung ditangkap.

""Saat ini, masih dalam proses pemeriksaan,"" ujarnya.

Ia menegaskan, pihaknya masih mendalami kasus tersebut. ""Mohon waktu, nanti
akan segera kami sampaikan (kelanjutannya),"" tuturnya.

Sebelumnya diberitakan, seorang pemandu lagu di Surabaya mengaku diperkosa
oknum Satpol PP. Ia melapor ke Polrestabes Surabaya pada Minggu (27/3/2022).
Laporan tersebut bernomor LP/B/439/III/2022/SPKT/Polrestabes.SBY.

  
  
  
[Gambas:Video 20detik]  

 ",www.detik.com
"Wanita Dibunuh Sopir Angkot di Bogor Teman Kencan Pelaku, Kenal Via MiChat","Jumat, 13 Mei  2022 20:01 WIB","\-

Polisi menangkap Agung Prawira (23), sopir angkot di Bogor, atas pembunuhan
wanita RN (39), wanita yang ditemukan tewas setengah telanjang di Bogor Barat,
Kota Bogor. Wanita yang dibunuh Agung ternyata teman kencan yang dia kenal via
MiChat.

""Motifnya selain untuk memuaskan nafsu juga motif ekonomi. (Kenapa ekonomi?)
Karena HP korban juga diambil tersangka,"" kata Kapolresta Bogor Kota Kombes
Susatyo Purnomo Condro ketika menggelar jumpa pers di Mapolresta Bogor Kota,
Jumat (13/5/2022).

Susatyo menyebutkan tersangka Agung dan korban RN berkenalan via aplikasi
perpesanan MiChat. Keduanya kemudian sepakat bertransaksi _'open BO'_ dengan
biaya sebesar Rp 1 juta di kos korban.

Namun kemudian, tersangka tidak menepati kesepakatan dan malah membunuh serta
membawa kabur _handphone_ milik RN.

""Kronologisnya tersangka dan korban berjanjian lewat aplikasi MiChat, kemudian
ada kesepakatan harga yang tidak dipenuhi sebesar 1 juta, sedangkan pelaku
ketika di lokasi hanya bawa uang 200 ribu,"" kata Susatyo.

""Kemudian terjadi cekcok dan korban dijerat menggunakan sarung bantal guling,
kemudian mulutnya dibekap dengan tisu hingga akhirnya korban meninggal di
lokasi,"" tambahnya.

Karena perbuatannya, tersangka Agung dijerat dengan Pasal 338 KUHP tentang
pembunuhan dan Pasal 365 tentang pencurian dengan kekerasan.

""Tersangka mulai hari ini ditetapkan sebagai tersangka,"" ucapnya.

Tersangka ditangkap di Terminal Laladon, Bogor, pada Kamis (12/5) malam.
Sebelumnya tersangka sempat kabur ke Puncak, Bogor, dua minggu setelah
kejadian pada 1 Mei 2022.

[Gambas:Video 20detik]

  
  

 ",www.detik.com
Kriminal Sepekan: Jerat Loker Palsu Tipu 12 Gadis-Adik Otaki Pembunuhan Kakak,"Minggu, 10 Apr 2022 12:10 WIB","\-

Sejumlah tindak kriminal yang terjadi di Jawa Barat membetot perhatian publik.
Mulai dari kasus pembunuhan di Sukabumi hingga penipuan berkedok lowongan
kerja di Cimahi.

### 1\. Wanita Sukabumi Dirampok-Dibunuh

Seorang wanita bernama Kokom (52) ditemukan tewas di rumahnya. Sejumlah harta
benda milik korban hilang dibawa pembunuh sadis.

Kasus ini awalnya diduga merupakan kasus perampokan dengan kekerasan. Namun
setelah melakukan penyelidikan, polisi berhasil menemukan motif lain dalam
kasus tersebut.

  

Kasus itu terjadi saat korban sendirian di rumahnya pada Selasa 22 Februari
2022, silam. Korban mengalami sejumlah luka serius di sekujur tubuhnya. Korban
sempat mendapat penanganan medis di rumah sakit. Namun korban saat itu memilih
pulang sampai akhirnya meninggal dunia pada Minggu 27 Maret 2022 sekitar pukul
17.00 WIB.

""Korban mengalami luka sobek pada telapak tangan akibat sayatan golok, luka
pada pipi sebelah kanan, kemudian luka memar pada bagian bawah mata. Pelaku
kita tangkap pada Rabu, 30 Maret 2022. Ada dua orang, inisial IB alias
Komarudin dan J alias Jalu. IB adalah adik kandung korban,"" kata Kanit Reskrim
Polsek Jampang Kulon, Bripka Riky Rosandi kepada , Jumat (8/4/2022).

Riky mengatakan, pihaknya dibantu personel Opsnal Satreskrim Polres Sukabumi
dalam mengungkap kasus tersebut. Hasilnya diketahui adik korban yang menyuruh
tiga pelaku (2 berstatus DPO) melakukan aksi perampokan tersebut.

""Peran adiknya menyuruh dan memberikan gambaran kepada para pelaku lainnya
terkait situasi rumah korban dan harta yang dimiliki korban. Setelah mendapat
informasi itu para tersangka melakukan aksinya dengan cara mencungkil jendela
bagian belakang rumah atau di bagian dapur,"" ucapnya.

### 2\. Penyelundupan Sabu Rp 29 M Digagalkan

Polisi menggagalkan peredaran sabu-sabu seberat 24,479 kilogram. Jika
dirupiahkan, nilai sabu ini senilai hampir Rp 30 miliar, tepatnya Rp
29.374.800.000.

Dalam peredarannya, pelaku memiliki modus transaksi yang unik. Mereka tidak
memakai sistem tempel yang biasa dipakai para pengedar barang haram itu.
Karena melayani transaksi dengan jumlah besar, sabu tersebut mereka tanam.
Usai pemesan menyerahkan sejumlah uang, pelaku kemudian menyerahkan peta
lokasi di mana sabu tersebut di tanam.

Kasat Narkoba Polres Sukabumi AKP Kusmawan mengatakan, berdasarkan keterangan
para pelaku, sudah ada 3 kilogram paket sabu yang dijual pelaku sebelumnya.
Polisi diketahui berhasil mengamankan total 24,479 kilogram sabu dari tangan
pelaku inisial YS (34) dan YH (23).

""Para pelaku ini ditangkap di daerah Cicurug, jalur masuknya menggunakan jalur
darat dari Sumatera. Kita melakukan penyelidikan kurang lebih 3 minggu sebelum
mereka melakukan kegiatannya. Kita sudah profiling sebelumnya bahwasanya
mereka ini melakukan penjemputan barang di wilayah Bogor. Dari sebagian barang
ini sudah terjual kurang lebih 3 Kilogram,"" kata Kusmawan kepada detikJabar,
Kamis (7/4/2022).

### 3\. Terjerat Loker Palsu, 12 Gadis Diminta Video Bugil

Sebanyak 12 gadis asal Kota Cimahi dan Kabupaten Bandung Barat terjebak
lowongan kerja palsu. Korban diminta untuk mengirim video syur sebagai bukti
tes kesehatan bebas dari HIV/AIDS.

Kapolres Cimahi AKBP Imron Ermawan mengatakan kasus bermula dari salah satu
korban melaporkan kepada pihak kepolisian. Korban mengaku telah ditipu dan
diancam oleh tersangka berinisial SM.

""Korban tertarik dengan lowongan kerja yang disebar SM. Mereka berkomunikasi
dan memberikan lowongan kerja yang mudah,"" ungkap Imron kepada wartawan di
Mapolres Cimahi, Jumat (8/4/2022) sore.

Salah satu persyaratan yang diajukan SM kepada korban adalah tes kesehatan. Di
mana tes kesehatan tersebut korban dimintai untuk mengirim video 'vulgar'.
Video itu dimaksudkan bahwa calon karyawan bebas dari HIV/AIDS.

""Tes kesehatan inilah yang tidak lazim dan tidak layak. Agar memastikan tidak
HIV, itu harus diseleksi oleh pelaku dengan cara mengirimkan sejumlah gambar
dan video tanda kutip tidak layak,"" ungkap Imron.

Korban yang sudah tergiur dengan lowongan pekerjaan tersebut pun terpaksa
mengirimkan video permintaan pelaku. Namun, usai video itu dikirimkan,
tersangka justru memanfaatkan video tersebut.

Tersangka mengancam akan menyebarkan video tersebut. Ia meminta sejumlah uang
agar video tersebut tidak disebar.

""Karena korban ketakutan, terintimidasi akhirnya membuat laporan polisi,""
tuturnya.

### 4\. Pemerkosa Wanita Berkebutuhan Khusus Ditangkap

Polresta Bandung meringkus pelaku pemerkosaan wanita berkebutuhan khusus.
Pelaku dengan inisial A (21) tersebut saat ini telah ditetapkan tersangka.  
Kapolresta Bandung Kombes Kusworo Wibowo mengatakan A ditangkap anggota polsek
setempat setelah adanya pelaporan dari suami korban.

""Tengah malam suami korban menyampaikan hal itu melaporkan ke polsek setempat
dan bersama-sama dengan polsek mendatangi tersangka,"" ujar Kusworo saat press
rilis di Mapolresta Bandung, Soreang, Kabupaten Bandung, Senin (4/4/2022).

Kusworo menjelaskan, saat ditangkap tersangka sempat tidak mengakui perbuatan
tersebut. Akan tetapi, setelah mendapatkan alat bukti, kepolisian langsung
menangkap tersangka.

""Pada saat itu tersangka belum mengakui. Namun setelah melakukan pemeriksaan
yang intens, dengan alat bukti yang ada, hingga akhirnya dilakukan penangkapan
dan penahanan terhadap tersangka,"" jelasnya.

### 5\. Peramopokan Toko Rias di Cimahi

Perampokan pada sebuah toko rias, milik Triyanto alias Madam (41) di Cimahi,
diduga dilakukan oleh dua orang. Mereka diduga melakukan perampokan disertai
kekerasan terhadap korban.

Wakapolsek Cimahi Selatan AKP Heru Rustiono mengungkapkan, pihaknya telah
memeriksa sejumlah saksi terkait kasus perampokan di Jalan Kebon Kopi,
Cibeureum, Cimahi Selatan, Kota Cimahi, Selasa (5/4). Selain itu, ada juga
sebuah rekaman CCTV yang memperlihatkan aksi perampok.

""Kami sudah memeriksa sebanyak empat orang saksi serta sebuah rekaman CCTV
yang cukup jelas merekam pelaku ketika masuk dan keluar dari toko tersebut,""
ungkap Heru kepada , Kamis (7/4/2022).

Diketahui, kejadian terjadi sekira pukul 3 dini hari. Dari keterangan sejumlah
saksi, korban keluar dari toko sekira pukul 7 pagi.

 ",www.detik.com
"Dikira Habis Bensin, Maling Tinggalkan Motor Curian di Kuburan","Senin, 23 Mei  2022 16:02 WIB","\-

Satu unit motor berjenis skuter matic ditemukan terparkir di Tempat Pemakaman
Umum (TPU) Sawah Berah, Kecamatan Warudoyong, Kota Sukabumi. Motor tersebut
diduga kuat sebagai barang curian.

""Jadi warga yang kebetulan petugas keamanan villa di sekitar lokasi kejadian
mendapati adanya satu unit sepeda motor yang terparkir di kuburan. Kemudian
dia bawa ke villa dan yang bersangkutan langsung menghubungi petugas Polsek
Warudoyong,"" kata Kapolsek Warudoyong Kompol Budi Setiana, Senin (23/5/2022).

Dia mengatakan, mulanya satpam tersebut ingin menyapa si pengendara. Pasalnya,
motor tersebut didorong oleh terduga pelaku dan dikira kehabisan bensin.

  

""Satpam bermaksud mau menyapa karena motor didorong takutnya kehabisan bensin,
enggak tahunya keburu pergi. Satpam posisinya berada di dekat loket masuk
villa jadi saat itu maling lihat kalau satpam mau menghampiri,"" ujarnya.

Lebih lanjut, petugas kemudian melakukan pencocokan data registrasi kendaraan.
Ditemukan pemilik kendaraan merupakan warga di Kelurahan Benteng, Kecamatan
Warudoyong.

Usai ditemukan identitas pemilik, petugas menanyakan perihal awal mula
keberadaan motor yang ditemukan di TPU Sawah Berah itu. Pemilik mengakui,
motor tersebut memang hilang sejak dini hari tadi.

""Jadi keterangan pemilik motor itu memang hilang tadi Subuh, pencuri berhasil
menjebol tembok pembatas perumahan. Namun memang korban belum sempat
melaporkan kejadian ini kepada polisi,"" paparnya.

Saat ini motor bernomor polisi F 3863 OJ tersebut telah dikembalikan kepada
pemiliknya. ""Sudah dikembalikan kepada saudara Endang Subarna,"" pungkasnya.

 ",www.detik.com
"Sempat Kritis, Ibu Digorok Penjual Es Teh di Tanah Bumbu Tewas","Minggu, 05 Jun 2022 14:59 WIB","\-

Nor Laila (39) korban pembantaian penjual es teh di Tanah Bumbu, Kalimantan
Selatan (Kalsel) meninggal usai sempat kritis di rumah sakit. Korban
sebelumnya dirawat setelah mendapat luka gorok di leher dan luka tusuk di
bagian dada oleh pelaku M Iyan (21).

""Iya, korban yang sempat kritis dan di rawat di Rumah Sakit Husada Tanah Bumbu
meninggal dunia,"" jelas Kasi Humas Polres Tanah Bumbu AKP H I Made Rasa saat
dihubungi , Minggu (5/6/2022).

Nor Laila (39) meninggal pada Minggu (5/6) pukul 01.35 Wita saat menjalani
perawatan di rumah sakit sejak 4 hari mengalami kritis. Nor Laila menyusul dua
anaknya yang masih balita yang turut menjadi korban kekejaman pelaku.

  

""Lukanya yang di leher memang cukup parah, karena gorokan dari pelaku mengenai
urat syaraf korban,"" beber dia.

Jenazah Nor Laila (39) telah dikebumikan di pemakaman Tanah Bumbu. Jenazahnya
dimakamkan berdampingan dengan dua anaknya yang lebih dulu meninggal.

""Tadi habis Dzuhur sudah dikebumikan, bersebelahan dengan dua anaknya yang
ikut menjadi korban,"" terangnya.

Pihak kepolisian pun masih melakukan penyelidikan terhadap pelaku M Iyan yang
sudah diamankan sejak Sabtu (4/5). Sejumlah saksi juga masih dalam pemeriksaan
untuk dimintai keterangan.

""Masih dalam pemeriksaan secara intensif mendalam kepada pelakunya, dan saksi-
saksi lainnya,"" ungkapnya.

Sebelumnya diberitakan, Nor Laila bersama kedua anaknya berusia 4 dan 6 tahun
menjadi korban pembantaian oleh Penjual es teh M Iyan (21). Ulah biadab pelaku
terjadi saat mengantar es teh jualannya untuk korban Nor Laila di Desa Saring
Sungai Bubu, Kecamatan Kusan Tengah, Tanah Bumbu, Kamis (2/6) sekitar pukul
13.00 Wita.

""Ternyata es tersebut ditumpahkan oleh korban sehingga tersangka emosi
kemudian mendekati korban,"" ungkap Rasa.

Korban yang merasa terancam lantas berteriak minta tolong, namun pelaku yang
panik langsung memegang kepala korban dengan tangan kirinya. Sementara tangan
kanan pelaku memegang sebilah pisau.

Dua orang anak balita korban, masing-masing berusia 4 dan 6 tahun berusaha
menolong ibunya. Namun nahas keduanya jadi sasaran pelaku yang sudah gelap
mata.

Kedua balita malang itu diserang menggunakan pisau pada bagian dada hingga
bersimbah darah. Selanjutnya pelaku kembali berbalik menyerang ibu kedua
balita itu.

""Tersangka langsung menggorok leher korban hingga korban jatuh ke kasur dalam
keadaan mengeluarkan darah,"" ujar Rasa.

Dua anak balita korban yang berusia 4 dan 6 tahun datang memukul pelaku.
Akibatnya kedua balita itu berbalik diserang pelaku dengan cara ditikam pisau
pada bagian dadanya.

""Korban meninggal itu anaknya, sempat kritis tapi sudah meninggal. Dua-duanya
meninggal di rumah sakit, satu saat diperjalanan satu lagi meninggal setelah
setengah hari dirawat,"" pungkasnya.

  
  
  
[Gambas:Video 20detik]  

 ",www.detik.com
Tampang Penjual Es Teh di Kalsel Bantai 2 Balita-Gorok Ibu Korban,"Sabtu, 04 Jun 2022 20:51 WIB","\-

Penjual es teh di Tanah Bumbu, Kalimantan Selatan (Kalsel), M Iyan (21)
ditangkap polisi atas tuduhan pembunuhan dua balita dan menggorok ibu korban.
Pelaku kini digelandang ke Mapolres Tanah Bumbu untuk diinterogasi lebih
lanjut.

Dalam foto penangkapan, terlihat pelaku mengenakan sweater _hoodie_ berwarna
abu-abu. Terlihat wajah pelaku tanpa ekspresi, tatapannya terlihat kosong.

Sementara dalam foto lainnya, terlihat baju pelaku sudah diganti menjadi baju
tahanan. Pelaku mengenakan baju tahanan oranye dengan nomor 10.

  

Pelaku difoto di sela-sela interogasi di ruangan penyidik Polres Tanah Bumbu.
Di foto kedua ini, pelaku lagi-lagi nyaris tanpa ekspresi.

Pelaku M Iyan ditangkap polisi di Desa Penyolongan Kecamatan Kusan Hilir,
Tanah Bumbu, Sabtu (4/6) dini hari tadi. Pelaku ditangkap setelah sempat buron
selama dua hari sejak membunuh korban pada Kamis (2/6).

Selain menangkap pelaku, polisi juga mengantongi pisau dapur yang dipakai
membunuh korban. Pisau itu diduga dibawa sendiri oleh pelaku saat mengantar es
teh kepada korban.

## Aksi Keji Pelaku Bunuh 2 Balita-Gorok Leher Korban

Pelaku Iyan awalnya menjajakan es teh jualannya ke korban Nor Laila yang
sedang di rumah orang tuanya di Desa Saring Sungai Bubu, Kecamatan Kusan
Tengah, Tanah Bumbu, Kamis (2/6) sekitar pukul 13.00 Wita. Pelaku lalu membawa
es teh itu kepada korban di dalam kamar.

""Ternyata es tersebut ditumpahkan oleh korban sehingga tersangka emosi
kemudian mendekati korban,"" ujar Kasi Humas Polres Tanah Bumbu AKP H I Made
Rasa saat dihubungi , Sabtu (4/6).

Korban kemudian berteriak karena merasa terancam. Pelaku yang panik memegang
kepala korban dengan tangan kirinya, sementara tangan kanannya memegang
sebilah pisau.

Selanjutnya dua anak balita korban berusia 4 dan 6 tahun menolong ibunya
sehingga berbalik jadi sasaran pelaku.

  
  
  
[Gambas:Video 20detik]  

 ",www.detik.com
"Nasib Terduga Maling Motor, Belum Beraksi Sudah Tewas Duluan Dibakar Massa","Rabu, 06 Okt 2021 07:42 WIB","\-

Seorang pria tewas dibakar massa di Desa Rabesen, Kecamatan Kwanyar,
Bangkalan, Madura. Pria tersebut diakhiri nyawanya karena curiga dia hendak
melakukan pencurian motor.

Peristiwa pada Selasa (5/10/2021) dini hari sekitar pukul 02.00 WIB itu
berawal saat warga yang sedang melakukan ronda melihat dua orang berboncengan
satu sepeda motor melaju masuk desa.

""Waktu itu dia (dua terduga pelaku curanmor) mau masuk kampung dengan motor
dimatikan dan dituntun. Kemudian dihentikan sama warga terus ditanyain,"" tutur
Kapolsek Kwanyar Iptu Mansur kepada detikcom, Selasa (5/10/2021).

Saat ditanya, kedua orang tersebut memperlihatkan gelagat yang mencurigakan.
Tak lama, keduanya kemudian kabur, namun satu orang berhasil ditangkap warga
sedangkan temannya berhasil kabur.

![pelaku curanmor dibakar
massa](https://akcdn.detik.net.id/community/media/visual/2021/10/05/pelaku-
curanmor-dibakar-massa-1_169.jpeg?w=620)Foto: Dok. Polsek Kwanyar  
  
---  
  
""Setelah ditanya, ada itikad tidak baik terus lari. Sehingga masyarakat
curiga. Akhirnya dikejar dan yang bawa motor ini gak bisa lari kemudian
ditangkap sama warga,"" kata Mansur.

Setelah ditangkap, lanjut Mansur, warga menemukan celurit dan kunci T di
motor. Mengetahui itu, warga kemudian marah dan membakarnya bersama motor
terduga pelaku curanmor di pematang sawah.

""Akhirnya yang bawa motor ini gak bisa lari, ditangkap sama warga dan
ditemukan ada celurit sama kunci T. Ya karena massa banyak akhirnya dibakar,""
ujar Mansur.

[Gambas:Video 20detik]

  
  

Selanjutnya __

Halaman

1  2

 ",www.detik.com
"Viral Pria Dibegal di Marunda Jakut, Motornya Berlumuran Darah","Rabu, 30 Mar 2022 19:16 WIB","\-

Sebuah foto yang memperlihatkan sepeda motor berlumuran darah viral di media
sosial. Polisi mengungkapkan motor tersebut milik AK (30), yang merupakan
korban begal di Marunda, Jakarta Utara.

""Iya, itu korban begal,"" kata Kanit Reskrim Polsek Cilincing AKP Alex Chandra
saat dimintai konfirmasi, Rabu (30/3/2022).

Alex mengatakan peristiwa terjadi pada Rabu (30/3/2022) sekitar pukul 02.00
WIB. Saat itu korban bersama empat orang temannya pulang kerja mengarah ke
Marunda Center.

""Dia pengurus trailer, namanya AK, umurnya 30 tahun. Jadi Korban baru pulang
kerja sekitar pukul 02.00 WIB bersama empat orang temannya. Ada tiga motor,
kebetulan temannya berboncengan, dan dia sendiri, terus paling belakang,""
ujarnya.

Saat tiba di SPBE Marunda, korban kemudian dipepet oleh pelaku yang diketahui
berjumlah tiga orang hingga akhirnya dibacok dengan menggunakan senjata tajam.

Akibatnya, korban mengalami luka sabetan yang cukup dalam di bagian lengannya.
Sementara itu, keempat temannya tidak mengetahui kejadian dan melanjutkan
perjalanan.

""Di SPBE Marunda korban dipepet pelaku, terus dibacok lengannya. Luka sobek
tapi kebetulan dalam,"" kata Alex.

""Temannya pergi, nggak tahu kejadian itu,"" imbuhnya.

Alex menuturkan, setelah dibacok, korban sempat turun dari kendaraan.
Akhirnya, kata Alex, korban dibantu oleh petugas keamanan di sekitar lokasi.

""Korban berhenti, kemudian lari meninggalkan kendaraan. Dan ditolong oleh
satpam dengan kondisi tangan yang luka,"" tambahnya.

Sementara itu, para pelaku bergegas meninggalkan TKP dan meninggalkan motor
korban yang tergeletak. Sesaat setelah ditolong, korban kemudian dilarikan ke
Rumah Sakit Koja.

""Pelaku kabur. Korban langsung dilarikan ke Rumah Sakit Koja,"" ujarnya.

Alex mengatakan, hingga kini polisi masih melakukan penyelidikan lebih lanjut
terhadap para pelaku begal di Marunda Tersebut.

 ",www.detik.com
"Pria di Gunungkidul Diduga Perkosa Anak Tiri, Ibu Korban Lapor Polisi","Selasa, 12 Apr 2022 15:03 WIB","\-

Seorang pria di Kabupaten Gunungkidul diduga memperkosa anak tirinya yang
masih di bawah umur. Ibu korban yang mendapat kabar aksi bejat suaminya
berinisial S (49) itu lantas melaporkannya ke Polres Gunungkidul.

Kanit Perlindungan Perempuan dan Anak (PPA) Satreskrim Polres Gunungkidul Ipda
Ratri Ratnawati menjelaskan, kejadian bermula saat korban melapor ke
saudaranya atas perlakuan ayah tirinya yang mengarah ke tindak pemerkosaan
pada bulan Februari di Kapanewon Tanjungsari. Selanjutnya, pertengahan bulan
Maret ibu korban melaporkan suami yang belum lama dinikahinya itu.

""Kejadiannya yang awal saat pertengahan Februari dan kedua akhir bulan
Februari. Kejadiannya siang hari, ketika ibu korban ke ladang. Kalau untuk
laporannya tanggal 14 Maret, yang dilaporkan suaminya atau ayah tiri korban
usia 49 tahun pekerjaan petani,"" kata Ratri kepada wartawan di Polres
Gunungkidul, Selasa (12/4/2022).

Hingga saat ini, Ratri menyebut masih melakukan pemeriksaan terhadap saksi-
saksi dan nantinya berujung pada pemeriksaan terhadap S. Dari keterangan
saksi-saksi dan korban, S telah melakukan aksinya lebih dari satu kali.

""Keterangan dari saksi-saksi dan korban sudah dua kali (ayah cabuli anak
tiri). Nah, ketiga kalinya korban berontak dan lapor ke saudaranya itu,""
ujarnya.

Dari keterangan, untuk modus S mendatangi korban dan membawanya ke dalam
kamar.

""Paksaan ada sedikit tapi masih kami dalami, begitu pula dengan adanya ancaman
terhadap korban. Karena kondisi anaknya saat ini masih labil sehingga semua
masih harus diperdalam lagi,"" ucapnya.

""Yang jelas dari keterangan itu saat kejadian ibunya baru ke ladang. Untuk
kejadiannya di kamar, yang jelas sudah (terjadi persetubuhan),"" lanjut Ratri.

Ratri menyebut pihaknya belum menentukan tersangka dari laporan yang masuk
tersebut. Nantinya, setelah memeriksa saksi-saksi polisi akan berlanjut dengan
pemanggilan terhadap S.

""Pemeriksaan masih saksi-saksi ada tiga orang, setelah saksi-saksi selesai
semua baru terlapor kita panggil,"" katanya.

  
  
  
[Gambas:Video 20detik]  

 ",www.detik.com
Polisi Tangerang Lepas Tembakan Bebaskan Staf Minimarket yang Disandera,"Rabu, 20 Apr 2022 10:45 WIB","\-

Polisi sempat mengeluarkan tembakan peringatan saat mendatangi lokasi
perampokan minimarket di Pagedangan, Kabupaten Tangerang. Tembakan peringatan
ini dikeluarkan setelah diketahui bahwa para perampok ini membawa senjata api
(senpi).

""Jadi tidak ada baku tembak. Polisi mengeluarkan tembakan peringatan sebelum
masuk ke dalam TKP karena diinfokan oleh korban ada salah satu pelaku yang
menggunakan senjata api,"" ujar Kasat Reskrim Polres Tangerang Selatan AKP Aldo
Primananda Putra saat dihubungi, Rabu (20/4/2022).

Aldo menjelaskan, pihaknya mengetahui kejadian tersebut setelah diinformasikan
oleh masyarakat. Menurutnya, tidak ada baku tembak antara polisi dan pelaku,
tetapi polisi yang melepaskan tembakan.

Ia menyebut peristiwa perampokan ini terjadi pada Selasa (19/4/2022), sekitar
pukul 22.30 WIB. Tapi, saat polisi datang, rupanya pelaku sudah kabur.

""Setelah kita datangi ke TKP pelaku sudah tidak ada. Pelaku melarikan diri
usai mengunci korbannya dari luar di lantai dua minimarket,"" tambahnya.

Aldo mengaku saat ini pihaknya sedang melakukan pengejaran terhadap para
pelaku. Ia membeberkan bahwa memang lokasi minimarket ini sangat sepi jika
sudah beranjak larut malam.

""Pelaku berjumlah 3 orang. Iya sepi banget udah malam sepi. Dari warga sekitar
juga dari warteg sebelah Alfamart itu di atas pukul 21.00 WIB udah sepi,""
tuturnya.

 _Baca informasi selengkapnya di halaman selanjutnya._

[Gambas:Video 20detik]

  
  

Selanjutnya __

Halaman

1  2

 ",www.detik.com
"RUU TPKS Sedang Tidak Baik-baik Saja, Pasal Perkosaan Terancam Hilang","Selasa, 05 Apr 2022 18:44 WIB","\-

Pemerintah berpandangan tindak pidana pemerkosaan tidak diatur dalam RUU
Tindak Pidana Kekerasan Seksual (TPKS), melainkan diatur di RKUHP. Pembahasan
RUU harapan banyak orang ini menuai kritik.

""Ini tidak baik-baik saja,"" kata pakar hukum, Bivitri Susanti, membagikan
perspektifnya kepada detikcom, Selasa (5/4/2022).

Niatan penghapusan pasal soal perkosaan dari RUU TPKS ini disampaikan Wakil
Menteri Hukum dan HAM Edward Omar Sharif Hiariej (Eddy Hiariej) saat rapat
bersama DPR, 31 Maret pekan lalu. Eddy menyatakan tindak pidana pemerkosaan
sudah diatur rinci dalam RUU KUHP, jadi tidak perlu diatur di RUU TPKS.

Bivitri Susanti yang merupakan ahli hukum tata negara dari Sekolah Tinggi
Hukum (STH) Indonesia Jentera ini menjelaskan, KUHP mengatur secara materiil
semua hukum pidana sedangkan RUU TPKS ini bakal mengatur sangat detail soal
kekerasan seksual. Jadi, pasal soal pemerkosaan dan pemaksaan aborsi juga
tidak perlu dihapus dari RUU TPKS.

""Tidak perlu khawatir bentrok (antara pasal perkosaan di RUU TPKS dengan di
RKUHP) karena dalam pola penyusunan peraturan perundang-undangan kita, ada
proses yang namanya harmonisasi dan sinkronisasi oleh Kemenkumham,"" kata
Bivitri.

Proses sinkronisasi di DPR juga bakal menjaga bentroknya pasal-pasal perkosaan
di RUU TPKS vs RKUHP. Jadi, tidak perlu pembuat undang-undang menunggu RKUHP,
karena RUU TPKS perlu segera disahkan sesuai harapan publik. DPR menargetkan
RUU TPKS disahkan di rapat paripurna pada 14 April, alias sebentar lagi. Tak
perlu menunggu RKUHP mengatur masalah pidana perkosaan.

""Menunggu RKUHP berarti menghadapi ketidakjelasan karena bahkan sampai
sekarang prosesnya belum dimulai dan RUU itu sangat tebal. Daripada perkosaan
dan aborsi malah mendapatkan ketidakpastian dalam penanganan yang lebih baik,
sebaiknya dimasukkan dalam RUU TPKS,"" tutur Bivitri.

Pembentukan UU TPKS, sebagaimana pembentukan UU lainnya, perlu sesuai dengan
asas-asas pembentukan peraturan perundang-undangan yang baik sebagaimana
diatur dalam Undang-Undang Nomor 12 Tahun 2011. Tujuan RUU TPKS sudah jelas,
yakni melindungi masyarakat dari kekerasan seksual. Ini urgen. Jangan tunggu
RKUHP.

""Justru data menunjukkan, kasus perkosaan dan aborsi ini tinggi sekali, jadi
harus mendapat prioritas penanganan,"" kata Bivitri.

![Bivitri
Savitri](https://akcdn.detik.net.id/community/media/visual/2019/09/20/cf891af5-654b-46a5-9694-273001d37a55.jpeg?w=1200)Bivitri
Susanti (Ari Saputra/detikcom)  
  
---  
  
Bila pidana perkosaan diatur dalam RKUHP, Bivitri khawatir dengan aspek
kesatuan pengaturan soal kekerasan seksual. Kekhawatiran kedua yakni soal
ketidakpastian kapan RKUHP akan diundangkan. Di sisi lain, Indonesia darurat
kekerasan seksual.

Ninik Rahayu selaku Direktur JalaStoria dan Koordinator Advokasi RUU TPKS dari
Maju Perempuan Indonesia (MPI) mengawal perkembangan pembahasan RUU TPKS ini.
Dia menjelaskan, masyarakat sipil mengusulkan tindak perkosaan ini menjadi
salah satu tindak pidana di RUU TPKS. Akhirnya, perkosaan menjadi satu dari
sembilan tindak pidana kekerasan seksual pada draf Agustus dan November 2021.

""Kemudian pada Desember 2021 dan Februari 2022, tidak ada lagi. Tidak ada lagi
rumusan soal perkosaan. Alasannya, perkosaan dan pemaksaan aborsi akan
dimasukkan ke RKUHP,"" kata Ninik Rahayu, dihubungi terpisah oleh detikcom.

Dia tidak sependapat dengan Wamenkumham Eddy Hiariej yang ingin 'memindahkan'
pasal pidana perkosaan ke RKUHP. Soalnya, KUHP belum mampu sepenuhnya
menjangkau perempuan dan anak perempuan korban perkosaan karena hanya terbatas
pada kekerasan dan ancaman kekerasan. Dia merujuk ke Pasal 284 KUHP dan Pasal
479 RKUHP.

""Faktanya, perkosaan juga dapat dilakukan dengan cara tipu muslihat, rangkaian
kebohongan, atau cara-cara lain di luar penggunaan kekerasan dan ancaman
kekerasan,"" ujarnya.

KUHP dan RKUHP juga dinilainya tidak mengatur perkosaan dalam konteks 'victim
precipitation', yakni tindakan korban yang diasumsikan pelaku bahwa korban
setuju. Padahal, korban mungkin tidak setuju, atau setuju berhubungan intim
namun tidak mau berhubungan seksual, atau awalnya setuju namun kemudian ingin
menghentikan tindakan seksual itu.

""Victim precipitation banyak terjadi pada kasus perkosaan dalam pacaran dan
konteks perempuan yang dilacurkan (dipaksa berhubungan tanpa kondom,
misalnya),"" kata Ninik Rahayu.

KUHP dan RKUHP juga tidak bisa mengakses kekhususan dalam delik khusus RUU
TPKS. Akibatnya, saksi harus dua orang. Adapun RUU TPKS tidak perlu dua orang,
cukup satu saksi dan alat bukti.

Selain itu, RUU TPKS ini adalah 'barang' yang sudah mendesak dibutuhkan
masyarakat. Pasal perkosaan juga harus masuk ke RUU TPKS, tanpa perlu menunggu
RKUHP disahkan. RUU TPKS juga dinilai Ninik mampu menangkap adanya relasi
kuasa antara pelaku dan korban, sedangkan di KUHP dikhawatirkan tidak
demikian.

![Ninik
Rahayu](https://akcdn.detik.net.id/community/media/visual/2018/12/27/6fcd58b4-1fab-44f8-bd54-af395ff250fc.jpeg?w=1200)Ninik
Rahayu Foto: Ari Saputra  
  
---  
  
""Pada KUHP masih digantungkan pada KUHAP (Kitab Undang-Undang Hukum Acara
Pidana) yang belum paradigmatik dengan konsep pemulihan pada korban yang
mayoritas perempuan dan kelompok rentan perkosaan,"" kata dia.

[Gambas:Video 20detik]

 ",www.detik.com
"Bocah di Konawe Dicabuli Waria, Korban Diimingi Rp 500 Ribu","Sabtu, 28 Mei  2022 10:46 WIB","\-

Seorang wanita pria (waria) berinisial AS di Kabupaten Konawe, Sulawesi
Tenggara (Sultra) ditangkap polisi atas aksi pencabulan terhadap seorang
bocah. Pelaku sempat menjanjikan korban uang Rp 500 ribu sebelum beraksi.

""Pelaku membujuk korban dengan mengimingi korban uang sejumlah Rp 500 ribu,""
kata Kasat Reskrim Polres Konawe AKP Moch Jacub N. Kamaru dalam keterangannya,
Sabtu (28/5/2022).

Jacub mengatakan korban awalnya minggat dari rumahnya dan bertemu waria
berinisial H alias rekan pelaku AS pada Selasa (3/5). Saat itu, korban meminta
tolong kepada H untuk diberi tumpangan tempat tinggal.

  

""Korban meminta tolong untuk diberi tumpangan tempat tinggal di rumah H karena
korban kabur dari rumah,"" ujarnya.

H lantas memberi tumpangan dengan syarat korban mau membantu H untuk berjualan
minuman tradisional Sarabba di rumahnya. Sementara di rumah H juga ada pelaku
AS yang ikut berjualan sarabba.

""Pelaku juga ini memang tinggal menumpang di rumah H,"" ungkapnya.

Namun saat tertidur di malam hari, tiba-tiba pelaku AS datang dari arah
belakang dan menggencarkan aksinya. Korban terbangun menolak dan memberontak.

""Tapi pelaku tetap memaksa dan membujuk korban serta mengimingi korban uang
sejumlah Rp 500 ribu,"" ujarnya.

Jacub menambahkan pelaku juga menjanjikan akan membiayai perbaikan ponsel
korban yang rusak. Akibatnya korban diperkosa.

Setelah melakukan aksinya, pelaku membawa korban daerah ke wilayah Kecamatan
Sawa, Konawe. Pelaku mengancam jika tidak ikut sejumlah uang yang pernah
dijanjikan enggan diberikan.

Setiba di tempat tujuan korban kembali dicabuli pelaku. Selanjutnya setelah 10
hari kemudian korban dijemput orang tuanya.

Korban pu memberanikan diri untuk berbicara kepada orang tuanya. Tak terima
anaknya dicabuli orang tua korban melaporkan peristiwa tersebut ke polisi.

Akibatnya AS ditangkap polisi pada Jumat (27/5). Pelaku dijerat UU
Perlindungan Anak Juncto Pasal 292 KUHPidana dengan ancaman hukuman pidana
penjara paling lama 15 tahun.

  
  
  
[Gambas:Video 20detik]  

 ",www.detik.com
Tipu-tipu Petugas PPSU di Jakpus: Ngaku Dibegal-Ternyata THR Dipakai Berjudi,"Jumat, 29 Apr 2022 04:41 WIB","\-

Seorang Petugas PPSU bernama Ray Pratama Abdullah (28) mengaku jadi korban
begal usai mengambil uang THR. Setelah diusut, Ray ternyata berbohong.

Peristiwa itu disebut terjadi di depan RS Husada, Sawah Besar, Jakarta Pusat,
Rabu (27/4/2022) sekitar pukul 05.00 WIB. Ray disebut mengaku dirinya dibegal
usai mengambil duit di ATM.

""Dari keterangan yang bersangkutan sih informasinya dibegal, jadi subuh-subuh
kan baru cair THR. Yang bersangkutan ini ambil ke ATM,"" kata Lurah Mangga Dua
Selatan, Agata Bayu Putra.

Dia mengatakan Ray mengaku tidak sadar telah diikuti oleh pelaku. Menurut
pengakuan Ray, katanya, Ray disergap 10 orang.

Ray disebut mengaku mengalami kerugian Rp 4,4 juta. Selain itu, dia mengalami
luka-luka di pinggang, leher, dan pipi.

### Ray Berbohong

Kapolsek Sawah Besar, Kompol Maulana Mukarom, menyebut Ray Prama Abdullah
telah berbohong menjadi korban begal. Uang THR yang disebutnya diambil begal
telah digunakan untuk judi online.

""Bukan hilang karena dicuri atau begal, melainkan uang THR itu untuk bermain
judi online,"" kata Maulana saat dimintai konfirmasi, Kamis (28/4/2022)

Menurutnya, Ray tidak dibegal. Dia menyebut Ray telah membuat laporan palsu.

""Setelah kami lakukan pemeriksaan mendalam, olah TKP, dan bukti-bukti yang
ada, yang bersangkutan ternyata bohong bahwa korban dibegal itu tidak ada,""
katanya.

""Pada hari Rabu (27/4) sekitar pukul 05.12 WIB, Ray melakukan pencairan uang
di mesin ATM Bank DKI di Kantor Kecamatan Sawah Besar hanya sebesar Rp 200
ribu. Tidak sesuai keterangan korban, yang menerangkan bahwa melakukan
penarikan sebesar Rp 4,4 juta,"" sambung Maulana.

Apa alasan Ray merekayasa kasus begal?

""Ray mengatakan uang THR hilang karena dibegal alasannya dia takut kepada
istrinya yang nantinya akan marah jika mengetahui uang THR habis untuk bermain
judi slot,"" ujar Maulana.

### Ray Minta Maaf

Ray pun mengaku telah berbohong menjadi korban begal di Sawah Besar. Dia
mengaku telah membuat laporan palsu.

""Saya Ray Prama Abdullah, saya ingin klarifikasi terkait laporan yang saya
buat bahwa laporan tersebut tidak benar adanya dan laporan kejadian tersebut
seperti begal itu tidak ada,"" kata Ray kepada wartawan, Kamis (28/4/2022).

Dalam pengakuannya, dia menyebut uang THR tersebut untuk digunakan bermain
judi online. Ray mengaku takut dimarahi oleh istrinya jika berkata jujur.

""Untuk uang yang saya ambil itu senilai Rp 200 ribu di ATM, dan sisa dari uang
gaji atau THR saya itu saya pakai untuk judi online. Karena khawatir istri
saya marah, makanya saya berbuat atau mengambil alasan saya dibegal,"" katanya.

Ray menyampaikan permohonan maaf terkait laporan palsu yang dibuatnya. Dia
juga berterima kasih atas bantuan yang diberikan oleh pihak kepolisian.

""Dan untuk Bapak Kapolsek saya meminta maaf yang sebesar-besarnya dan
berterima kasih atas santunan yang diberikan kepada saya,"" katanya.

[Gambas:Video 20detik]

 ",www.detik.com
Perampok Sadis di Bone Bunuh Wanita-Gasak Emas dan Uang Rp 45 Juta,"Senin, 14 Mar 2022 13:09 WIB","\-

Perampokan sadis terjadi di Dusun 1 Desa Pattiro, Kecamatan Dua Boccoe, Bone
Sulawesi Selatan (Sulsel). Perampok membawa uang tunai Rp45 juta dan membunuh
pemilik kios wanita bernama Murniati.

""Pemilik kios yang dibunuh bernama Hj. Murniati umurnya 40 tahun. Perampok
mengambil uang Rp 45 juta dan emas 50 gram,"" kata Camat Dua Boccoe Andi
Musafir kepada Senin (14/3/2022).

Musafir mengatakan tak ada saksi untuk detil kejadian perampokan. Warga hanya
menemukan pemilik kios tergeletak di dalam kiosnya pada pukul 09.00 Wita, pagi
tadi.

  

""Dia (Hj. Murniati) memang sendiri di situ. Tidak ada yang lihat kejadiannya.
Bisa kemungkinan kejadiannya malam atau pagi, yang pasti nanti didapat pada
pukul 09.00 Wita,"" tambahnya.

Informasi yang dihimpun Murniati meninggal dunia saat hendak mempertahankan
harta bendanya. Korban meninggal dengan luka tebas di bagian leher dan
beberapa bagian tubuh lainnya.

Kejadiannya berlangsung saat kondisi sepi. Kawanan perampok masuk dan
menggasak sejumlah barang di Kios. Saat itu pemiliknya melihat dan langsung
dibunuh.

Hingga berita ini diturunkan, kepolisian setempat masih melakukan penyelidikan
untuk mengungkap pelaku dari perampokan sadis tersebut.

""Iya betul ada kejadian dugaan perampokan dan pembunuhan, sudah ada laporan
kami terima dan kami sementara proses di lapangan,"" ujar Kasat Reskrim Polres
Bone AKP Benny Pornika saat dimintai konfirmasi terpisah.

  
  
  
[Gambas:Video 20detik]  

 ",www.detik.com
Ulah Biadab Penjual Es Teh di Tanah Bumbu Bunuh 2 Balita-Ibu Kritis,"Minggu, 05 Jun 2022 09:15 WIB","\-

Penjual es teh di Tanah Bumbu, Kalimantan Selatan (Kalsel), M Iyan (21)
ditangkap polisi usai membunuh dua orang anak berusia 4 dan 6 tahun. Pelaku
juga menggorok leher ibu korban, Nor Laila (39) hingga kritis di rumah sakit.

Ulah biadab pelaku terjadi saat mengantar es teh jualannya untuk korban Nor
Laila di Desa Saring Sungai Bubu, Kecamatan Kusan Tengah, Tanah Bumbu, Kamis
(2/6) sekitar pukul 13.00 Wita. Namun tiba-tiba es teh itu ditumpahkan oleh
korban.

""Ternyata es tersebut ditumpahkan oleh korban sehingga tersangka emosi
kemudian mendekati korban,"" ungkap Kasi Humas Polres Tanah Bumbu AKP H I Made
Rasa saat dihubungi , Sabtu (4/6/2022).

  

Korban Nor Laila langsung berteriak minta tolong karena merasa terancam,
sementara pelaku langsung memegang kepala korban sambil memegang pisau di
tangan kanannya merasa panik.

AKP Rasa mengatakan dua anak Nor Laila berusaha menolong ibunya dengan cara
memukul pelaku pakai bantal. Namun nahas karena kedua anak Nor Laila berbalik
ditikam pelaku pakai pisau pada bagian dadanya hingga bersimbah darah.

Setelah itu pelaku kembali menyerang Nor Laila dengan cara digorok lehernya.
Korban pun terjatuh di kasur.

""Tersangka langsung menggorok leher korban hingga korban jatuh ke kasur dalam
keadaan mengeluarkan darah,"" ujar Rasa.

![Barang bukti kasus penjual es teh di Tanah Bumbu, Kalsel bantai sekeluarga
\(Dok.
Istimewa\).](https://akcdn.detik.net.id/community/media/visual/2022/06/04/barang-
bukti-kasus-penjual-es-teh-di-tanah-bumbu-kalsel-bantai-sekeluarga-dok-
istimewa_169.jpeg?w=620)Foto: Barang bukti kasus penjual es teh di Tanah
Bumbu, Kalsel bantai sekeluarga (Dok. Istimewa).  
  
---  
  
Belakangan para tetangga korban langsung berdatangan. Pelaku Iyan kemudian
kabur dengan cara melompat di jendela belakang rumah korban.

""Korban meninggal itu anaknya, sempat kritis tapi sudah meninggal. Dua-duanya
meninggal di rumah sakit, satu saat di perjalanan satu lagi meninggal setelah
setengah dirawat,"" katanya.

## Pelaku Ditangkap Usai Buron 2 Hari

Setelah dua hari berlalu, polisi menangkap pelaku Iyan yang bersembunyi di
rumah milik keluarganya di Desa Penyolongan Kecamatan Kusan Hilir, Tanah
Bumbu, Sabtu (4/6) dini hari.

""Tersangka dibawa ke kantor Polres Tanah Bumbu guna proses hukum lebih
lanjut,"" kata Rasa.

Selain pelaku, polisi juga mengantongi pisau dapur yang dipakai membunuh
korban. Pisau itu diduga dibawa sendiri oleh pelaku ketika mengantarkan es teh
kepada korban.

""Dia bawa sendiri (pisau dapurnya), di rumah korban kan nggak ada pisau, orang
di sini terbiasa, orang Banjar terbiasa kadang-kadang sering jalan bawa pisau
di pinggang,"" katanya.

Polisi mengatakan motif sementara pelaku pembunuhan ini karena es tumpah.
Pelaku tersinggung dengan korban yang membuat es teh jualannya itu tumpah.

""Mungkin (pelaku) takutnya disuruh ganti lagi, marah lah dia, langsung
melakukan tindakan yang di kronologi itu, "" ungkap Rasa.

""Kebetulan rumah korban ini bersebelahan dengan pelaku penjual es, dia beli es
setelah diserahkan ke korban lalu tertumpah jatuh,"" lanjut dia.

## Tampang Pelaku Pembunuhan 2 Anak

Polisi merilis foto pelaku M Iyan setelah ditangkap. Terlihat pelaku
mengenakan _sweater hoodie_ berwarna abu-abu.

Tampang pelaku terlihat dengan tatapan kosong serta dengan wajah tanpa
ekspresi. Sementara dalam foto berikutnya pelaku mengenakan baju tahanan warna
oranye dengan nomor 10.

Pelaku di foto di sela-sela interogasi di ruangan penyidik Polres Tanah Bumbu.
Di foto kedua ini, pelaku lagi-lagi nyaris tanpa ekspresi.

 ",www.detik.com
Polisi Tangkap Tangan 5 Pemulung Sedang Curi Kabel Optik di Menteng,"Sabtu, 16 Apr 2022 14:37 WIB","\-

Polisi menangkap lima pelaku pencurian kabel di Menteng, Jakarta Pusat. Lima
pelaku tersebut merupakan pemulung.

""Baru sekali (mencuri), sebelumnya _mulung_ sambil mangkal di pinggir jalan,
mengharap warga _ngasih_ sembako,"" kata Kanit Reskrim Polsek Menteng, Kompol
Muhamad Nazarudin saat dihubungi, Sabtu (16/4/2022).

Kelima pelaku dipergoki oleh Tim Patroli Perintis Presisi Polda Metro Jaya
pada Jumat (15/4) sekitar pukul 00.30 WIB di Jl HOS Cokroaminoto, Menteng,
Jakpus.

""Selanjutnya polisi mendatangi TKP dan mengamankan lima pelaku,"" katanya.

Selain menangkap pelaku, sejumlah barang bukti disita pihak kepolisian.
Nazarudin mengatakan saat ini para pelaku diamankan di Polsek Metro Menteng.

""Barang bukti yang ada di TKP berupa 2 gerobak, 3 linggis, 3 gergaji besi, 3
palu, 2 cangkul, 1 gancu, 2 tang, dan 20 potong kabel,"" katanya.

Nazarudin mengatakan pada Kamis (14/4), pelaku melihat adanya kabel saat
melintas di jalan tersebut. Sehingga keesokan harinya pelaku memutuskan
mengambil kabel itu.

""Pas melintas di tempat galian, mereka melihat ada kabel, sehingga keesokan
harinya mereka menyiapkan alat untuk mengambil kabel, namun tertangkap
patroli,"" katanya.

Nazarudin mengatakan kabel-kabel tersebut berukuran besar. Dia menyebut pelaku
memotong-motong kabel menjadi kurang lebih 1 meter.

""Yang jelas ukuran besar, dipotong-potong kira-kira 1 meter, kemungkinan kabel
optik,"" katanya.

 ",www.detik.com
Polisi Usut Dugaan Pelaku Lain di Kasus Kepala HRD Rampok Bank,"Sabtu, 09 Apr 2022 13:43 WIB","\-

Polisi menangkap kepala HRD bank swasta inisial BS (43) terkait aksi nekatnya
merampok Bank BJB Cabang Fatmawati, Cilandak, Jakarta Selatan. Sejauh ini BS
melakukan aksinya itu seorang diri.

""Masih tunggal,"" kata Kasat Reskrim Polres Metro Jakarta Selatan AKBP Ridwan
Soplanit saat dihubungi, Sabtu (9/4/2022). Ridwan menjawab pertanyaan apakah
ada pelaku lainnya dalam kasus tersebut.

Meski begitu, Ridwan mengatakan proses penyelidikan kasus itu belum selesai.
Saat ini polisi masih menyelidiki kebenaran tiap keterangan yang disampaikan
pelaku pada saat pemeriksaan.

""Kita belum tahu, kan yang kayak _gini_ menarik nih. Bisa saja ada orang-orang
lain (terlibat),"" jelas Ridwan.

Menurut Ridwan, pihaknya pun meragukan perihal motif pelaku merampok bank
akibat terlilit utang Rp 5 miliar. Motif lain hingga dugaan BS terlibat dalam
sindikat pelaku perampokan tengah diselidiki.

""Motifnya ini kan juga menarik, masa sih gara-gara utang? Seorang pejabat
pemikirannya harusnya lebih baik. Kalau dia melakukan hal konyol itu tidak
serta merta, apakah ada motif lain?,"" katanya.

""Ini yang masih diselidiki apakah ada motif lain di balik ini. Penyelidikan
masih lanjut, apakah ada sindikat lain, apakah ada motif lain,"" tambah Ridwan.

###

### Pelaku Kepala HRD, Bukan Staf Biasa

Polisi terus menyelidiki kasus perampokan Bank BJB Cabang Fatmawati, Cilandak,
Jakarta Selatan, yang dilakukan oleh BS. Hasil pemeriksaan sejauh ini
diketahui BS merupakan kepala HRD sebuah bank swasta.

""Dia kepala HRD, pejabat tinggi di HRD,"" ujar Ridwan.

Sebelumnya, polisi menyebut BS sebagai staf bank dengan penghasilan Rp 60 juta
tiap bulannya. Polisi menegaskan jabatan dari BS bukan pegawai biasa.

""Bukan staf biasa. Orang pejabat tinggi di HRD dan kelas banknya bank swasta,""
jelas Ridwan.

Ridwan enggan menyebutkan identitas bank tempat BS bekerja. Namun, dia
menyebut pihak bank tempat BS bekerja akan turut dimintai keterangan oleh
polisi dalam waktu dekat.

""Oh iya, pasti kita akan konfirmasi (pihak bank). Kalau kita tidak konfirmasi,
yang rugi yang dipakai namanya. Pasti ke sana. Saksi-saksi bakal bertambah,""
ujar Ridwan.

Perampokan yang dilakukan BS terjadi pada Selasa (5/4). BS sempat meletuskan
senjata _airsoft gun_ saat melakukan perampokan tersebut. Namun aksi BS ini
digagalkan oleh petugas satpam bank.

Pelaku kini telah ditahan di Polres Metro Jakarta Selatan. Dia dijerat dengan
Pasal 365 juncto Pasal 53 KUHP dan UU Darurat dengan ancaman hukuman hingga 10
tahun penjara.

 ",www.detik.com
Jejak Viral Polisi 'Tolak Laporan' Dicopot hingga Perampoknya Ditangkap,"Senin, 27 Des 2021 16:17 WIB","\-

Pelaku perampokan yang menimpa perempuan Meta Kumalasari di Pulogadung,
Jakarta Timur, akhirnya ditangkap. Kasus ini sempat viral di media sosial
karena laporan Meta sempat 'ditolak' polisi.

Polisi yang menolak laporan Meta itu adalah Aiptu Rudi Panjaitan. Awalnya,
Meta mencurahkan perlakuan polisi ketika dia melaporkan perampokan yang
dialaminya di Jalan Sunan Sedayu, Jakarta Timur (Jaktim), pada Selasa
(7/12/2021).

Korban saat itu baru pulang mengambil uang di ATM dan diikuti 2 motor yang
memberitahukan sesuatu kepada korban. Singkatnya, korban turun dari mobil,
lalu pelaku tiba-tiba mengambil tas korban.

""Saat saya ditanya-tanya oleh polisi, dia justru menyarankan saya pulang untuk
menenangkan diri, dan percuma kalau mau dicari juga,"" tulis Meta di postingan
tersebut.

Korban justru merasa malah kena tegur polisi karena mengambil uang tunai dalam
jumlah banyak di ATM. Korban menyebut si polisi bicara dengan nada tinggi.

""Setelah itu, polisi tersebut justru _ngomelin_ saya, ' _lagian_ Ibu _ngapain
sih_ punya ATM banyak-banyak, kalau begini jadi repot. Apalagi banyak potongan
biaya admin juga, dengan nada bicara tinggi,"" sambungnya.

[Gambas:Video 20detik]

  
  

Selanjutnya __

Halaman

1  2  3  4

 ",www.detik.com
"Bawa Sajam, Sopir Angkot Hendak Curi Ban Serep di Tangerang Ditangkap","Jumat, 03 Jun 2022 10:41 WIB","\-

Polsek Balaraja menggagalkan percobaan pencurian yang dilakukan seorang pria
berinisial AM (29). AM diamankan karena hendak mencuri ban cadangan.

Kapolsek Balaraja Kompol Yudha Hermawan mengatakan AM ditangkap pada Selasa
(31/05/2022) di Desa Sentul, Kecamatan Balaraja, Kabupaten Tangerang. AM juga
kedapatan membawa senjata tajam.

""Awalnya AM hendak melakukan aksinya mencuri ban serep mobil box milik PT.
Suryatama Sejati dengan masuk ke bagian belakang kolong mobil tersebut yang
terparkir di pinggir Jl Raya Serang KM 25, Desa Sentul, Kecamatan Balaraja
Kabupaten Tangerang,"" kata Yudha dari keterangan yang diterima, Jumat
(3/6/2022).

Aksinya tersebut terekam oleh kamera CCTV di pos sekuriti pabrik. Dari
pantauan di CCTV, sekuriti pabrik mengetahui gerak-gerik pelaku hingga masuk
ke dalam mobil angkot milik AM yang diparkir tidak jauh dari lokasi kejadian.

""Sekuriti yang curiga melihat aksi AM melalui kamera CCTV langsung datang
menghampiri dan mendapati AM menyimpan senjata tajam berupa pedang dengan
sarung warna hitam disimpan di dasboar sebelah kiri mobil angkot yang
dikemudikannya dan diakui pedang tersebut miliknya,"" tambah Yudha.

Setelah itu pihak sekuriti mengamankan AM di pos sekuriti dan menghubungi
pihak kepolisian. ""Dia percobaan pencurian tidak sempurna, keburu ketahuan dan
diamankan saksi. Terus lapor polsek dan proses hukum jalan,"" terang Yudha.

Saat ini pelaku dan barang bukti dibawa ke Polsek Balaraja untuk dilakukan
pemeriksaan lebih lanjut. Pelaku disangkakan pasal tentang kepemilikan sajam.

""Pelaku akan dikenakan Undang-Undang Darurat Nomor 12 Tahun 1951 tentang
Senjata Tajam dengan ancaman hukuman maksimal 10 tahun penjara,"" jelasnya.

[Gambas:Video 20detik]

  
  

 ",www.detik.com
Pengusaha Angkot Terancam Sanksi Imbas Ulah Sang Sopir Perkosa ABG,"Kamis, 19 Mei  2022 20:30 WIB","\-

Sanksi menanti pemilik angkutan kota (angkot) imbas kasus pemerkosaan bocah
SMP oleh seorang sopir di Kabupaten Bandung Barat. Saat ini kasus tersebut
masih ditangani pihak kepolisian.

Seperti diketahui, AK (15) pelajar SMP asal Sindangkerta, KBB diperkosa oleh
Deri Aryanto (32) seorang sopir angkot jurusan Cijenuk-Cililin. Aksi bejat itu
dilakukan Deri di Jalan Raya PLTA Saguling, Kampung Cibanteng, Desa Citalem,
Kecamatan Cipongkor, Kabupaten Bandung Barat.

AK diperkosa oleh Deri di dalam angkot yang dikemudikannya pada pukul 23.00
WIB. AK sempat melakukan perlawanan namun apa daya Deri lebih kuat dan mampu
menghempaskan tubuh mungil bocah malang tersebut.

  

""Nanti akan kami cek dulu dan tentu nanti akan diberikan juga sanksi
administratif. Tapi intinya kami cek dulu ke pengusaha angkotnya dulu,"" ujar
Kepala Dinas Perhubungan KBB Lukmanul Hakim kepada wartawan, Kamis
(19/5/2022).

Apabila dari hasil pengecekan ditemukan unsur kesengajaan maka sanksi yang
diberikan bisa sampai pencabutan izin operasional maupun izin trayek karena
kendaraannya sudah digunakan untuk aksi kriminalitas.

""Jelas kalau terbukti sanksinya sampai ke pencabutan izin trayek karena tidak
ada hal lain, kalau menyangkut pidana sanksinya itu nanti menjadi kewenangan
dari pihak kepolisian,"" ujar Lukmanul.

Ia mengatakan aksi pemerkosaan di dalam angkot tersebut nantinya akan menjadi
bahan evaluasi bagi Dinas Perhubungan Bandung Barat supaya hal yang sama tidak
kembali terjadi.

""Ke depan kita akan melakukan evaluasi dan perketat pengawasan sopir angkot
agar kejadian seperti ini tidak terjadi lagi,"" ucap Lukmanul.

Lukmanul mengakui peristiwa pemerkosaan terhadap siswi SMP di dalam angkot itu
bakal menurunkan kepercayaan masyarakat terhadap angkot yang selama ini juga
sudah rendah.

""Tentu akan menurunkan trust masyarakat, jadi kita upayakan supaya trust
masyarakat bisa naik lagi untuk menggunakan angkot dengan menjamin keamanan
pengguna,"" ujar Lukmanul.

 ",www.detik.com
Perampok Sadis Hajar Lansia hingga Babak Belur di Sukabumi,"Jumat, 25 Mar 2022 19:00 WIB","\-

Perempuan Lanjut Usia (Lansia) pemilik penginapan bernama Maryam (72) babak
belur usai menjadi korban perampokan atau pencurian dengan kekerasan (curas)
korban mengalami sejumlah luka lebam di bagian wajah. Kepala bagian belakang
korban juga robek diduga akibat hantaman benda tumpul.

Aparat kepolisian tiba di tempat kejadian perkara (TKP) Kampung Cibuaya, Desa
Pangumbahan, Kecamatan Ciracap, Kabupaten Sukabumi untuk melakukan
penyelidikan, sejumlah barang berharga milik korban hilang diduga diambil
pelaku. Aksi perampokan itu baru diketahui setelah korban ditemukan tergeletak
pukul 06.30 WIB, Jumat (25/3/2022).

""Diduga pelaku melakukan perbuatan tersebut dengan cara masuk ke dalam
penginapan kemudian memukul kepala korban diduga menggunakan dan mengambil
barang barang berharga milik korban berupa perhiasan dan Handphone milik
korban,"" ujar Kapolsek Ciracap Iptu Tatang Mulyana.

  

Akibat peristiwa tersebut korban mengalami luka sobek di bagian kepala
belakang, lebam di bagian bibir dan dada depan.

Akibat kekerasan pelaku korban mengalami luka sobek di bagian kepala belakang,
lebam di bagian bibir dan dada depan dan korban diketahui tergeletak bersimbah
darah oleh warga setempat dan pihak keluarga.

""Setelah melakukan kekerasan, pelaku langsung menggasak barang-barang berharga
milik korban berupa perhiasan emas dan handphone milik korban. Kerugian materi
kurang lebih sebesar Rp 15 juta. Kami belum bisa memberikan keterangan secara
jelas, saya bersama petugas masih melakukan pemeriksaan di lapangan. Nanti
kalau sudah selesai akan diberitahukan kembali,"" ujar Tatang.

Sementara itu, Noyief, Humas SARDA Kabupaten Sukabumi mengatakan, kronologi
peristiwa curas yang terjadi sekira pukul 02.30 WIB itu, pelaku yang
diperkirakan lebih dari satu orang tersebut, masuk ke rumah yang juga sebuah
penginapan milik korban.

""Sewaktu kejadian, korban tengah seorang diri di rumah penginapan itu. Saat
tertidur lelap, korban tersadar dan setelah itu melakukan perlawanan. Korban
langsung tergeletak. Korban setelah diketahui oleh warga dan pihak keluarganya
langsung di bawa ke rumah sakit,"" pungkasnya.

  
  
  
[Gambas:Video 20detik]  

 ",www.detik.com
Detik-detik 2 Anggota TNI Gagalkan Aksi 9 Begal di Kebayoran Baru,"Senin, 09 Mei  2022 11:49 WIB","\-

Anggota TNI menggagalkan aksi sembilan begal di Kebayoran Baru, Jakarta
Selatan. Detik-detik gagalnya aksi pembegalan terhadap tentara itu dimulai
saat awal pagi.

Berdasarkan keterangan tertulis TNI, Senin (9/5/2022), peristiwa percobaan
pembegalan yang gagal ini terjadi di sekitar Pasar Kebayoran Baru-SMPN 29,
Jakarta Selatan, Sabtu (7/5) sekitar pukul 05.15 WIB.

###

### Awal

Dua prajurit TNI dari Batalyon Artileri Pertahanan Udara (Yonarhanud) 10/ABC
bernama Prada Junior Noval dan Prada Ardian Sapta Savela selesai belanja
kebutuhan dapur prajurit lajang di Pasar Kebayoran Baru. Beranjaklah mereka
dari pasar untuk pulang ke markas Yonarhanud di Bintaro.

### 9 Begal menyerang

Dalam perjalanan pulang menuju Bintaro, Prada Junior Noval dan Prada Ardian
sampai di sekitar SMPN 29 Jaksel. Di sinilah serangan begal terjadi. Komplotan
begal mengendarai sepeda motor.

""Kejadian bermula di sekitar SMPN 29 Jaksel saat ada tiga pengendara sepeda
motor sejumlah sembilan orang mencoba menghentikan kendaraan dua personel
TNI,"" kata TNI dalam keterangan tertulis.

[Gambas:Video 20detik]

 _Selanjutnya, begal melempar batu:_

Selanjutnya __

Halaman

1  2

 ",www.detik.com
Viral Pria Berniat Begal Ditangkap di Pesanggrahan Jaksel,"Minggu, 20 Mar 2022 15:23 WIB","\-

Video viral beredar di media sosial soal pelaku percobaan pembegalan ditangkap
di Jl Ciledug Raya, Pesanggrahan, Jakarta Selatan (Jaksel). Polisi memberikan
keterangan soal peristiwa tersebut.

Dalam rekaman video yang diunggah di Instagram, terjadi keramaian orang di
depan SPBU Petukangan Selatan, Pesanggrahan, Jakarta Selatan. Terlihat sebuah
mobil polisi dengan seorang pemuda berbaju putih duduk di bangku belakangnya
mobil tersebut.

""Percobaan pembegalan di depan SPBU, Petukangan Selatan atau Gang Lurah.
Minggu (20/3) 03.42 dini hari,"" tulis keterangan video tersebut, seperti
dilihat , Minggu (20/3/2022).

Kapolsek Pesanggrahan Kompol Nazirwan membenarkan kejadian tersebut. Satu
orang pelaku berinisial Y (23) ditangkap polisi.

""Benar. untuk yang diduga pelaku sudah diamankan. Inisial Y 23 tahun,"" kata
Kompol Nazirwan saat dihubungi , Minggu (20/3).

Nazirwan menjelaskan, kepolisian menerima laporan telepon dari warga tentang
adanya keramaian di Jl Ciledug Raya, Pesanggrahan, Jakarta Selatan, pada
Minggu (20/3) dini hari. Polisi yang bertugas langsung menuju lokasi yang
dilaporkan warga.

""Ada info dari warga yang telepon kantor, bahwa ada keramaian. Patroli yang
berada tidak jauh. Langsung ke TKP (tempat kejadian Perkara),"" ucap Nazirwan.

Saat berada di lokasi, polisi juga memeriksa beberapa orang yang ada di sana,
termasuk seorang pemotor yang terjatuh. Kemudian, polisi juga mengamankan
semuanya akibat adanya dugaan tawuran.

""Mengamankan beberapa orang, termasuk warga yang terjatuh dari motor, karena
menghindari terjadinya tawuran,"" sambungnya.

Namun Nazirwan belum dapat memastikan bahwa Y diduga tidak melakukan
pembegalan. Pihaknya tengah menyelidiki hal tersebut.

""Sementara masih didalami. Dugaan sementara bukan begal,"" sambungnya.

 ",www.detik.com
Kronologi Sopir Angkot Bunuh Teman Kencan di Bogor Gegara Kurang Bayar,"Sabtu, 14 Mei  2022 07:00 WIB","\-

Polisi mengungkap kasus pembunuhan RN (39), wanita yang mayatnya ditemukan
setengah telanjang, di indekos Bogor Barat, Kota Bogor. RN dibunuh teman
kencan, Agung Pawira (23) gegara pelaku kurang bayar.

Wanita RN ditemukan tewas di indekosnya pada Minggu (1/5) lalu. Tersangka
Agung Prawira, yang merupakan sopir angkot di Bogor itu ditangkap pada Kamis
(14/5) malam, 2 minggu setelah sempat bersembunyi di Puncak, Bogor.

""Tadi malam kami lakukan penangkapan dan kami berikan tindakan tegas terukur
terhadap tersangka, karena sempat ada perlawanan saat akan ditangkap.
Tersangka mulai hari ini sudah ditetapkan sebagai tersangka,"" kata Kapolresta
Bogor Kota Kombes Susatyo Purnomo Condro, Jumat (13/5/2022).

Susatyo mengungkap korban dan tersangka awalnya berkenalan melalui aplikasi
MiChat. Dalam perkenalan tersebut, keduanya janjian untuk _'open BO'_ dengan
bayaran Rp 1 juta.

""Kronologisnya tersangka dan korban berjanjian lewat aplikasi MiChat, kemudian
ada kesepakatan harga yang tidak dipenuhi sebesar 1 juta, sedangkan pelaku
ketika di lokasi hanya bawa uang 200 ribu,"" kata Susatyo.

Korban dan tersangka kemudian cekcok mulut. Tersangka kalap hingga membunuh
korban dengan jeratan sarung bantal.

""Motifnya selain untuk memuaskan nafsu, juga motif ekonomi,"" imbuhnya.

[Gambas:Video 20detik]

Selanjutnya __

Halaman

1  2

 ",www.detik.com
5 Fakta Motor Chef Aiko Dicuri Modus Rusak Gembok Pakai Cairan Kimia,"Kamis, 18 Nov 2021 07:08 WIB","\-

Rumah _chef_ Aiko di Kembangan, Jakarta Barat, disatroni maling. Motor CRF
Rally 250 cc senilai Rp 90 juta milik suaminya, Ahmda Saugi Balfas, raib
digondol kawanan pencuri motor.

Pencurian terjadi pada Senin (15/11) sekitar pukul 04.30 WIB. Aksi pencurian
dua orang pria ini terekam CCTV.

""Iya bangun tidur jam 06.30 WIB saya ke depan, kondisi motor _udah_ nggak ada.
Kondisi gerbang udah _kebuka_ ,"" ujar Saugi kepada wartawan, Rabu
(17/11/2021).

  
Berikut fakta-fakta terkait pencurian tersebut:

### 1\. Pelaku 2 Orang Terekam CCTV

Aksi pencurian motor _chef_ Aiko ini terekam CCTV milik tetangga. Pelaku
berjumlah dua orang sempat berhenti di depan rumah tetangga, namun tak lama
kemudian pelaku ke rumah Aiko.

""(CCTV) tetangga, kebenaran yang di sini rusak. Baru pasang lagi yang baru,""
kata Saugi.

Dari rekaman CCTV, tampak dua pelaku menggunakan topi berhenti di depan rumah
tetangganya. Seorang pelaku kemudian menunjuk ke rumah _chef_ Aiko.

""Iya (ditarget) karena di CCTV nanti bisa kalian lihat jadi mereka itu sempat
kayak salah alamat, nih sebelah sono. Mereka itu jam 4 _udah_ kayak _mantau_
,"" ungkap Saugi.

[Gambas:Video 20detik]

  
 _Simak selengkapnya di halaman selanjutnya...._

Selanjutnya __

Halaman

1  2  3

 ",www.detik.com
"Besok Polisi Gelar Perkara 'Ayah Perkosa 3 Anak', Kompolnas-Bareskrim Hadir","Kamis, 19 Mei  2022 10:23 WIB","\-

Polisi besok bakal melakukan gelar perkara kasus 'ayah perkosa 3 anak' di
Kabupaten Luwu Timur (Lutim), Sulawesi Selatan (Sulsel). Kompolnas hingga
Bareskrim Polri akan memantau secara langsung jalannya gelar perkara.

""Besok jam 10 (gelar perkara) di Polda, nanti kita sediakan tempat,"" kata
Kabid Humas Polda Sulsel Kombes Komang Suartana saat dimintai konfirmasi ,
Kamis (19/5/2022).

""Nanti yang di Jakarta ada dari Kompolnas sama Bareskrim (juga hadir),"" lanjut
dia.

  

Sementara dari pihak terkait di Sulawesi Selatan juga akan menghadiri gelar
perkara tersebut. Antara lain Dinas Pemberdayaan Perempuan dan Perlindungan
Anak (DP3A) hingga LBH Makassar.

""Dari Sulawesi Selatan ada DP3A Sulsel, LBH,"" tutur Suartana.

Sedianya gelar perkara bakal dilakukan hari ini namun penyidik menunda.
Penyidik masih menyiapkan sejumlah hal sebelum gelar, termasuk menunggu
kehadiran pihak korban.

""Menunggu juga korban datang dari Luwu, belum datang dia,"" ujar Kombes
Suartana.

## Kasus Ayah Perkosa 3 Anak Kandung

Seorang ayah berinisial S dilaporkan memperkosa tiga anaknya di Luwu Timur
pada 2019 silam namun kasus ini disetop polisi dengan alasan tidak cukup
bukti. Belakangan kasus ini sempat trending di twitter karena keputusan SP3
polisi dinilai prematur.

Karena desakan sejumlah pihak, polisi kembali membuka kasus tersebut pada 2021
lalu. Dalam keterangannya, LBH Makassar yang mendampingi korban menyatakan
dugaan pemerkosaan tertuang dalam dokumen pemeriksaan psikolog di Makassar
terhadap korban dan bahkan 2 rekan pelaku juga diduga ikut melakukan
pemerkosaan.

""Fakta baru menyebutkan ada dua pelaku lain selain terlapor,"" ujar Ketua
Divisi Perempuan Anak dan Disabilitas LBH Makassar, Resky Pratiwi, saat jumpa
pers di kantornya, Sabtu (9/10/2021).

Resky mengatakan pemeriksaan tersebut tepatnya dilakukan oleh psikolog P2TP2A
Kota Makassar pada Desember 2019. Dia mengatakan LBH Makassar memang telah
meminta pemeriksaan psikolog tersebut dan telah diajukan ke Polda Sulsel, pada
proses gelar perkara yang berujung penghentian penyelidikan pada Maret 2020.

""Ini adalah laporan psikolog baru setelah proses penyelidikan dihentikan,""
ungkap Resky.

  
  
  
[Gambas:Video 20detik]  

 ",www.detik.com
18 Guru-Murid Diperiksa Terkait Siswa MTs Sulut Diviralkan Tewas Di-bully,"Kamis, 16 Jun 2022 05:30 WIB","\-

Kasus tewasnya BT (13) siswa MTs (sebelumnya disebut siswa SMP) di Kotamobagu,
Sulawesi Utara (Sulut) terus diselidiki polisi. Total saksi yang diperiksa 18
orang yang merupakan guru dan murid.

""Kurang lebih 18 orang saksi yang kita mintai keterangan,"" ujar Kabid Humas
Polda Sulut Kombes Jules Abraham Abast kepada , Rabu (15/6/2022).

""Terdiri dari pelajar juga, dan juga ada dari pihak-pihak guru wali kelas yang
sudah kita minta keterangan,"" sambung Jules.

  

Menurut Jules, 9 dari 18 saksi adalah murid yang diduga pelaku yang menganiaya
korban. Sementara saksi lainnya merupakan guru di sekolah dan orang tua murid.

""9 Orang ini tentu awalnya kita minta keterangan, karena kita duga mereka
mengetahui terjadi penganiayaan tersebut. Tapi kita duga ada yang jadi
pelaku,"" katanya.

## Siswa BT Sempat Diviralkan Korban Bully

Untuk diketahui, kasus ini bermula saat BT yang meninggal diviralkan sebagai
korban bullying. Seperti dilihat pada unggahan viral, korban BT disebut di-
bully dan dianiaya sembilan orang siswa di sekolahnya.

Unggahan viral selanjutnya menyoroti peranan dunia pendidikan terutama karena
para pelaku merupakan anak-anak alias di bawah umur.

""Buat apa cerdas tidak berakhlak,"" tulis unggahan viral tersebut.

## Polisi Bantah BT Korban Bullying

Polisi membenarkan BT tewas karena diduga dianiaya teman di sekolahnya. Namun
polisi membantah informasi viral yang menyebut BT korban bullying.

""Bullying nda ada (korban tidak di-bully). Justru dia yang mem-bullying,"" ujar
Kombes Jules, Senin (13/6).

Jules kemudian menegaskan sekali lagi bahwa BT hanya jadi korban penganiayaan.
Namun dia enggan menggambarkan lebih lanjut soal penganiayaan itu.

""Kita dari Polres Kotamobagu menduga telah terjadi kasus penganiayaan terhadap
salah satu pelajar di Kotamobagu yang dilakukan oleh beberapa pelaku yang
merupakan teman dari pelajar tersebut,"" kata Jules.

## Korban Pendam Dugaan Penganiayaan

BT diduga dianiaya pada Rabu (8/6). Kendati demikian, korban sempat tidak
mengadu ke orang tuanya dan memendam penganiayaan yang ia alami.

Korban BT baru mengadu kepada orang tuanya menjelang meninggal dunia. Ibu
korban kemudian melaporkan dugaan penganiayaan itu pada Minggu (12/6).

""Menurut informasi menjelang korban meninggal barulah korban menyampaikan
kepada keluarga bahwa korban mengalami penganiayaan yang diduga dilakukan
beberapa teman pelaku yang sama-sama masih di bawah umur,"" tutur Jules.

  
  
  
[Gambas:Video 20detik]  

 ",www.detik.com
Sadisnya Rusia Jadikan Pemerkosaan 'Alat Perang' di Ukraina,"Sabtu, 23 Apr 2022 20:02 WIB","\-

Pasukan Rusia dituding memakai cara sadis perang melawan Ukraina. Kelompok
pegiat HAM menuduh Rusia melakukan pemerkosaan sebagai salah satu alat perang
di Ukraina.

Dilansir dari CNN, Sabtu (23/4/2022), kelompok hak asasi manusia dan psikolog
Ukraina mengatakan mereka telah bekerja sepanjang waktu untuk menangani
semakin banyak kasus pelecehan seksual yang diduga melibatkan tentara Rusia.
Hal tersebut sudah dibantah oleh Rusia.

Sementara itu, sebuah laporan oleh Organisasi untuk Keamanan dan Kerjasama di
Eropa (OSCE) yang dirilis pada 13 April, menemukan pelanggaran hukum humaniter
internasional yang dilakukan para pasukan Rusia di Ukraina. Mereka mencatat
bahwa 'laporan menunjukkan contoh kekerasan berbasis gender terkait konflik,
seperti pemerkosaan, kekerasan seksual atau pelecehan seksual'.

""Tentara Rusia melakukan segala yang mereka bisa untuk menunjukkan dominasi
mereka, dan pemerkosaan juga merupakan alat di sini,"" kata psikolog Vasylisa
Levchenko yang mendirikan layanan yang menyediakan konseling gratis untuk
Ukraina yang menderita trauma terkait perang.

Levchenko mengatakan jaringannya, yang disebut Psy.For.Peace, telah berbicara
dengan sekitar 50 wanita dari wilayah Kiev yang mengatakan mereka diserang
secara seksual oleh tentara Rusia. Dia mengatakan kelompok itu sedang
menangani kasus-kasus termasuk seorang anak berusia 15 tahun dan ibunya yang
dilecehkan secara seksual oleh tentara Chechnya pro-Rusia, dan pemerkosaan
beramai-ramai terhadap wanita lain oleh tujuh tentara - sementara tahanan
Ukraina dipaksa untuk menonton.

""Senjata (pemerkosaan) adalah demonstrasi penghinaan total terhadap rakyat
(Ukraina)"" kata Levchenko, menambahkan bahwa itu adalah salah satu yang
memiliki dampak jauh melampaui korban serangan individu.

""Ada orang yang merasa bersalah karena tidak bisa melakukan apa saja, bersalah
karena selamat, karena melihat seseorang sekarat di depan mereka,"" ujarnya.

 _Simak selengkapnya pengakuan warga Ukraina di halaman berikutnya._

 __

 __

[Gambas:Video 20detik]

 _  
  
_

Selanjutnya __

Halaman

1  2

 ",www.detik.com
"Viral Video Dinarasikan Perampokan Bersenpi di Jakbar, Polisi Pastikan Hoax","Jumat, 20 Mei  2022 19:21 WIB","\-

Sebuah video dinarasikan perampokan dengan senjata api terjadi di Citra 6,
Kalideres, Jakarta Barat, viral di media sosial. Disebutkan ada tiga korban
tewas akibat perampokan tersebut. Video tersebut dipastikan _hoax_.

Video yang beredar itu menampilkan gambar sebuah bangunan. Dari seberang
bangunan itu terdengar suara pemberi pesan yang menyebut terjadinya perampokan
bersenpi tersebut.

""Diinfokan untuk _temen-temen_ di wilayah Citra 6 telah terjadi perampokan
dengan bersenjata api. Tiga orang tewas _nih_. Di Citra 6 telah terjadi
perampokan senilai Rp 1,5 miliar. Kalau ada di Citra 6 merapat _nih_ ,"" kata
perekam video.

Kapolsek Kalideres AKP Syafri Wasdar membantah narasi di video viral tersebut.
Dia menegaskan isi video itu _hoax_ belaka.

""Untuk saat ini aman terkendali. Apa yang diberitakan itu betul-betul murni
_hoax_ ,"" kata Syafri saat dihubungi, Jumat (20/5/2022).

Syafri tidak membantah bahwa gambar yang terdapat di video itu berada di Citra
6, Kalideres, Jakarta Barat. Namun dia membantah kabar bahwa di lokasi
tersebut telah terjadi perampokan dengan senjata api.

Menurutnya, sepanjang hari ini tidak ada kejadian menonjol di lokasi tersebut.
Hanya, ada kejadian menonjol pada Kamis (19/5) kemarin terkait tawuran, di
mana polisi mengamankan 12 orang di lokasi tersebut.

""Kemarin itu pada saat sore-sore itu kita dari kepolisian patroli dan lihat
anak-anak kumpul dan kita amankan karena mereka sudah berencana (tawuran).
Karena sudah ada dua kelompok jadi sebelum terjadi kita amankan 12 orang,""
jelas Syafri.

Untuk hari ini Syafri memastikan tidak ada peristiwa kriminal yang terjadi di
kawasan Citra 6. Dia pun menyayangkan narasi viral di media sosial yang
menyebut adanya perampokan hingga memakan korban jiwa.

""Makanya ini kita sudah lapor ke Pak Kasat supaya mungkin suara orang yang ini
kan ada orang yang memanfaatkan situasi. Sampai dia menyebutkan (kerugian) Rp
1,5 M, ada yang meninggal. Dan itu gambar yang dia kirim itu betul di Citra 6
tapi tidak ada peristiwanya. Itu benar-benar _hoax_ ,"" pungkas Syafri.

 ",www.detik.com
Begal Sadis Penusuk Sopir Taksi Online di Bandung Diburu Polisi,"Minggu, 27 Mar 2022 13:13 WIB","\-

Seorang sopir taksi online menjadi korban begal di kawasan Ciparay, Kabupaten
Bandung. Korban mengalami luka di bagian leher akibat tusukan senjata tajam.

Polisi saat ini tengah menyelidiki kejadian tersebut. Sejauh ini dari hasil
pemeriksaan pelaku diperkirakan berjumlah satu orang.

""(Pelaku) kemungkinan 1 orang,"" ucap Kapolresta Bandung Kombes Kusworo Wibowo
kepada , Minggu (27/3/2022).

  

Dia menyebutkan pelaku tengah dalam pengejaran. Pihaknya belum bisa memberi
banyak keterangan karena masih menunggu info lebih lanjut.

""Saat ini dalam proses pengejaran. Nanti kami infokan lagi ya,"" kata dia.

Berdasarkan informasi aksi begal tersebut terjadi di Jalan Mekarsari, Ciparay,
Kabupaten Bandung, Jumat (25/3/2022) lalu. Berdasarkan keterangan korban
kejadian itu bermula saat pelaku memesan taksi online melalui aplikasi
penyedia jasa transportasi daring.

Akibat kejadian itu, korban mengalami luka di bagian leher karen tusukan
senjata tajam. Setelah itu korban melaporkan apa yang dialaminya itu kepada
pihak kepolisian.

 ",www.detik.com
Motif Begal yang Bacok Siswi di Ogan Ilir: Mau Beli Baju Lebaran,"Jumat, 22 Apr 2022 21:15 WIB","\-

Polisi menangkap begal sadis yang membacok dan merampas motor seorang siswi di
Ogan Ilir, Sumatera Selatan (Sumsel). Pelaku berinisial DE itu mengaku nekat
melakukan aksinya untuk membeli susu dan baju lebaran anak.

""Karena nyari buru'an (rongsokan) sekarang sudah susah, dimana pas (waktu)
siang itu istri nelpon minta belikan susu sama baju lebaran. Karena aku lah
kepeningan (panik) jadi nekat ngebegal dia,"" ungkap DE saat diamankan di
Mapolda Sumsel, Jumat (22/4/2022).

DE juga mengakui bahwa saat melakukan aksi sadisnya dia tiga kali melakukan
penusukan terhadap SB. Dimana menurutnya, senjata tajam yang dia gunakan
memang kerap dibawa saat megepul barang bekas.

  

""Kami papasan, awalnya aku hanya ingin merampas hpnya dengan hanya menikam
sekali, namun karena korban berteriak aku kembali menusuk semua di bagian
belakang pundak korban,"" tuturnya.

Namun, pada tusukan ketiga hingga pisau cap garpu yang DE gunakan tertinggal
dipundak korban. Melihat korban terkapar DE pun merampas kunci dan membawa
kabur motor korban.

""Aku ambil motornya itu, karena pas mau kabur motor saya mogok, jadi saya
rampas motor dia, dia melawan jadi saya tusuk lagi. Karena saya panik, saya
dorong dia ke sungai dan meninggalkannya bersama dengan motor butut saya,""
katanya.

""Setelah kejadian itu saya kabur dan bersembunyi di tempat istri saya tinggal
di Desa Sepucuk, Kecamatan Pedamaran Timur, Kabupaten OKI. Karena sangking
ngebutnya kabur, hp itu jatuh di jalan, motor itu rencana mau aku pakai dan
sengaja bodinya saya lepas,"" jelasnya.

Kasubdit Jatanras Polda Sumsel Kompol Agus Prihadinika membenarkan semua
pengakuan korban. Menurutnya, pihaknya hingga saat ini masih melakukan
pendalaman.

""Dari pengakuannya katanya terdesak kebutuhan mau beli susu anak dan baju
lebaran, tapi kita akan terus dalami semua pengakuan-pengakuan pelaku ini,""
kata Agus kepada detikSumut.

Seperti diketahui, siswi berinisial SB dibacok dan motornya dirampas saat
perjalanan pulang dari sekolah. Polisi yang memburu pelaku kemudian menangkap
DE dari tempat persembunyiannya.

""Iya benar, pelakunya sudah ditangkap. Diberikan tindakan tegas terukur karena
mencoba melawan anggota saat akan ditangkap,"" kata Dirreskrimum Polda Sumsel
Kombes Anwar Reksowidjojo kepada detikSumut.

  
  
  
[Gambas:Video 20detik]  

 ",www.detik.com
"Ibu-Gadis di Garut Disiksa 3 Pembobol Rumah, Polisi: Bukan Perampokan","Kamis, 24 Mar 2022 18:47 WIB","\-

Viral video seorang gadis asal Garut dianiaya 3 pria kawanan pembobol rumah.
Usai menerima laporan dan mengamankan para pelaku, polisi menjelaskan duduk
perkara kasus tersebut.

Peristiwa terjadi hari Rabu (23/3/2022) dini hari sekitar pukul 01.00 WIB, di
kawasan Kampung Bongkor, Desa Cinta Rakyat, Kecamatan Samarang, Garut.

""Dugaan tindak pidana pengeroyokan, penganiayaan yang disertai pengrusakan
yang dilakukan oleh tiga orang terduga pelaku,"" kata Kapolsek Samarang Kompol
Jajang, Kamis (24/3/2022).

  

Jajang menjelaskan peristiwa bermula saat ketiga pelaku yakni Yn, DC dan AN
mendatangi rumah korban. Saat itu ketiganya kemudian berupaya merangsek masuk
lewat pintu depan. Namun, lantaran terkunci, ketiganya berupaya masuk melalui
akses lain dengan merusak pintu belakang dan jendela rumah.

""Ketiganya kemudian berhasil masuk dan mengintimidasi korban,"" katanya.

Kedua korban yakni Rifda Abidah alias Abit (19) serta Solihati Nurzanah (37)
selaku ibu dari Abit. Saat berada di dalam rumah, ketiga pelaku kemudian
mencari keberadaan Solihati. Namun, pelaku lebih dulu menemukan Abit yang
berada di kamarnya.

""Kemudian korban SN keluar dari kamar. Di sana kemudian terjadi diduga tindak
pidana penganiayaan,"" kata Jajang.

Polisi kemudian mendapatkan laporan langsung dari Abit yang berhasil keluar
dari rumah. Tim Polsek Samarang kemudian bergerak ke lokasi dan mengamankan
para pelaku.

Jajang sendiri mengaku masih mendalami motif pasti dalam kejadian tersebut.
Meski begitu, Jajang memastikan kejadian tersebut bukan aksi perampokan.

""Bukan perampokan,"" ujar Jajang.

 ",www.detik.com
Pembunuh Pria yang Mayatnya Ditemukan di Kebun Salak Sleman Diburu Polisi,"Rabu, 15 Jun 2022 13:50 WIB","\-

Polres Sleman masih mendalami kasus dugaan pembunuhan pria yang mayatnya
ditemukan di tengah kebun salak daerah Turi, Sleman, Daerah Istimewa
Yogyakarta (DIY). Hingga saat ini polisi masih memburu pelaku.

""(Pelaku) Masih dalam pengejaran,"" kata Kasat Reskrim Polres Sleman AKP Rony
Prasandana kepada wartawan, Rabu (15/6/2022).

Dijelaskan Rony, dari hasil pemeriksaan yang dilakukan terdapat luka di tubuh
korban bernama Widodo Bowo Purnomo (49) itu. Luka tersebut disebabkan oleh
senjata tajam.

""Bahwa menurut keterangan perawat dari Puskesmas Turi terjadi bekas tusukan
benda tajam, terjadi luka sobek karena benda tajam,"" ungkapnya.

Untuk saat ini, kata Rony, korban dibawa ke RS Bhayangkara Polri untuk
dilakukan pemeriksaan lebih lanjut.

Diberitakan sebelumnya, sesosok mayat pria ditemukan di tengah kebun salak
daerah Gading Kulon, Donokerto, Turi, Kabupaten Sleman. Saat ditemukan
terdapat bekas luka tusukan di tubuh korban.

Kasat Reskrim Polres Sleman AKP Rony Prasadana mengungkapkan identitas korban
yakni Widodo Bowo Purnomo (49) warga Turi. Korban ditemukan tergeletak di
tengah kebun salak sekitar pukul 06.30 WIB.

Ia menjelaskan, mayat ini pertama kali diketahui seorang warga dan kemudian
dilaporkan ke Kepala Dukuh Gading Wetan, Fajar Tri.

Fajar lalu memeriksa lokasi penemuan mayat yakni di tengah kebun salak dan
kemudian melaporkan kejadian ini ke polisi.

""Kemudian saksi memeriksa TKP dan menemukan adanya orang yang tergeletak di
tengah kebun salak yang diperkirakan sudah meninggal dunia,"" pungkasnya.

  
  
  
[Gambas:Video 20detik]  

 ",www.detik.com
Detik-detik Oknum Brimob Suruhan Eks Kasatpol PP Peragakan Tembak Najamuddin,"Jumat, 20 Mei  2022 10:45 WIB","\-

Rekonstruksi kasus Kasatpol PP Makassar nonaktif Iqbal Asnan membunuh pegawai
Dishub Najamuddin Sewang berlanjut hari ini. Rekonstruksi memperagakan detik-
detik oknum anggota Brimob Polda Sulsel Chaerul Akmal suruhan Iqbal menembak
mati korban Najamuddin.

Pantauan di lokasi penembakan di pertigaan Jalan Manunggal 22 dan Jalan Danau
Tanjung Bunga, Makassar, Jumat (20/5/2022), rekonstruksi dimulai dengan
tersangka Chaerul Akmal membuntuti korban Najamuddin. Korban dan tersangka
masing-masing menggunakan sepeda motor.

Korban melaju seorang diri di Jalan Danau Tanjung Bunga, Makassar. Sementara
Chaerul membuntuti dengan menyamar sebagai pengemudi ojek online (ojol).

  

Kemudian saat memasuki pertigaan Jalan Danau Tanjung Bunga dan Jalan Manunggal
22, Chaerul mengeksekusi korban. Sambil berkendara, Caherul mengangkat
pistolnya dan menembak korban dari arah belakang dengan jarak sekitar 3 meter.

Korban akhirnya terjatuh dan ditolong saksi bernama Nasir sementara Chaerul
melaju hingga sejauh 8 meter. Selanjutnya Chaerul sempat mengintip melalui
kaca spion motornya untuk mengecek apakah korban masih bergerak atau sudah
mati.

Memastikan korban sudah mati, Chaerul Akmal memacu kendaraannya. Chaerul Akmal
kabur ke arah Tanggul Patompo, Makassar.

![rekonstruksi detik-detik oknum Brimob suruhan eks  Kasatpol PP Makassar
tembak mati pegawai Dishub \(detikSulsel/Muh Ishak
Agus\)](https://akcdn.detik.net.id/community/media/visual/2022/05/20/rekonstruksi-
detik-detik-oknum-brimob-suruhan-eks-kasatpol-pp-makassar-tembak-mati-pegawai-
dishub-detiksulselmuh-ishak-agus-1_169.jpeg?w=620)Saat pegawai Dishub
Najamuddin terkapar usai ditembak mati oknum Brimob suruhan eks Kasatpol PP
Makassar (detikSulsel/Muh Ishak Agus)  
  
---  
  
Seperti diketahui, rekonstruksi kasus pembunuhan Najamuddin dimulai polisi
pada Kamis (19/5). Namun rekonstruksi dinyatakan ditunda karena kondisi hujan.

Rekonstruksi dimulai lagi hari ini yang mana polisi memulainya di lokasi
penembakan maut alias tempat korban Najamuddin dieksekusi mati dengan satu
kali tembakan.

  
  
  
[Gambas:Video 20detik]  

 ",www.detik.com
"Polisi Tangkap Pencuri Spesialis Rumah Kosong di Tangsel, Senpi Disita","Minggu, 29 Mei  2022 10:43 WIB","\-

Polisi menangkap seorang pelaku pencurian spesialis rumah kosong (rumsong) di
Tangerang Selatan (Tangsel). Pelaku bernama Anggit (31) ditangkap di rumahnya.

""Baik saya jelaskan hari ini kita melakukan penangkapan dari pelaku rumsong di
rumahnya. Jadi kita grebeg rumahnya kebetulan ada di rumahnya kebetulan dia
ada di tempat, nah jadi kita amankan berikut barang buktinya,"" ujar Kanit
Reskrim Polsek Pamulang AKP Erwin Subekti kepada wartawan, Minggu (29/5/2022).

Erwin menuturkan barang bukti yang diamankan berupa senjata api (senpi)
rakitan, linggis, dan obeng. Pelaku sudah beraksi di wilayah Tangsel sebanyak
tiga kali.

Dia menambahkan, pelaku beraksi bersama tiga rekannya. Tiga rekan pelaku masih
dalam perburuan.

""Untuk luar Tangsel kita belum tanyakan. Nanti kita tanyakan kemudian. Ada
komplotannya dia setiap beraksi dia ada 3 orang temannya yang masih menjadi
target operasi kita,"" tambahnya.

Barang bukti linggis dan obeng digunakan pelaku untuk melancarkan aksinya.
Erwin menyebut pelaku berhasil menggasak barang milik korban, dari motor
hingga perhiasan.

""Dia melakukan pencurian dengan cara mencari rumah kosong. Ketika rumah
dipastikan kosong pelaku beraksi dengan cara mencongkel pintu dengan obeng
atau linggis. Hasil curiannya ada Laptop, HP, motor sama perhiasan, bukan
rampok, tapi pencurian rumah kosong,"" ungkapnya.

Erwin menuturkan, rekan pelaku sudah menjual seluruh hasil curiannya. Barang
bukti hasil pencurian yang tersisa hanya sepeda motor.

""Dijual oleh temannya yang DPO. Ada motor diamankan berbarengan dengan
ditangkapnya Anggit. Itu mah nanti (dikembalikan ke pemiliknya), masih ada
proses penyidikan,"" tuturnya.

Sementara itu senpi rakitan yang ditemukan belum digunakan oleh pelaku. Pelaku
dikenakan pasal 363 terkait pencurian dengan pemberatan. Pelaku terancam
hukuman tujuh tahun penjara.

""Saat ditangkap posisinya disimpan, dari 3 TKP tidak ada yang memergoki
perbuatan pelaku. Jadi senpinya tidak digunakan,"" ucap Erwin.

[Gambas:Video 20detik]

 ",www.detik.com
Kronologi Wanita di Bekasi Diperkosa-Dirampok Teman Kencan Kenalan di MiChat,"Jumat, 08 Apr 2022 17:35 WIB","\-

Polisi menangkap AS (35), pria yang memperkosa dan merampok teman kencannya di
Bekasi, Jawa Barat. Begini kronologi pemerkosaan disertai perampokan itu.

Mulanya, pelaku kenal korban lewat aplikasi _chatting._ Korban dan pelaku
saling tukar pesan hingga akhirnya dekat.

""Korban berinisial SS adalah karyawan, dan bisa kenal dengan terlapor AS ini
berdasarkan perkenalan melalui media sosial, yang namanya MiChat,"" ujar
Kapolsek Metro Bekasi Kota Kompol Salahuddin pada jumpa pers Jumat (8/4/2022).

Salahuddin mengatakan korban dan pelaku baru berkenalan selama 4 hari sebelum
akhirnya bertemu. Pelaku mengaku kepada korban sebagai seorang pengusaha dan
mengiming-imingi korban untuk menikahinya.

""Ini sudah yang kesekian kalinya, dengan modus yang sama. Selalu menggunakan
aplikasi MiChat untuk menjerat korban-korban dan selalu mengaku sebagai orang
kaya,"" ucapnya.

Keduanya sepakat untuk bertemu. Sesampainya di lokasi, korban diajak makan di
suatu tempat. Pelaku lalu memberikan obat bius ke dalam minuman korban.

""Dia beli racikan sendiri, dia pintar lihat di internet, dicari obat yang bisa
membuat orang pingsan tidak sadarkan diri dan diminumkan ke korban,""
sambungnya.

Korban yang sedang dalam kondisi setengah sadar lalu diajak menuju hotel oleh
pelaku. Di hotel, korban diperkosa pelaku. Setelahnya, AS berjanji akan
menikahi SS.

SS pun keluar dari hotel pukul 04.00 WIB menuju Karawang. Saat itulah AS
mengikuti korban dan melancarkan aksinya.

""Kemudian di Jalan Baru, tepatnya di Gang Bintara 8, korban di tendang, jatuh
dari motor,"" sambungnya.

Pelaku membawa satu unit _handphone_ , ATM, uang tunai, dan paspor korban.
Polisi pun menyelidiki kasus ini dan menangkap pelaku.

[Gambas:Video 20detik]

 ",www.detik.com
Wanita di Semarang Ditemukan Tewas Bersimbah Darah oleh Suaminya,"Jumat, 10 Jun 2022 21:44 WIB","\-

Seorang wanita ditemukan tewas oleh suaminya di sebuah warung di objek wisata
Sendang Senjoyo, Tengaran, Kabupaten Semarang, Jawa Tengah, Jumat (10/6/2022).
Wanita yang berinisial SM (45) itu ditemukan dalam kondisi bersimbah darah.

Kasi Humas Polres Semarang Iptu Bharatungga Dharuning Pawuri yang akrab disapa
Wuri membenarkan hal tersebut. Dari keterangan yang diperoleh Polres Semarang,
suami korban yang berinisial Z (50) semula mengantar istrinya untuk berjualan
di warung tersebut.

""Sekitar pukul 09.30 WIB, korban (SM) diantar suaminya Z untuk berjualan di
obyek wisata Sendang Senjoyo. Lalu, suami korban kembali bekerja sebagai buruh
harian lepas,"" kata Wuri melalui pesan singkat kepada wartawan, Jumat (10/6).

""Sekitar pukul 12.45 WIB, setelah melaksanakan ibadah salat Jumat, suami
korban (kembali ke warung) mengirim makanan untuk korban,"" imbuh Wuri dalam
pesan singkatnya.

Saat mengantar makanan itulah, Wuri berujar, Z terkejut saat mengetahui
istrinya sudah dalam posisi tergeletak dengan tubuh bersimbah darah. Peristiwa
itu langsung dilaporkan ke kepolisian setempat.

""Namun sesampainya dilokasi, Z menemukan istrinya dalam kondisi tewas
bersimbah darah,"" kata Wuri.

Polisi pun segera melakukan olah tempat kejadian perkara dan mengevakuasi
jenazah. Wuri menjelaskan, ditemukan sejumlah luka tusukan benda tajam di
tubuh korban. ""Ada beberapa luka benda tajam pada tubuhnya,"" ujarnya.

Wuri tidak menyangkal jika istri Z tewas karena diduga dibunuh. Namun, siapa
pelakunya masih dalam penyelidikan polisi. Adapun jenazah korban telah dibawa
ke RS Bhayangkara Semarang untuk dilakukan autopsi. ""Betul. Autopsi di RS
Bhayangkara,"" pungkas Wuri.

  
  
  
[Gambas:Video 20detik]  

 ",www.detik.com
"Bapak Perkosa Anak Kandung di Jepara Berkali-kali, Ini Dalihnya","Senin, 04 Apr 2022 15:33 WIB","\-

Seorang pria berinisial S (35) di Kabupaten Jepara, Jawa Tengah ditangkap
polisi lantaran memperkosa anak kandung sendiri. Polisi mengungkap S melakukan
aksi bejatnya itu sudah lima kali.

""Selain itu berdasarkan pengakuan korban tersangka sudah lebih dari 5 kali
memaksa korban untuk melakukan hal yang sama setiap ibunya bekerja,"" kata
Kasat Reskrim Polres Jepara, AKP M Fahrur Rozi, dalam keterangan tertulis
kepada wartawan, Senin (4/4/2022).

Rozi mengatakan tersangka melakukan aksi bejat tersebut saat istrinya pergi
bekerja. Dia mengatakan pengakuan tersangka nekat berbuat tersebut karena
terpengaruh obat penenang yang dikonsumsi bersangkutan.

""Berdasarkan pengakuan tersangka bahwa yang bersangkutan melakukan hal
tersebut di bawah pengaruh pil yang dikonsumsinya,"" ucap dia.

Diberitakan sebelumnya, pria berinisial S (35) di Kabupaten Jepara ditangkap
polisi. S diduga telah memperkosa anak kandungnya sendiri yang masih berusia
12 tahun.

Kasat Reskrim Polres Jepara, AKP M Fahrur Rozi mengatakan barang bukti yang
diamankan berupa pakaian dan pakaian dalam korban. Modus tersangka memaksa dan
mengancam korban yang tidak lain adalah anak kandung sendiri.

""Modus tersangka ini memaksa dan mengancam anak korban untuk menuruti
keinginan tersangka,"" jelas dia.

  
  
  
[Gambas:Video 20detik]  

 ",www.detik.com
Awal Mula Terungkapnya Neneng Pembunuh Dini di Kasus Cinta Segitiga Maut,"Jumat, 20 Mei  2022 12:56 WIB","\-

Polisi mengungkap misteri hilangnya Dini Nurdiani (26) pada bulan puasa lalu.
Dini Nurdiani ternyata tewas dibunuh tersangka Neneng Umaya (26).

Kasus ini berawal dari laporan hilangnya Dini pada Rabu 26 April 2022 lalu.
Dini kemudian dinyatakan tewas dibunuh di Kranggan, Jatisampurna, Kota Bekasi
pada 1 Mei 2022.

Dua pekan berselang, tepatnya Jumat 13 Mei 2022 polisi menangkap pelaku
pembunuhan yaitu Neneng Umaya (24). Motif pembunuhan pun terungkap yakni
dilatari cinta segitiga.

### Dini Dilaporkan Hilang

Kabid Humas Polda Metro Jaya Kombes Endra Zulpan mengatakan kasus ini berawal
dari adanya laporan orang hilang ke Polsek Cengkareng pada Rabu 26 April 2022.

""Kasus ini berawal dari laporan keluarga korban, bahwa ada korban yang tidak
pulang beberapa hari. Dia orang Cengkareng,"" kata Zulpan kepada wartawan,
Jumat (20/5/2022).

Di sisi lain, polisi menyelidiki penemuan mayat di perempuan yang ditemukan di
pinggir Kali Cikeas, Kranggan, Jatisampurna, Kota Bekasi, pada 1 Mei 2022.
Hasil pemeriksaan korban tewas itu adalah Dini Nurdiani.

[Gambas:Video 20detik]

 _Baca di halaman selanjutnya: petunjuk kedekatan suami Neneng dan Dini._

Selanjutnya __

Halaman

1  2

 ",www.detik.com
"Soal Penyergapan di Tol Pasuruan, Polisi: Penangkapan Pelaku Curanmor","Selasa, 12 Okt 2021 20:12 WIB","\- Beredar video polisi melakukan penyergapan sopir pikap, di pintu Tol
Kejapanan, Gempol, Pasuruan. Polisi menyebut, itu merupakan aksi penangkapan
pelaku curanmor.

Kabid Humas Polda Jatim Kombes Gatot Repli Handoko membenarkan, penyergapan
tersebut dilakukan oleh tim Jatanras Ditreskrimum. Peristiwa tersebut terjadi
pada Senin (11/10).

""Iya, benar. Jadi mereka lagi melakukan kegiatan penangkapan pelaku curanmor,""
terang Gatot kepada detikcom, Selasa (12/10/2021).

Menurut Gatot, dalam penyergapan tersebut ada dua pelaku curanmor yang
ditangkap. Sedangkan lainnya masih dalam pengejaran.

""Itu kegiatan baru satu TKP. Ada dua pelaku yang ditangkap. Nah, yang lainnya
masih dilakukan pengejaran,"" tambah Gatot.

Ada empat video pendek yang beredar melalui aplikasi percakapan WhatsApp, soal
penyergapan itu. Sudut pengambilan video dari dalam kendaraan lain hingga dari
dalam gardu tol.

Dalam potongan salah satu video, terlihat enam polisi berpakaian preman
menyergap pikap warna hitam yang sudah berhenti. Beberapa di antaranya lalu
mengeluarkan pistol dan menodongkan ke arah kemudi.

Polisi sempat berteriak beberapa kali meminta sopir turun dari kendaraan.
Namun tidak dituruti hingga terdengar suara tembakan peringatan.

Sekali tembakan peringatan tidak membuat sopir keluar hingga dilepaskan
tembakan peringatan tiga kali. Sesaat kemudian sopir dan kenek keluar dari
mobil, kemudian diminta tiarap. Mereka kemudian diborgol.

[Gambas:Video 20detik]

 ",www.detik.com
Pengakuan Tak Tahu-menahu Suami Bila Neneng Umaya Bunuh Dini Nurdiani,"Selasa, 17 Mei  2022 21:01 WIB","\-

Polisi masih mendalami kasus pembunuhan Dini Nurdiani (26) oleh Neneng Umaya
(24). Sejumlah saksi diperiksa polisi untuk mendalami kasus tersebut.

Salah satu saksi yang diperiksa adalah pria berinisial ID (27), suami
tersangka Neneng Umaya. ID diperiksa sebagai saksi di kasus itu.

""Sudah diperiksa. Setelah rilis kita periksa Sabtu,"" kata Kapolsek Cengkareng
Kompol Ardhie Dimastyo saat dihubungi, Selasa (17/5/2022).

Pembunuhan Dini Nurdiani ini dilatari motif cinta segitiga. Tersangka, Neneng
Umaya, murka setelah mengetahui suaminya, ID, berselingkuh dengan korban.

##  
Suami Tak Tahu Istri Bunuh Dini Nurdiani

  
Kepada polisi, ID mengaku sama sekali tidak mengetahui istrinya membunuh Dini
Nurdiani. Ardhie menyebut ID baru mengetahui istrinya membunuh Dini Nurdiani
setelah Neneng Umaya ditangkap di rumahnya di Cipayung, Jaktim, Jumat (14/5).

""Dia sama sekali nggak tahu pacarnya dibunuh, nggak tahu dia. Pada saat kita
jemput istrinya dia baru tahu bahwa istrinya adalah pelaku,"" kata Ardhie.

##  
Suami Tak Tahu Istri Bongkar Chat Perselingkuhan

Pembunuhan Dini Nurdiani ini dilatari motif kecemburuan Neneng Umaya karena
suaminya berselingkuh dengan korban. Neneng Umaya mengetahui suaminya
berselingkuh setelah membongkar _chat_ suami dengan korban.

""Nggak tahu (suami tak tahu istri bongkar _chat_ ),"" imbuhnya.

  
 _Baca di halaman selanjutnya: Neneng Umaya pancing korban bertemu pakai HP
suami._

[Gambas:Video 20detik]

  
  

Selanjutnya __

Halaman

1  2  3

 ",www.detik.com
"Perampok Truk Sawit di Asahan Ditangkap, 8 Orang Tersangka","Selasa, 17 Mei  2022 12:29 WIB","\-

Polisi berhasil menangkap perampok truk bermuatan sawit di Aek Loba, Asahan,
Sumatera Utara. Sopir truk itu sempat dibuang pelaku ke Labuhanbatu. Para
pelaku yang berjumlah delapan orang itu pun telah ditetapkan sebagai
tersangka.

Kapolres Asahan, AKBP Putu Yudha Prawira mengatakan peristiwa terjadi pada
Minggu (8/5) dan pihaknya menerima laporan dari korban pada Senin (9/5).

""Kasus ini mulai berhasil kita ungkap dan para tersangka berjumlah delapan
mulai ditangkap hari Jumat (13/5),"" katanya di Kisaran, Selasa (17/5/2022).

  

Adapun total delapan orang tersangka diamankan diantaranya lima orang
komplotan perampok masing-masing Irwansyah Putra Marpaung (37) warga Rokan
Hilir, Riau, Adi Imron Siregar (46), Ardiansyah Putra (24), Supriono (32) dan
Wahyu Lubis (26). Empat nama terkahir merupakan warga Labuhanbatu.

Sementara tiga tersangka lainnya merupakan penadah hasil sawit curian yang
dijual para tersangka mereka adalah Nico Ardiansyah (28), Erma Yusuf (43) dan
Ahmad Saifudin (45) ketiganya warga Labuhanbatu.

Dalam kejadian ini, polisi juga mengamankan sejumlah barang bukti di antaranya
lakban yang digunakan para pelaku, pisau, uang hasil sisa kejahatan, mobil
yang digunakan para pelaku, ponsel para pelaku dan ATM.

""Saat beraksi para pelaku ini benar ada menggunakan senpi namun barang bukti
tersebut belum berhasil kita temukan karena dibuang pelaku. Kita masih
selidiki terkait status senjata tersebut,"" ujarnya.

Sebelumnya, sebuah video memperlihatkan detik-detik penyelamatan sopir truk
muatan sawit yang menjadi korban perampokan dan dibuang di Labuhanbatu beredar
di sosial media.

Dilihat detikSumut, Rabu (11/5/2022) video itu beredar di sosial media
facebook memperlihatkan seorang pemuda dalam keadaan lemas dalam posisi
telungkup tanpa mengenakan baju. Sementara tangan serta kakinya tampak
terlilit tali dan lakban.

""Koe supir,"" tanya perekam gambar dalam video itu. ""Iya pak,"" dijawab korban
seketika.

""Uwe gak popo, tenang ae aman iku,"" (sudah tenang aja aman itu) kata perekam
suara.

Belakangan pria yang diketahui bernama Sandi tersebut diketahui sebagai sopir
truk sawit yang baru saja dirampok dan dibuang di desa N-3 Labuhanbatu. Dia
juga menyebut asal daerah tempat tinggalnya di Aek Bange, Kabupaten Asahan.

""Toke ku namanya Tasrif bang,"" kata pria itu.

Sementara itu, Tasrif yang dihubungi wartawan mengatakan mobil truk colt
diesel bermuatan sawit bermuatan 8 ton yang baru dirampok tersebut adalah
miliknya.

""Memang biasa sendirian dia itu bawanya selama ini aman saja. Muatan sawit
sekitar 8 ton habis panen mau dijual ke pabrik,"" kata dia.

Saat kejadian, menurut cerita yang didapayltnya dari korban saat itu dari arah
belakang truknya diminta jalan oleh sebuah mobil.

""Jadi di kasih jalan lah. Tapi pas sudah dikasi jalan mobil itu malah mencegat
ada beberapa orang menodongkan pistol, korban di suruh turun dari truk, diikat
dimasukkan ke dalam mobil pelaku,"" kata dia.

Setelah dibawa masuk ke dalam mobil pelaku, korban dibawa berkeliling hingga
di buang ke daerah Labuhanbatu hingga diselamatkan warga. Kini, kasus ini
sedang ditangani Polisi dan berharap para pelaku segera tertangkap.

  
  
  
[Gambas:Video 20detik]  

 ",www.detik.com
"Kisah Fenomenal Albert Spaggiari, Perampok Bank Lewat Terowongan","Minggu, 13 Mar 2022 12:05 WIB","\-

Albert Spaggiari adalah master mind dari perampokan bank di Prancis. Kisah
perampokan ini begitu fenomenal Spaggiari bisa merencanakan perampokan lewat
terowongan.

Dilansir dari _The New York Times_ , perampokan terjadi di Nice, Prancis
selama akhir pekan musim panas pada Juli 1976. Tim perampok yang dipimpin oleh
Spaggiari ini terdiri dari 20 orang.

Mereka bisa menerobos masuk ke dalam brankas bank Societe Generale dari
terowongan sepanjang 25 kaki yang telah mereka buat selama beberapa minggu
sebelumnya antara bank dan cabang sistem saluran pembuangan kota.

Mereka bekerja dari Jumat sampai Minggu, mengosongkan brankas dan menyita
sebagian besar cadangan kas bank. Kelompok tersebut, yang kemudian dijuluki
sebagai 'geng saluran pembuangan' melarikan diri dengan membawa emas, uang
tunai, perhiasan, dan permata senilai $8 juta hingga $10 juta.

## Masak, Makan dan Minum di Brankas

Selama mereka tinggal di lemari brankas besi, mereka memasak makanan, minum
anggur dan menggunakan mangkuk perak antik sebagai toilet.

Ketika petugas bank menemukan tempat kejadian pada hari Senin, 19 Juli 1076,
mereka menemukan pesan dari geng itu. Pesannya berbunyi 'Tanpa Senjata, Tanpa
Kekerasan, Tanpa Kebencian'. Pesan ini tertulis di salah satu dinding lemari
besi.

[Gambas:Video 20detik]

  
  

Selanjutnya __

Halaman

1  2

 ",www.detik.com
Guru SD Mojokerto Sempat Ubah Pengakuan Sebelum Sandiwara Dirampok Terbongkar,"Rabu, 23 Feb 2022 19:47 WIB","\-

Setelah sandiwara perampokan Rp 150 juta yang menimpanya dibongkar polisi, Sri
Wahyuliati Ningsih (42) sempat mengelak membuat laporan palsu. Ia kembali
mengarang cerita tas miliknya berisi uang Rp 500.000 dan kartu ATM dirampas
orang saat pulang dari mengajar.

Sri menyampaikan cerita karangannya itu kepada polisi saat menjalani perawatan
di RS Dharma Husada, Ngoro, Mojokerto pada Senin (21/2). Saat itu, guru salah
satu SDN di Kecamatan Ngoro ini mengaku tidak pernah kehilangan uang Rp 150
juta. Namun, tas miliknya dirampas orang dalam perjalanan pulang dari mengajar
di hari yang sama.

""Cuma tas berisi dompet, tidak ada (uang Rp 150 juta), cuma uang Rp 500.000
lebih sama kartu ATM, sama SIM sama kartu-kartu yang lain. Hilang dirampas
orang,"" kata Sri kepada polisi dengan wajah sayu.

PNS asal Desa Jiken, Kecamatan Tulangan, Sidoarjo mengaku uang Rp 150 juta
pemberian orang tuanya tidak pernah hilang. Karena Rp 100 juta ia depositokan
di Bank Jatim. Sedangkan sisinya ia simpan di sebuah koperasi.

Namun, Sri akhirnya meralat keterangannya tersebut saat diinterogasi polisi.
Ibu dua anak ini mengaku tidak mempunyai deposito di Bank Jatim.

""Tidak ada (deposito di Bank Jatim Rp 100 juta),"" ujar Sri sambil bersandar ke
pundak suaminya.

Kasat Reskrim Polres Mojokerto AKP Tiksnarto Andaru Rahutomo menjelaskan,
keterangan Sri yang mengaku tas berisi uang Rp 500.000 dirampas orang saat
pulang mengajar pada Senin (21/2), juga palsu. Guru SD ini tidak pernah
kehilangan tas.

""Karena setelah kami periksa linimasanya di ponsel, dia berada di sekolah
sampai jam 11 (pukul 11.00 WIB). Sementara dia mengaku kejadian perampasan
pukul 10.30 WIB, padahal saat itu dia di sekolah,"" jelasnya kepada detikJatim,
Rabu (23/2/2022).

Sebelum itu, Sri melapor ke Polsek Ngoro, Mojokerto pada Senin (21/2) sekitar
pukul 13.00 WIB. Guru SD ini mengaku dirampok 4 orang di Jalan Raya Desa
Tanjangrono, Ngoro, Mojokerto, tepatnya di Jembatan Tanjangrono pada hari yang
sama sekitar pukul 11.45 WIB.

Menurut pengakuannya, pelaku mengendarai sepeda motor Honda Vario dan Yamaha
RX King warna hitam. Sementara Sri seorang diri mengendarai sepeda motor Honda
BeAT nopol W 4351 NCE.

Komplotan perampok kabur setelah merampas tas miliknya yang berisi uang Rp 150
juta. Sri mengaku baru mencairkan uang tersebut dari Bank Jatim Cabang
Pembantu Mojosari sekitar pukul 10.00-11.15 WIB.

Tim dari Satreskrim Polres Mojokerto yang diterjunkan menyelidiki kasus ini
menemukan sejumlah kejanggalan. Hasil pengecekan ke Bank Jatim Cabang Pembantu
Mojosari, Sri hari itu tidak pernah mencairkan uang Rp 150 juta. Saldo di
rekeningnya hanya sekitar Rp 3 juta.

Berbekal fakta tersebut, polisi kembali menggali keterangan dari Sri. Cerita
guru SD ini pun berubah. Ia mengarang cerita kehilangan tas berisi uang Rp
500.000, kartu ATM dan SIM saat pulang mengajar. Sejurus kemudian ia mendadak
pingsan.

Sehingga Sri dilarikan ke RS Dharma Husada, Ngoro. Lagi-lagi ia hanya berpura-
pura sakit untuk mengelabuhi polisi. Karena dokter yang memeriksanya
menyatakan kondisinya normal. Ia akhirnya tidak bisa mengelak saat
diinterogasi polisi dan mengaku telah membuat laporan perampokan palsu.

Sri nekat membuat sandiwara perampokan tersebut untuk menutupi perbuatannya
yang menghabiskan uang pemberian orang tuanya Rp 150 juta. Orang tuanya
meminta Sri mendepositokan uang tersebut. Salah satunya untuk persediaan biaya
pendidikan dua anak Sri.

  
  
  
[Gambas:Video 20detik]  

 ",www.detik.com
"Apes Waka DPRD Bone Sembunyikan Rp 1,2 M dari Istri, Kecurian Rp 820 Juta","Selasa, 31 Mei  2022 08:00 WIB","\-

Nasib apes dialami Wakil Ketua DPRD Bone Andi Wahyudi Taqwa. Uang Rp 1,2
miliar miliknya yang sengaja dia simpan dalam gudang rumah agar tidak
ditemukan istrinya justru dicuri orang sebanyak Rp 820 juta.

Andi Wahyudi menyimpan uang Rp 1,2 miliar miliknya di gudang rumah setelah
menerima hasil pembayaran proyek di Dermaga Bajoe pada tahun 2011. Andi
kemudian bermaksud menabung dan tak ingin istrinya mengetahui hal tersebut.

""Uang (Rp 1,2 M) ini disimpan di gudang karena tidak ingin diketahui
istrinya,"" kata Kapolsek Tanete Riattang Kompol Andi Ikbal kepada wartawan,
Senin (30/5).

  

Polisi menjelaskan Andi beralasan uang itu tak akan bertahan lama jika ada di
tangan sang istri.

""Kalau ketahuan istrinya uang tersebut tak dapat disimpan lama,"" katanya.

## Peristiwa Uang Andi Dicuri Rp 820 Juta

Meski sudah berusaha keras agar uang itu tidak habis, Andi justru menjadi
korban pencurian. Uang yang disimpan dalam gudang dicuri sebanyak Rp 820 juta.

""Uang yang dicuri secara keseluruhan Rp 820 juta. Cuma ada satu pelaku
mengembalikan sekitar Rp 160 juta,"" kata Andi Ikbal.

Kemudian polisi menangkap 5 pelaku dari kasus ini. Mereka adalah RA (16), DR
(19), SY (25), dan MA (17), dan FA (17).

Kepada polisi, para pelaku mengaku telah menggunakan uang milik korban untuk
membeli ponsel iPhone, foya-foya, hingga membeli sabu.

""Dari hasil pengembangan uang itu digunakan untuk narkotika, dan taruhan
balapan liar sampai ratusan juta. Mereka balapan sudah sebanyak 20 kali, dan
taruhan paling minimal Rp 5 juta,"" kata Kanit Reskrim Polsek Tanete Riattang
AKP Nurhayati kepada wartawan Senin (30/5).

Menurut Nurhayati, Andi Nur Taqwa selama ini memang gemar menabung sedikit
demi sedikit. Akhirnya jumlahnya terus bertambah hingga total Rp 1,2 miliar.

""Uang itu hasil pembayaran proyek dermaga Bajoe pada tahun 2011 yang ditabung
terus. Bulan maret baru diketahui korban kalau uangnya hilang setelah kembali
dari luar kota. Salah satu pelakunya adalah sopirnya juga,"" tambahnya.

Polisi juga mengatakan para pelaku tidak sekaligus mengambil uang korban. Uang
itu hanya diambil dalam jumlah tertentu.

Namun terkadang karena merasa kurang puas, kelima pelaku selalu kembali ke
rumah korban di Jalan Sungai Musi, Kelurahan Ta, Kecamatan Tanete Riattang dan
mengambil uang secara bertahap hingga total berjumlah Rp 820 juta.

Polisi mengungkap pelaku mengambil uang dari periode Desember 2021 sampai
Januari 2022. Empat orang beraksi ke dalam gudang, sedangkan satu orang yang
berjaga di pintu.

""Setelah mengambil uang tersebut maka pelaku yang masuk ke gudang membagi uang
tersebut kepada tersangka lainnya,"" ucapnya.

Untuk diketahui, pelaku FA sejak dulu sering berkumpul bersama teman-temannya
di rumah korban. Para pelaku juga disebut kerap menumpang menggunakan Wifi.

Sementara dalam keterangannya para pelaku disebut tidak menyangka ada uang
ratusan juta yang disimpan di sebuah ruangan kosong.

""Uangnya katanya uang pecahan Rp 100 ribu yang sangat banyak dan dibungkus
kayak paket barang. Uangnya diikat tali, dibungkus plastik hitam, lalu
dilakban,"" jelasnya.

Dari kasus ini, polisi menyita barang bukti berupa uang tunai sebesar Rp 30
juta dalam pecahan Rp 100 ribu cetakan 2011, sebuah iphone X, dua motor,
perlengkapan balapan dan pakaian bermerek. Polisi menerapkan pasal 363 ayat 1
ke-3e dan 4e KUHPidana tentang pencurian.

""Kami ancam hukuman 5 tahun penjara,"" jelas Iqbal.

  
  
  
[Gambas:Video 20detik]  

 ",www.detik.com
Terungkap! Petugas PPSU di Jakpus Bohong soal Jadi Korban Begal,"Kamis, 28 Apr 2022 21:31 WIB","\-

Seorang petugas Penanganan Prasarana dan Sarana Umum (PPSU), Ray Prama
Abdullah (28), diduga berbohong bahwa dia menjadi korban begal. Padahal
sebenarnya uang THR tersebut digunakannya sendiri.

""Bahwa uang THR milik Ray Prama Abdullah bukan hilang karena dicuri atau
dibegal,"" kata Kapolsek Sawah Besar Kompol Maulana Mukarom saat dimintai
konfirmasi, Kamis (28/4/2022).

Maulana mengatakan keterangan laporan korban ternyata tidak sesuai. Dia
menyebut korban tidak dibegal.

""Tidak sesuai keterangan korban jika uang THR hilang karena dibegal,"" katanya.

Hal itu diketahui setelah dilakukan pemeriksaan lebih lanjut. Menurutnya, Ray
telah membuat laporan palsu.

""Setelah kami lakukan pemeriksaan mendalam, olah TKP dan bukti-bukti yang ada,
yang bersangkutan ternyata berbohong bahwa korban begal itu tidak ada,""
katanya.

Sebelumnya, petugas PPSU mengaku menjadi korban begal di depan RS Husada,
Sawah Besar, Jakarta Pusat. Korban mengaku dibegal setelah mengambil uang THR.

Peristiwa itu disebut terjadi pada Rabu (27/4), sekitar pukul 05.00 WIB.
Kejadian berawal ketika korban baru saja mengambil uang THR di ATM.

""Dari keterangan yang bersangkutan sih informasinya dibegal, jadi subuh-subuh
kan baru cair THR. Yang bersangkutan ini ambil ke ATM,"" kata Lurah Mangga Dua
Selatan, Agata Bayu Putra, saat dihubungi Rabu (27/4).

Menurutnya, korban tidak sadar telah diikuti oleh pelaku. Ketika korban sampai
di zona penyapuan, korban langsung disergap oleh 10 orang.

""Mungkin dia nggak _ngeh_ kalau dia diikuti, pas dia di zona penyapuan
ternyata udah disergap sama 10 orang,"" katanya.

Akibat kejadian tersebut, Ray mengaku mengalami kerugian Rp 4,4 juta. Selain
itu, dia mengalami luka-luka di pinggang, leher, dan pipi.

 ",www.detik.com
"Perampok di Makassar Sekap Satpam Gudang-Curi Rp 400 Juta, Polisi Usut","Jumat, 11 Mar 2022 07:30 WIB","\-

Komplotan perampok di Kota Makassar, Sulawesi Selatan (Sulsel) beraksi di
sebuah gudang dengan menyekap petugas sekuriti dan membawa kabur uang Rp 400
juta dari brankas. Para pelaku kini diburu polisi.

""Benar anggota telah mendapatkan laporan polisi terkait peristiwa tersebut.
Untuk sementara masih dalam proses lidik dan pengejaran anggota dari Jatanras
Polrestabes Makassar dan Polsek Tamalanrea karena diduga para pelaku sudah
berada di luar kota,"" ujar Panit 2 Opsnal Polsek Tamalanrea, Ipda Iqbal
Qosman, Jumat (11/3/2022).

Peristiwa perampokan itu terjadi di gudang PT Catur Sentosa Adiprana, di Jalan
Ir Sutami, Makassar, pada Selasa (8/3), sekitar pukul 03.00 Wita. Berdasarkan
informasi, pelaku lebih dari satu orang.

  

Di dalam gudang, para pelaku langsung mengikat dua orang satpam dengan tali.
Mereka juga mengancam keduanya dengan senjata tajam.

""Laporannya itu gudang di sekitar jam 3 malam. Petugas sekuriti disekap,
diikat, diancam senjata tajam sekitar 5 orang pelaku,"" kata Iqbal.

Setelah berhasil menguasai keadaan, para pelaku membagi tugasnya untuk
membongkar brankas gudang. Hingga total mereka membawa kabur uang dan emas
dengan kerugian mencapai Rp 400 juta.

""Dua orang pelaku jaga, tiga lainnya bertugas bongkar brankas. Uang 175 juta,
emas batangan dibawa kabur sehingga total kerugian mencapai 400 juta,"" sebut
Iqbal.

  
  
  
[Gambas:Video 20detik]  

 ",www.detik.com
"Ditinggal Suami Tarawih, Mama Muda Sukabumi Ditusuk Tetangga Cabul","Sabtu, 16 Apr 2022 11:55 WIB","\-

Seorang ibu muda inisial RE nyaris diperkosa saat ditinggal suaminya untuk
salat tarawih. Pelaku sempat menganiaya korban menggunakan pisau karena
menolak untuk melayani nafsu bejatnya.

Peristiwa yang menimpa perempuan berusia 25 tahun terjadi di Kecamatan
Pabuaran, Kabupaten Sukabumi pada Rabu (14/4) sekitar pukul 20 30 WIB. Korban
saat itu hanya berdua dengan anaknya yang masih berusia 3 tahun mendengar
pintu depan rumahnya diketuk.

""Kejadian sekitar pukul 20.30 WIB, pelaku inisial IM mengetuk pintu rumah
korban. Saat pintu dibuka, pelaku langsung menerobos masuk dan meminta korban
menutup pintu depan. Namun korban menolak, saat itulah terjadi tarik menarik
gagang pintu,"" kata Kapolsek Lengkong AKP Acep Sujana dalam keterangannya yang
diterima Sabtu (16/4/2022).

  

Korban yang saat risih melihat tatapan mesum pelaku mencoba mempertahankan
harga dirinya, saat itu ia berteriak meminta pertolongan. Panik mendengar
korbannya berteriak, pelaku panik dan langsung menghunuskan pisau yang
dibawanya ke arah korban.

""Korban berteriak meminta pertolongan namun IM langsung mengambil pisau yang
sudah dia bawa di balik pinggangnya. IM langsung menusuk korban sebanyak 6
tusukan yang mengenai dada, bawah payudara bagian kanan dan luka rautan pada
atas pinggang bagian kiri dan 2 luka tusukan pada pergelangan lengan bagian
kiri,"" lanjut Acep.

Melihat korban berlumuran darah dan berteriak minta tolong pelaku langsung
melarikan diri, ke arah kebun. Warga yang mendengar teriakan korban langsung
berdatangan dan membawanya ke Puskesmas Lengkong untuk penangan medis.

Usai menerima laporan, pihak kepolisian kemudian melakukan pengejaran terhadap
pelaku IM. Setelah diburu polisi, IM akhirnya ditangkap pada Jumat (15/4) di
kediaman neneknya yang hanya berbeda kampung. Kanit Reskrim Polsek Lengkong
Aipda Agus Nugroho mengatakan pelaku sempat tidak mengakui perbuatannya.

""Pelaku ini tetangga korban, hanya terpisah dua rumah. Usai melakukan aksinya
dia melarikan diri ke rumah neneknya yang hanya beda kampung. Awalnya dia
tidak mengaku, namun sejumlah barang bukti kita temukan, terlebih korban
mengenali pelaku,"" ujar Agus.

  
  
  
[Gambas:Video 20detik]  

 ",www.detik.com
Detik-detik Begal Tewas Dimassa Usai Gagal Sasar Ibu dan Anak Bandung,"Senin, 23 Mei  2022 14:33 WIB","\-

Begal di Bandung tewas usai dihakimi massa. Detik-detik aksi begal gagal
merampas tas korban hingga dihakimi massa terungkap.

Aksi tersebut terjadi di Jalan Pasir Impun, Gempolsari, Kecamatan Bandung
Kulon, Kota Bandung pada Sabtu (21/5) malam. Awalnya pelaku berinisial AH
tersebut melakukan aksi pembegalan terhadap seorang perempuan dan anaknya.

""Ada seorang ibu-ibu membonceng anaknya dengan memakai tas selempang. Saat mau
memasuki komplek, diikuti sepeda motor yang dinaiki pelaku. Ibu itu awalnya
tidak curiga karena disangka warga komplek,"" ujar Pjs Kasubbag Humas
Polrestabes Bandung Kompol Rahayu Mustikaningsih di Mapolrestabes Bandung,
Jalan Jawa, Kota Bandung, Senin (23/5/2022).

  

Pelaku yang menggunakan sepeda motor itu lantas memepet korban. Tiba-tiba,
pelaku menarik tas selempang yang dibawa oleh korban.

""Sehingga korban dan anaknya jatuh. Korban mempertahankan tas. Saat
mempertahankan tas, pelaku mengeluarkan senjata tajam golok. Ibu itu takut dan
spontan meminta tolong,"" kata Rahayu.

Di waktu bersamaan, ada salah seorang warga yang juga melintas di dekat TKP.
Warga bernama Nandang itu lantas membantu korban dan menahan sepeda motor
pelaku agar tak melarikan diri.

""Setelah itu, Pak Nandang disabet hingga mengenai siku sebelah kiri. Pelaku
saat itu berusaha melarikan diri,"" tutur dia.

Namun, upaya pelaku melarikan diri gagal. Saat itu, warga yang turut menjadi
korban tersebut berteriak meminta tolong hingga warga lain datang.

""Saat melarikan diri, Pak Nandang meneriaki warga komplek keluar karena
diteriaki maling bisa tertangkap warga kemudian dihakimi oleh warga,"" katanya.

Saat itu, pelaku langsung tersungkur pingsan. Polisi yang menerima laporan
datang ke lokasi dan melakukan evakuasi terhadap pelaku ke RS Sartika Asih.

""Pelaku dalam kondisi pingsan saat dibawa ke rumah sakit. Kemarin sore
dinyatakan meninggal dunia,"" ujar Rahayu.

 ",www.detik.com
"Pakai Wig-Berpeci, Gelagat Aneh Pembunuh Keji Terendus Polisi","Selasa, 17 Mei  2022 08:57 WIB","\-

Polisi meringkus R alias Aden, pelaku penusukan Eneng Kulsum hingga tewas.
Perburuan dua hari polisi akhirnya membuahkan hasil, jejak Aden tercium polisi
setelah seorang saksi mengaku melihat pria keji itu di kawasan kaki bukit
Gunung Walat pada Senin (16/5) kemarin.

Kasat Reskrim Polres Sukabumi AKP I Putu Asti Hermawan mengatakan Aden
ditangkap sekitar pukul 14.00 WB, ia diamankan di sekitar gubuk yang biasa
dipakai tempat peristirahatan petani di daerah Cibenda, Karang Tengah,
Cibadak. Kawasan itu juga merupakan trek menuju puncak Gunung Walat.

""Salah satu saksi menginformasikan keberadaan tersangka di daerah Cibenda,
kami kemudian dari jajaran Satreskrim Polres Sukabumi dan Unit Reskrim Polsek
Cibadak melakukan sebar lebar penyisiran di wilayah Cibenda guna menemukan
keberadaan pelaku,"" kata I Putu kepada Selasa (17/5/2022).

  

Keterangan saksi yang diperoleh polisi, pelaku Aden sempat bersalaman dengan
saksi tersebut di sebuah gubuk di kaki Gunung Walat. Posisi saat itu kata I
Putu, pelaku sengaja mendekati saung saksi.

Polisi mendatangi lokasi dan melakukan penyisiran, saat itu salah seorang
personel kepolisian melihat gerak-gerik mencurigakan dari seorang pria berpeci
dengan rambut panjang.

""Saksi memberikan informasi itu akhirnya dapatlah radius dia, makanya kita
sebar lebar dengan anggota penyisiran. Nah saat itulah, anggota melihat pelaku
posisinya saat itu ancang-ancang sudah mau (melarikan diri) naik Gunung
Walat,"" ujar Putu.

Melihat polisi berpakaian preman, sontak pelaku mengeluarkan pisau ia juga
sudah bersiap melarikan diri saat itu. Tidak mau kehilangan buruannya, polisi
akhirnya melakukan tindakan tegas terukur dengan melumpuhkan pelaku.

""Saat personel kita melakukan penyisiran, dia terlihat bersiap untuk melarikan
diri. Dia juga mengeluarkan pisau. Akhirnya kita lakukan tindakan tegas
terukur,"" kata Putu.

Setelah jatuh tersungkur, polisi akhirnya memboyong pelaku ke Mapolsek
Cibadak. Dari keterangan diperoleh, sejak melakukan aksinya pelaku memang
sengaja berpindah-pindah tempat. Rambut palsu dan peci adalah upaya pelaku
melakukan penyamaran agar tidak dikenali.

""Hari pertama setelah melakukan aksinya dia berada di Parungkuda kemudian
geser ke gubuk kerabatnya. Nah saat kita amankan ini di area perkebunan
wilayah kaki gunung walat,"" pungkas Putu.

 ",www.detik.com
Pencuri Berjimat Ini Tertangkap Usai Colong HP Ustaz,"Rabu, 23 Mar 2022 21:04 WIB","\-

Seorang pencuri mengaku membawa Jimat untuk keselamatan. Ia tertangkap oleh
warga usai mencuri HP seorang ustaz di musala.

Peristiwa itu terjadi di Desa Karang Gayam, Kecamatan Omben, Sampang. Kabag
Humas Polres Sampang AKP Sunarno membenarkan kejadian tersebut.

Pencuri yang tertangkap berinisial (M), warga Desa Ketapang Laok, Kecamatan
Ketapang. Aksi pencurian itu terjadi sekitar pukul 04.00 WIB pada Selasa
(22/3/2022).

""Pelaku mengambil HP saat sedang di-charge di musala. Setelah korban bangun
tidur HP miliknya sudah tidak ada di tempat. Kemudian melihat orang sedang
kebingungan dan setelah diinterogasi oleh warga setempat, ternyata M yang
mengambil HP,"" ungkap Sunarno, Rabu (23/3/2022).

""Memang benar handphone yang dicuri itu milik salah satu ustaz yang mengajar
di madrasah desa setempat,"" imbuhnya.

Sunarno menambahkan, untuk mencegah hal-hal yang tidak diinginkan, tersangka
langsung diamankan oleh polisi ke Mapolsek Omben. Sebab, warga semakin banyak.

Saat dilakukan penggeledahan, pelaku diketahui membawa dua HP dan kunci T,
serta lipatan kain hitam menyerupai sabuk.

""Untuk pelakunya ternyata dua orang tetapi pelaku satunya berhasil melarikan
diri. Namun kami sudah mengantongi identitasnya dan saat ini sedang diburu
oleh petugas Polres Sampang,"" tambahnya.

Menurut polisi, pelaku juga sebelumnya sudah menggondol tiga motor Scoopy,
BeAT dan Jupiter. Pelaku sudah pernah masuk penjara atas kasus judi togel.

""Benar tersangka ini sudah tiga kali melakukan pencurian motor, dan dua kali
mencuri HP di Kecamatan Sokobanah, Ketapang dan Kecamatan Omben,"" terangnya.

Pelaku M menyebut, lipatan kain yang dibawa itu sebagai jimat keselamatan.
""Itu jimat pemberian orang tua Pak. Jimat untuk keselamatan,"" kata M.

Atas perbuatannya, pelaku dijerat Pasal 363 KUHP dengan ancaman hukuman
maksimal tujuh tahun penjara. Tersangka saat ini diamankan di Mapolres Sampang
guna dilakukan penyidikan lebih lanjut.

  
  
  
[Gambas:Video 20detik]  

 ",www.detik.com
"Pencuri Motor di Lamongan Bonyok Dihajar Warga Usai Dikejar hingga 4,5 Km","Selasa, 12 Okt 2021 16:15 WIB","\- Pelaku pencurian motor di Lamongan babak belur dihajar massa. Ia tertangkap
setelah sempat dikejar oleh korban.

Pelaku yakni Suli (46), warga Surabaya. Ia melakukan aksi pencurian motor di
Desa Tanjung, Kecamatan Lamongan.

Suli dikejar oleh korban hingga 4,5 km dari lokasi pencurian. Yang dicuri
pelaku yakni motor Honda Tiger dengan nopol S 2146 JAY milik Alif Setyawan
(24).

Alif bisa mengejar pelaku di Jalan Simpang Kusuma Bangsa. Ia lalu berteriak
bahwa motornya dicuri pelaku.

""Begitu dekat, saya pun menabrakkan motor saya ke motor yang dibawa pelaku
hingga motor yang dibawa pelaku roboh,"" kata Alif, Selasa (12/8/2021).

Pelaku melepas motor dan berusaha melarikan diri ke arah jalan nasional. Namun
teriakan 'maling' dari korban membuat pengguna jalan dan warga yang melintas
membantu mengejar pelaku.

""Kita kejar dan pelaku berhasil tertangkap di barat Jembatan Kaliotik,"" kata
Kodir, salah seorang warga yang membantu mengejar pelaku pencurian motor.

Selanjutnya __

Halaman

1  2

 ",www.detik.com
Polisi Ungkap Motif Pelaku Bunuh Pria yang Mayatnya Dikarungin di Tangerang,"Rabu, 01 Jun 2022 12:37 WIB","\-

Polisi telah menangkap dua pelaku pembunuhan pria berinisial S yang mayatnya
ditemukan dalam karung di Legok, Tangerang. Motif pembunuhan itu pun
terungkap.

""Motif pelaku mengambil mobil korban lalu dijual,"" kata Kapolres Tangsel AKBP
Sarly Sollu saat dihubungi, Rabu (1/6/2022).

Mayat pria S ditemukan warga di bekas galiang pasir di Legok, Tangerang, pada
Selasa (31/5). Polisi lalu menangkap dua orang pelaku hari ini sekitar pukul
10.00 WIB.

""Inisial pelaku YM dan T alias N,"" jelas Sarly.

Pelaku ditangkap tim gabungan Polres Tangsel dan Polda Metro Jaya yang
dipimpin Kasubdit Resmob Ditreskrimum Polda Metro Jaya AKBP Handik Zusen,
Kasubdit Jatanras Ditreskrimum Polda Metro Jaya AKBP Awalaudin Amin, Kanit 2
Resmob Kompol Maulana Mukarom, Kanit 2 Jatanras Kompol Abd Rohim, Kanit 5
Jatanras Kompol Rensa, Kanit 3 Resmob Kompol Widi Irawan dan Kasat Reskrim
Polres Tangsel AKP Aldo Primananda Putra, serta Katimsus 2 Resmob Ipda Adin
Rifai.

Kasat Reskrim Polres Tangsel AKP Aldo Primananda Putra sebelumnya mengatakan
korban diketahui berinisial S. Korban merupakan laki-laki dan diperkirakan
berusia 30 tahun.

""Korban inisial S warga Kelurahan Bojong Nangka, Kecamatan Kelapa Dua,
Kabupaten Tangerang,"" katanya.

Polisi belum membeberkan kronologi kasus pembunuhan yang dilakukan pelaku
kepada korban. Kedua pelaku itu kini masih menjalani pemeriksaan.

Mayat pria dalam karung sebelumnya menggegerkan warga Legok, Tangerang, pada
Selasa (31/5). Korban ditemukan dalam keadaan tanpa busana.

""Benar telah ditemukan sesosok mayat berjenis kelamin laki laki tanpa busana,""
ujar Sarly saat dihubungi, Selasa (31/5).

Sarly mengungkapkan korban ditemukan dalam kondisi kepala tertutup plastik dan
mulutnya dilakban.

""Mayat terbungkus di dalam karung kepalanya dibungkus kantong plastik warna
hitam dan mulutnya dilakban bening,"" katanya.

[Gambas:Video 20detik]

  
  

 ",www.detik.com
2 Pria Lansia di Muba Perkosa Wanita Disabilitas hingga Hamil,"Rabu, 18 Mei  2022 09:14 WIB","\-

Dua pria lansia di Musi Banyuasin (Muba), Sumatera Selatan, Burhan (70) dan
Hasan (54), ditangkap polisi kasus pemerkosaan. Mirisnya, keduanya ditangkap
karena memerkosa wanita disabilitas hingga hamil dan melahirkan.

Kepolisian Polres Musi Banyuasin mengatakan kedua warga Sanga Desa, Muba itu
ditangkap dengan kasus yang sama, namun dengan dua korban yang berbeda.

""Untuk kasus pemerkosaan yang dilakukan BN (Burhan) terhadap anak kandungnya
sendiri berinisial AA ( penyandang disabilitas mental),"" kata Kasi Humas
Polres Muba Iptu Nazaruddin ketika dimintai konfirmasi detikSumut, Rabu
(18/5/2022).

  

Dijelaskannya, aksi bejat itu terakhir dilakukan Burhan pada Maret 2021 silam.
Korban diketahui hamil dan melahirkan seorang anak laki-laki pada April 2022
lalu atas ulah BN.

""Untuk penangkapan BN dilakukan pada, Selasa (10/5/2022) sekitar pukul 17.30
wib di kediamannya,"" katanya.

Sementara, Hasan ditangkap karena telah memerkosa korban inisial KK pada Juli
2021 di kediaman korban. Atas perbuatan itu, KK yang merupakan penyandang
disabilitas mental pun hamil dan melahirkan seorang anak perempuan pada April
2022 lalu.

""Untuk penangkapan Hasan dilakukan pada hari Selasa (10/5/2022)) sekitar pukul
15.00 wib di kediamannya.

""Kedua tersangka (Burhan dan Hasan) kita jerat pasal 285 KUHPidana dengan
ancaman 12 tahun penjara,"" ungkapnya.

Selain Burhan dan Hasan, Iptu Nazaruddin menyebut, polisi juga menangkap
Agusnadi (59), dalam kasus pencabulan anak di bawah umur. Aksi bejat itu
dilakukan warga Bayung Lencir, Muba itu dengan cara mengimingi korban uang
jajan Rp 2,000.

""Pada Rabu (11/5/2022) sekitar pukul 17.300 wib tersangka (Agusnadi) berhasil
ditangkap di kediamannya. Terhadap tersangka di jerat pasal 82 ayat 1 jo pasal
76 E UU RI No 35 Tahun 2014 tentang perubahan atas UU RI No 23 Tahun 2002
tentang perlindungan anak. Dengan ancaman paling singkat 5 tahun dan paling
lama 15 tahun,"" lanjutnya.

Untuk motif ketiga tersangka, lanjut dia, yakni karena keseringan nonton video
porno. ""Kami imbau kepada para orang tua untuk lebih taat lagi dalam
menjalankan ibadah. Jangan lagi sering menonton film porno. Agar kejadian yang
seperti ini tidak terulang kembali,"" jelasnya.

  
  
  
[Gambas:Video 20detik]  

 ",www.detik.com
"Pelajar Palopo Diperkosa Pria di Indekos, Pelaku Ditangkap","Kamis, 02 Jun 2022 01:00 WIB","\-

Seorang pria inisial TA (21) di Kota Palopo, Sulawesi Selatan (Sulsel)
ditangkap polisi atas kasus pemerkosaan pelajar inisial BU (14). Aksi bejat
pelaku TA dilakukan di indekos.

""Pelaku berhasil diamankan di Jalan Dr Ratulangi tak jauh dari kosnya,"" ujar
Pjs Kasi Humas Polres Palopo Iptu Patobun saat dikonfirmasi, Rabu (1/6/2022).

Peristiwa tersebut bermula saat salah seorang rekan BU menghubunginya untuk
datang ke rumahnya, Senin (30/5). Korban bersama rekannya tersebut kemudian
pergi ke Jalan Lingkar Timur Palopo. Saat itulah korban dan pelaku bertemu.

  

""Saat berada di Jalan Lingkar, pelaku mendatangi korban. TA langsung mengajak
BU ke kosnya. BU sempat menolak, namun dia terus dipaksa pelaku untuk naik di
atas motornya,"" tuturnya.

Setibanya di indekos, pelaku langsung melancarkan aksi bejatnya. Korban sempat
melawan dan berteriak namun kalah kuat oleh pelaku TA.

""Tiba di sana, TA terus memaksa korban untuk masuk ke kamarnya. Korban
berusaha melawan, namun kalah dalam hal kekuatan. Dia (korban) juga berusaha
berteriak, namun, mulutnya dibekap pelaku,"" imbuhnya.

Usai peristiwa tersebut, korban melaporkan TA ke polisi atas kasus yang
menimpanya. Tak lama berselang polisi melakukan pencarian dan meringkus TA
tidak jauh dari indekos lokasi ia melakukan aksi bejatnya pada Selasa (31/5).

Saat ini, pihak kepolisian telah berhasil mengumpulkan sejumlah barang bukti.
Sejumlah saksi juga telah diperiksa.

""Sejumlah saksi sudah kami mintai keterangannya dan barang bukti sudah kami
amankan,"" pungkasnya.

  
  
  
[Gambas:Video 20detik]  

 ",www.detik.com
"Prank Ngaku Dibegal-Raib Rp 1,3 M, Mama Muda Divonis Bui 9 Bulan","Selasa, 29 Mar 2022 11:19 WIB","\-

Ineu Siti Nurjanah, seorang mama muda asal Garut yang sebelumnya bikin geger
lantaran ngaku dibegal dan kehilangan uang Rp 1,3 miliar dinyatakan bersalah
oleh pengadilan. Dia dibui sembilan bulan.

Sidang kasus emak-emak ngaku dibegal yang sempat menghebohkan warga Garut
akhir tahun lalu mencapai puncaknya pada hari Senin (28/3) kemarin.

Dalam sidang yang digelar secara daring, wanita berusia 31 tahun ini
dinyatakan terbukti bersalah merekayasa kejadian begal yang menimpanya. Dia
divonis 9 bulan penjara.

  

""Majelis hakim menjatuhkan vonis untuk Ineu ini 9 bulan penjara,"" kata Kasi
Pidana Umum Kejari Garut Ariyanto, kepada wartawan, Selasa (29/3/2022) pagi.

Ineu diketahui melanggar Pasal 220 KUHP tentang Laporan Palsu Jo Pasal 55
KUHP. Vonis yang dijatuhkan majelis hakim sendiri diketahui lebih rendah
dibanding tuntutan jaksa yang menginginkannya dibui 11 bulan penjara.

""Sebelumnya JPU kami menuntut 11 bulan penjara,"" katanya.

Kasus Ineu yang ngaku dibegal dan kehilangan uang Rp 1,3 miliar ini sempat
menghebohkan warga Garut sekitar bulan Oktober 2021 lalu.

Kisah tersebut bermula saat polisi menerima laporan dari Ineu bahwa dirinya
mengaku menjadi korban pembegalan di sekitaran Jalan Raya Cisurupan, pada
Jumat, 8 Oktober 2021.

Kepada penyidik Polsek Cisurupan yang memeriksanya, Ineu mengaku dibegal dan
kehilangan uang sejumlah tersebut. Dia mengaku dibegal oleh tiga orang pria
berbekal senjata tajam.

Seolah-olah sungguhan, dia mengaku kehilangan uang Rp 1,3 miliar yang terdiri
dari Rp 1,142 miliar yang yang disimpan di bagasi motor serta sisanya disimpan
di tas.

Setelah melakukan pendalaman, polisi kemudian menemukan titik terang.
Pelakunya tak lain adalah Ineu sendiri. Dia merekayasa laporan tersebut dan
kejadian itu dipastikan tidak pernah terjadi.

Kapolres Garut AKBP Wirdhanto Hadicaksono saat menggelar jumpa pers kasus
tersebut pada Senin, 11 Oktober 2021 lalu menyatakan bahwa Ineu kemudian
mengakui perbuatannya.

""Setelah dilakukan pemeriksaan, pelaku ini berbohong yaitu berpura-pura telah
menjadi korban tindak pidana pencurian dengan kekerasan atau begal,"" katanya.

Berdasarkan hasil penyelidikan, Ineu diketahui berbohong ngaku dibegal
lantaran pusing terlilit utang dengan nominal yang dianggap besar.

""Oleh karena itu, dia merekayasa situasi supaya orang lain termasuk pemilik
uang ini iba,"" ujar Wirdhanto.

  
  
  
[Gambas:Video 20detik]  

 ",www.detik.com
"Begini Modus Begal Sadis di Sentul Bogor, 3 Pelaku Lain Masih Diburu","Selasa, 05 Apr 2022 16:51 WIB","\-

Polisi menangkap empat dan tujuh begal sadis yang beraksi di sekitar Tugu
Pancakarsa, tepatnya di samping GT Sentul Selatan, Kabupaten Bogor, Jawa
Barat. Tiga pelaku lainnya kini masuk daftar pencarian orang (DPO).

""Jadi total pelaku dalam kejadian begal di sini itu ada tujuh orang. Empat
orang sudah kita tangkap, yang sekarang kita rilis, di mana dua di antaranya
kita berikan tindakan terukur karena melawan petugas saat penangkapan.
Sementara itu, tiga orang lainnya sudah ditetapkan sebagai DPO dan masih dalam
pengejaran tim Resmob Polres Bogor,"" sebut Kapolres Bogor AKBP Iman Imanudin
seusai jumpa pers di Sentul Kabupaten Bogor, Selasa (5/4/2022).

Kasat Reskrim Polres Bogor AKP Siswo menjelaskan tujuh begal sempat melakukan
penganiayaan terhadap dua _driver_ ojek. Pelaku membacok korban menggunakan
celurit secara berulang dan mengakibatkan luka di tangan, punggung, dan
pinggang.

""Untuk korban di Sentul sempat dianiaya, korban dibacok menggunakan celurit
berulang-ulang. Kalau di TKP Cileungsi, korban tidak dianiaya, tapi diancam
dengan senjata tajam, kemudian barangnya diambil,"" terang Siswo.

Dari hasil penyelidikan, polisi kemudian melakukan penangkapan terhadap empat
dari total tujuh begal. Polisi juga mengamankan dua penadah barang hasil
perampasan. Para pelaku ditangkap di beberapa lokasi berbeda yakni, di Bekasi;
Gunungputri, Bogor; dan Klapanunggal, Bogor.

""Dari pengakuan para pelaku, mereka sudah merencanakan untuk melakukan
pencurian dengan kekerasan. Kemudian mereka _hunting_ secara _mobile_ dan
mendapat sasaran di lokasi ini (TKP Sentul, Bogor), yakni dua ojek yang sedang
menunggu penumpang. Tanpa basa basi, para pelaku membacok korban dan membawa
motor korban. Mereka ini tergolong sadis,"" kata Siswo.

Malam itu, kata Siswo, para pelaku juga melakukan perampasan terhadap pedagang
pecel lele dan pelanggannya. Dengan ancaman senjata tajam, para pelaku
merampas _handphone_ milik pedagang pecel lele dan merampas motor milik warga
yang datang untuk membeli pecel lele.

""Jadi dalam kejadian ini menurut pengakuan tersangka mereka melakukan aksinya
di dua lokasi dan tiga korban yang berbeda malam itu. Satu lokasi di Sentul,
korbannya 2 orang dan 1 motor dibawa, kemudian satu lokasi di Cileungsi,
korbannya dua orang, motor dan _handphone_ diambil,"" papar Siswo.

Dari empat tersangka yang ditangkap, dua di antaranya ditembak di bagian
kakinya karena melakukan perlawanan dan membahayakan petugas. Saat ini keempat
tersangka ditahan di Polres Bogor.

 ",www.detik.com
Tiga Perampok Bermodus Travel Gelap di Cirebon Ditangkap,"Selasa, 24 Mei  2022 14:13 WIB","\-

Tiga perampok bermodus travel gelap yang beraksi di Kabupaten Cirebon
diamankan polisi. Adapun korbannya adalah warga Brebes, Jawa Tengah yang saat
itu sedang mencari bus angkutan menuju Jakarta.

Kapolresta Cirebon Kombes Pol Arif Budiman mengatakan, aksi perampokan itu
terjadi pada 11 Mei 2022. Menurutnya, kasus ini berawal saat korban mencari
bus angkutan umum dari Brebes yang menuju ke Jakarta. Namun, saat itu bus yang
dicari korban hampir semuanya penuh.

Sementara para pelaku yang menggunakan mobil jenis Avanza kemudian menawari
korban dengan berpura-pura sebagai angkutan travel bertarif Rp 150 ribu.
Korban pun percaya dan masuk ke dalam mobil yang dibawa ketiga tersangka.

  

""Setelah kurang lebih 1 jam perjalanan, korban kemudian diancam dan diikat.
Kemudian barang-barang korban diambil. Mulai dari tas, uang hingga handphone,""
kata Arif Budiman melalui keterangannya, Selasa (24/5/2022).

""Yang lebih mengenaskan lagi adalah korban dibuang di wilayah Kecamatan Waled,
Kabupaten Cirebon, tepatnya di Bukit Ajimut kurang lebih pukul 02.30 WIB dini
hari dengan kondisi tangan dan kaki terikat serta mata tertutup lakban,""
sambung Arif.

Polisi kemudian berhasil mengungkap kasus itu. Ketiga pelaku ditangkap di
kawasan Bayumas, Jawa Tengah. Mereka masing-masing berinisial M, D, dan N.

Selain menangkap tiga tersangka, polisi menyita satu kendaraan roda empat
jenis Avanza yang digunakan saat melakukan tindak kejahatan. Akibat
perbuatannya, mereka dijerat dengan Pasal 365 KUHP tentang Pencurian dengan
ancaman hukuman 9 tahun penjara.

  
  
  
[Gambas:Video 20detik]  

 ",www.detik.com
Pencuri Motor yang Dikejar di Suramadu hingga Tertangkap Ngaku Penadah,"Kamis, 21 Okt 2021 22:11 WIB","\- Driver ojol di Surabaya menangkap pencuri motor miliknya. Usai tertangkap,
pelaku membantah telah mencuri motor korban.

""Iya, pas saya tangkap ngakunya gak mencuri. Tapi beli motor saya dari yang
mencuri,"" ujar pemilik motor, Mahur kepada detikcom, Kamis (21/10/2021).

Meski begitu, lanjut Mahur, dirinya tidak percaya begitu saja. Ia kemudian
tetap menangkap dan memborgolnya di tiang listrik hingga polisi dari Polsek
Sukolilo, Bangkalan datang.

""Ya saya gak percaya. Terus saya borgol milik sekuriti proyek sambil nunggu
polisi dari Sukolilo. Tapi di kantor polisi ya sama tetap ngaku membeli,"" kata
Mahur.

""Katanya dia beli dari seseorang. Dan hasil uangnya itu untuk pakai sabu. Tapi
tetap saya gak percaya soalnya omongnya kayak orang ngelantur gitu,"" tutur
Mahur.

Menurut Mahur, meski telah menangkap dan menyerahkan pencuri motor ke polisi.
Namun motornya yang dicuri juga belum bisa diambil.

""Iya masih di kantor polisi. Katanya untuk pengembangan mencari pelaku lain.
Karena di TKP yang sama juga ada laporan sama,"" terang Mahur.

Mahur menuturkan, pencurian motornya itu berawal saat ia sedang mendapat order
mengambil makanan di Jalan Embong Malang. Tapi usai mengambil order, tahu-tahu
Honda BeAT bernomor pelat L 6432 LI miliknya telah hilang. Padahal motor
tersebut telah dikunci ganda.

""Awalnya saya dapat order. Motor kemudian saya parkir dan saya ambil order.
Tapi tahu-tahu motor sudah hilang. Padahal sudah saya kunci,"" tutur Mahur.

Mengetahui motor hilang, Mahur kemudian melaporkannya ke Polsek Genteng.
Namun, ia bersama saudaranya kemudian berinisiatif menunggu pencuri di
Jembatan Suramadu.

Benar saja, setelah ditunggu sekitar 1 jam, motornya bersama pelaku terlihat
melintas akan masuk Jembatan Suramadu. Tak ingin kehilangan momen, Mahur dan
keempat saudaranya yang menunggangi motornya masing-masing langsung mengejar
pelaku.

Selanjutnya __

Halaman

1  2

 ",www.detik.com
Tersangka TO Ancam Pacar Akan Gugurkan Kandungan Jika Tak Ikut Bunuh Zaenab,"Jumat, 27 Mei  2022 19:15 WIB","\-

Zaenab (51), warga Ciputat, Tangerang Selatan, dibunuh oleh pasangan kekasih
AM (26) dan TO (21). Tersangka perempuan, TO, mengancam pacarnya, AM, akan
menggugurkan kandungan jika tidak ikut membunuh Zaenab.

Kapolres Bogor AKBP Iman Imanuddin mengatakan tersangka TO awalnya berniat
menagih uang Rp 100 juta milik ayahnya kepada Zaenab.

""TO sudah hamil di luar nikah dengan AM, kemudian pelaku butuh uang untuk
menikah. Pelaku (TO) merencanakan menagih utang ayah TO dari korban sebesar Rp
100 juta,"" kata Iman kepada wartawan, Jumat (27/5/2022).

Iman mengatakan TO merencanakan pembunuhan terhadap korban apabila dia tidak
membayar utangnya. TO lalu mengajak tersangka AM dengan ancaman akan
menggugurkan kandungan jika AM tidak mengikuti rencananya.

""Kemudian AM diancam, apabila tidak mau ikut rencana TO, maka TO akan
menggugurkan janin yang ada di dalam kandungannya,"" tuturnya.

Pada Kamis (19/5), AM dan TO akhirnya ke tempat kos korban di Ciputat,
Tangsel. Mereka menagih utang kepada korban, tetapi korban tidak memiliki
uang.

""Kemudian TO menagih utang bapanya kepada korban dan korban pun tidak
memberikannya dengan alasan tidak mempunyai uang,"" jelasnya.

AM dan TO lalu membawa korban naik ke mobil sewaannya. Mereka lalu membunuh
korban di Sawangan, Depok.

Jenazah Zaenab kemudian dibuang di Kemang, Bogor, dan baru ditemukan warga
pada 21 Mei 2022. Pada 23 Mei 2022, polisi menangkap TO dan AM di Sawangan,
Depok.

[Gambas:Video 20detik]

  
  

 ",www.detik.com
Tampang Perampok Berpistol di Toko Gadai Jaksel yang Dikepung Warga,"Selasa, 14 Des 2021 13:22 WIB","\-

Aksi perampokan di toko gadai di Jl M Kahfi, Jagakarsa, Jakarta Selatan, tadi
malam berhasil digagalkan polisi dan warga. Pelaku berinisial D (22) ditangkap
setelah dikepung polisi dan warga.

Pelaku dihadirkan dalam jumpa pers di Mapolres Metro Jaksel siang tadi. Pelaku
terlihat memakai baju tahanan warna oranye dan jidatnya diperban.

Diketahui pelaku sempat menjadi bulan-bulanan massa. Warga kesal dengan aksi
perampokan yang dilakukan oleh pelaku.

""Tersangka sudah bisa diamankan inisialnya D, umur 22 tahun,"" ujar Kabid Humas
Polda Metro Jaya Kombes Zulpan kepada wartawan di Polres Metro Jaksel, Jakarta
Selatan, Selasa (14/12/2021).

Zulpan mengatakan pelaku sempat menodong 3 karyawan toko gadai, yakni UKH
(21), DNA (20), dan SR (23). Pelaku juga sempat menyekap korban di dalam kamar
mandi.

""Kejadian pada saat dua karyawan lain akan menutup toko, ini ditodong
menggunakan senjata _airsoft gun_ oleh tersangka sehingga ini membuat takut
daripada karyawan toko, apalagi mereka semua ini perempuan,"" tuturnya.

Beruntung aksi pelaku ini dapat digagalkan. Seorang polisi yang berpatroli
kemudian melumpuhkan pelaku dengan bantuan para warga.

 _Simak selengkapnya di halaman selanjutnya._

Selanjutnya __

Halaman

1  2

 ",www.detik.com
Pembunuh Pria yang Mayatnya Ditemukan di Kebun Salak Sleman Ditangkap!,"Kamis, 16 Jun 2022 11:31 WIB","\-

Pembunuh Widodo Bowo Purnomo (49), yang mayatnya ditemukan penuh luka di
perkebunan salak daerah Turi, Sleman, ditangkap. Pelaku ternyata masih berusia
di bawah umur.

""Penyelidikan berhasil mengamankan pelaku anak di Donokerto, Turi dan saat ini
dilakukan penahanan untuk penyelidikan lebih lanjut,"" kata Wakapolres Sleman
Kompol Tony Priyanto saat rilis kasus di Mapolres Sleman, Kamis (16/6/2022).

Pelaku berinisial HH (17) warga Turi. Tony menyebut, pelaku melukai korban
menggunakan celurit, mengakibatkan korban luka-luka hingga tewas.

""Pelaku membacok korban dengan celurit hingga korban meninggal,"" jelasnya.

Kasat Reskrim Polres Sleman AKP Rony menambahkan dari hasil penyelidikan,
pelaku akhirnya bisa diamankan di rumah. Saat ini pun pelaku telah ditahan di
Polres Sleman.

""Pelaku anak ini dilakukan penangkapan di rumah yang bersangkutan,"" ujar Rony.

Selain mengamankan pelaku, polisi menyita celurit sepanjang 30 sentimeter yang
digunakan untuk menyabet korban. Selain itu, ada sejumlah pakaian, sepatu
boots dan tanaman cabai yang diamankan.

Pelaku pun terancam hukuman dalam Pasal 351 ayat 3 KUHP dengan ancaman hukuman
maksimal 7 tahun penjara. Adapun proses penanganan perkara dalam kasus ini
akan disesuaikan dengan UU Sistem Peradilan Anak.

  
  
  
[Gambas:Video 20detik]  

 ",www.detik.com
ABG Baubau Diperkosa-Dipaksa LGBT Jadi Korban Bullying di Sekolah,"Rabu, 08 Jun 2022 22:20 WIB","\-

Remaja putri inisial Y (16) di Kota Baubau, Sulawesi Tenggara (Sultra) yang
menjadi korban pemerkosaan dan dipaksa berhubungan sesama jenis alias LGBT
mulai masuk sekolah. Namun, Y justru menjadi korban _bullying_ dari teman
sekolahnya.

""Dia harus menghadapi teman-temanya yang mem- _bully_. Beberapa temannya
menyalahkan dia,"" kata keluarga Y, IN saat jumpa pers, Rabu (8/6/2022).

IN pun menyayangkan perlakuan tersebut kepada Y. Sebab, Y butuh waktu yang
cukup lama agar bisa kembali bersekolah setelah mengalami trauma berat atas
peristiwa yang dialaminya.

  

""Dia menguatkan diri sendiri untuk bersekolah. Kami dari keluarga sangat
terpukul akan hal itu,"" sesalnya.

Kuasa hukum Y, Safrin Salam mengungkapkan korban cukup tegar dengan keadaanya.
Sebab, korban tetap bersekolah hingga hari ini walaupun tetap mendapatkan
perlakuan secara verbal tersebut.

""Korban ini sekolah sejak bulan lalu sampai sekarang dan tetap mendapatkan
_bullying_ dari teman-temannya,"" bebernya.

Menurut dia, pihak sekolah terutama guru-guru tidak tahu-menahu dengan
persoalan yang dialami Y. Sehingga, Safrin meminta agar pihak-pihak terkait
terutama Pemerintah Kota Baubau bisa melakukan sosialisasi khusus dalam
penanganannya.

""Jadi UPTD PPA harus memberikan penyuluhan informasi, sosialisasi pemahaman,
bahwa anak ini tidak boleh di- _bully_ , dan itu belum dilakukan sampai
sekarang,"" ujar dia.

Seharusnya, kata dia, kisah kelam korban tidak boleh lagi diperbincangkan di
lingkungan sekolah. Sebab hal tersebut bisa membuatnya kembali mengalami
trauma.

""Treatment-nya kepada sekolah agar anak ini tidak diungkit-ungkit lagi
kasusnya. Bisa buat dia trauma, depresi, dan lainnya,"" ucap Safrin.

Sementara itu, Lembaga Perlindungan Anak Indonesia (LPAI) ikut menyoroti
terkait bullying yang menimpa korban. Setiap anak yang tertimpa kasus
kekerasan seksual akan dikategorikan dalam Anak Memerlukan Perlindungan Khusus
(AMPK).

""Semua kasus yang kami dampingi 90 persen itu selalu anak menjadi korban pasti
ada semacam _bully_ , baik secara langsung dan tidak langsung,"" kata
Koordinator Penerimaan Pelaporan Advokasi Hak Anak LPAI, Iip Syafrudin.

Iip mengungkapkan saat korban anak masuk dalam kategori AMPK, maka pemerintah
harus turut serta memberikan perhatian khusus.

""Maka harus ada treatment khusus dan intervensi yang dilakukan seperti
tindakan diberikan pelayanan, kordinasi stakeholder di lingkungan dan sekolah.
Sehingga tidak terjadi lagi pelanggaran hak anak,"" bebernya.

Untuk diketahui, kasus Y terungkap menjadi korban pemerkosaan hingga dipaksa
melakukan hubungan sesama jenis dengan seorang wanita inisial A. Korban Y
ternyata sudah 2 tahun diperkosa karena pelaku inisial IR kerap menggunakan
rekaman video asusila untuk mengancam korban.

""Selama 2 tahun korban Y ini menjadi pemuas seksual pelaku. Pelaku juga
memaksa korban membuat video hubungan sesama jenis hingga viral,"" kata Kuasa
Hukum Y, Safrin Salam kepada , Kamis (28/4).

Terduga pelaku IR disebut sejak awal diam-diam merekam video saat memperkosa
korban pada tahun 2020. Berbekal video pemerkosaan, IR sejak dua tahun
terakhir selalu berhasil memperkosa korban dan setiap pemerkosaan IR selalu
membuat rekaman video baru yang lagi-lagi untuk bahan ancaman.

""Karena di awal pelaku dan korban sudah melakukan hubungan badan yang direkam
oleh pelaku maka itulah yang menjadi alat buat ancam korban,"" papar dia.

Safrin mengungkapkan korban tidak bisa berbuat banyak karena benar-benar takut
video pemerkosaan itu disebar pelaku IR. Korban mengatakan, pelaku IR akhirnya
selalu memperkosa korban setiap bulan.

""Informasi dari korban dalam 1 bulan 1 kali (melakukan hubungan badan dengan
pelaku),"" ujarnya.

  
  
  
[Gambas:Video 20detik]  

 ",www.detik.com
Maling Motor di Semampir Surabaya Ini Nyaris Tewas Dimassa Saat Gagal Beraksi,"Senin, 28 Mar 2022 16:03 WIB","\-

Seorang maling motor di Semampir, Surabaya nyaris tewas diamuk massa.
Beruntung, pelaku berhasil diamankan polisi yang tengah patroli.

Pelaku adalah Hobairi (29) warga Desa Palenggihaan, Kedundung, Sampang,
Madura. Ia nyaris tewas saat tertangkap basah mencuri motor di Jalan Sukodono
II

Kapolsek Semampir Surabaya, Kompol Ari Bayuaji mengatakan aksi pencurian motor
terjadi pada Minggu (28/3/2022). Menurut Ari, pelaku melakukan pencurian motor
seorang diri.

""Dia beraksi sendirian,"" ujar Ari kepada detikJatim Senin (28/3/2022).

Ari menuturkan saat beraksi pelaku sebenarnya juga tengah mengendarai motornya
sendiri. Saat itu, ia tengah berputar-putar mencari target motor yang akan
dicurinya.

Saat tiba di Jalan Sukodono II, pelaku kemudian melihat sebuah motor matik
yang tengah terparkir di depan rumah. Melihat hal ini, pelaku lalu memarkir
kendaraannya lalu mendatangi motor korban.

Nah, saat akan merusak rumah kunci motor korban, rupanya aksi pelaku diketahui
dan diteriaki maling warga. Pelaku kemudian kabur namun berhasil ditangkap
warga.

Tak pelak pelaku akhirnya menjadi bulan-bulanan warga. Tak hanya pelaku, motor
milik korban yang diparkir juga menjadi sasaran amarah warga. Beruntung saat
itu petugas dari Polsek Semampir melintas dan langsung mengamankan dari amukan
massa.

""Pelaku langsung kami amankan saat anggota berpatroli di kawasan tersebut,""
tutur Ari.

Tak hanya pelaku, lanjut Ari, petugas juga mengamankan dua motor milik pelaku
dan korban yang hendak dicuri. Sejumlah kunci T dan tas milik pelaku juga
turut disita sebagai barang bukti.

""Untuk sementara, pelaku dan barang bukti kami amankan Mapolsek Semampir. Ini
untuk pengembangan lebih lanjut,"" tandas Ari.

  
  
  
[Gambas:Video 20detik]  

 ",www.detik.com
Polisi: Massa HMI Demo Depan Istana Bawa Bensin-Tak Ada Pemberitahuan,"Jumat, 22 Apr 2022 23:31 WIB","\-

Polisi menyatakan demo massa Himpunan Mahasiswa Indonesia (HMI) di depan
Istana Negara, Jakarta Pusat, tidak ada pemberitahuan. Demo ini berujung
penangkapan 3 orang kader HMI oleh aparat kepolisian.

""Massa HMI menggelar unjuk rasa di depan istana tanpa ada pemberitahuan, ini
pelanggaran,"" ujar Kasat Reskrim Polres Metro Jakarta Pusat AKBP Wisnu Wardana
saat dihubungi wartawan, Jumat (22/4/2022).

Wisnu mengatakan ada sekitar 20 orang kader HMI yang demo di depan istana,
Jumat (22/4) sore tadi. Massa HMI demo memprotes penangkapan salah satu
kadernya, Muhammad Fikry, yang kini didakwa atas kasus begal di Kabupaten
Bekasi.

Wisnu menjelaskan, sesuai dengan ketentuan Undang-Undang Nomor 9 Tahun 1998
tentang Kebebasan Penyampaian Pendapat di Muka Umum, demonstrasi tidak boleh
dilakukan di objek vital nasional, yang mana istana adalah termasuk salah
satunya.

""Kemudian, massa juga membawa bensin dan ban, sudah dituangkan bensinnya di
atas ban,"" katanya.

Polisi kemudian mengimbau massa untuk membubarkan diri. Namun massa HMI
disebut tidak mengindahkan imbauan petugas.

""Saat diimbau untuk membubarkan diri tidak ditaati dan justru melawan
petugas,"" katanya.

Maka kemudian polisi menangkap 3 orang kader HMI. Ketiganya saat ini masih
diperiksa di Polres Metro Jakarta Pusat.

Wisnu kemudian berbicara pentingnya memberikan pemberitahuan aksi ke pihak
kepolisian, selambatnya H-3 sebelum menggelar unjuk rasa.

""Karena selama ini banyak elemen-elemen yang menyampaikan pendapat di muka
umum tanpa pemberitahuan, akhirnya terjadi kegiatan-kegiatan yang anarkis
karena tidak jelas pemimpinnya, massa dari mana, lokasi di mana, karena tidak
ada pemberitahuan ke polisi,"" bebernya.

""Karena dengan pemberitahuan itu sebenarnya fungsinya agar polisi bisa
memberikan pengamanan pelayanan, disiapkan jumlah pasukan dan lain
sebagainya,"" sambungnya.

 _Baca di halaman selanjutnya: penjelasan HMI soal penangkapan 3 orang
kadernya._

Selanjutnya __

Halaman

1  2

 ",www.detik.com
Gadis Keterbelakangan Mental di Bulukumba Diperkosa Paman-Hamil 6 Bulan,"Kamis, 31 Mar 2022 21:50 WIB","\-

Seorang anak keterbelakangan mental di Bulukumba, Sulawesi Selatan (Sulsel)
diperkosa pamannya hingga hamil enam bulan. Pelaku kini dinyatakan buron oleh
polisi.

""Ini pelaku kabur makanya sementara dicari. Kalau korban sudah hamil 6 bulan,""
ungkap Kanit PPA Polres Bulukumba Aipda Subhan kepada , Kamis (31/3/2022).

Subhan mengatakan, korban adalah gadis keterbelakangan mental. Korban awalnya
kerap dijemput dan diantar pelaku ke rumah neneknya.

  

""Ini anak tinggal sama orang tuanya. Setiap orang tuanya pergi ke kebun, ini
anak dititip di rumah neneknya,"" kata Subhan.

""Om-nya ini yang jemput itu antara dari rumahnya ke rumahnya neneknya. Ini kan
Om-nya tinggal sama neneknya,"" sambung Subhan.

Menurut Subhan, kasus ini awalnya ditangani pihak pemerintah desa setempat di
wilayah Kecamatan Rilau Ale. Selanjutnya pelaku dihukum adat agar meninggalkan
desanya.

""Ini pelaku mau direncana mau dikasih menikah sana korban, cuma nggak bisa
karena saudara kandung bapaknya. Artinya sama halnya saudara sepersusuan kan
jadi diharamkan menikah, akhirnya laki-lakinya dihukum adat pergi tinggalkan
kampung,"" kata Subhan.

Pelaku awalnya hanya pergi ke kawasan Bulukumba kota. Namun belakangan orang
tua korban melapor ke polisi pada pekan lalu.

""Mungkin ini pelaku bahwa dia dilaporkan, makanya kabur dia,"" tutur Subhan.

Hingga kini, pelaku pemerkosaan terus diburu polisi. Subhan mengatakan
pihaknya masih menyelidiki keberadaan pelaku.

  
  
  
[Gambas:Video 20detik]  

 ",www.detik.com
Polisi Tangkap 2 Pelaku Curanmor yang Ngaku Jadi Mata Elang di Tangerang,"Minggu, 05 Jun 2022 13:29 WIB","\-

Dua pelaku pencurian kendaraan bermotor (curanmor) jenis sepeda motor di
Tangerang berinisial BAN (28) dan AT (26) ditangkap polisi. Keduanya mengaku
sebagai _debt collector_ atau mata elang saat beraksi.

""Pelaku mengaku dari pihak _leasing_ Adira, karena korban telat angsuran
selama 2 bulan, selanjutnya memberhentikannya,"" kata Kapolres Metro Tangerang
Kota Kombes Zain Dwi Nugroho dalam keterangannya, Minggu (5/6/2022).

Zain menyebut kedua pelaku menghentikan paksa korbannya di tengah jalan.
Sepeda motor yang kala itu sedang dikendarai korban diangkut pelaku.

Korban lalu diminta kedua pelaku mendatangi sebuah kantor _leasing_ di wilayah
Kabupaten Bogor. Namun, sesampai di sana, korban merasa telah ditipu.

""Korban diturunkan di tengah jalan, sementara pelaku membawa motor dan
menyuruh korban menebus motor miliknya di kantor cabang Adira Leuwiliang.
Korban langsung mendatangi Polres Metro Tangerang Kota untuk membuat laporan
polisi guna pengusutan lebih lanjut,"" tutur Zain.

Kedua pelaku ditangkap pada Jumat (3/6). Zain mengatakan aksi keduanya
menggunakan modus menuduh korban menunggak cicilan kendaraan.

""Kemudian anggota bergerak ke lokasi kejadian, hingga akhirnya kami dapat
mengamankan pelaku berikut barang bukti. Jadi modusnya mereka ini menuduh
korban menunggak angsuran motor,"" papar Zain.

Zain mengatakan masih ada pelaku lain yang diduga ikut terlibat dalam kasus
tersebut. Pihaknya akan melakukan pendalaman lebih lanjut.

""Kami akan terus dalami kasus ini. Pelaku lain sudah kami identifikasi. Kami
minta segera menyerahkan diri,"" pungkasnya.

 ",www.detik.com
"Pelaku Curanmor yang Tembak Polisi di Tangerang Ditangkap, 1 Diburu","Kamis, 17 Feb 2022 08:15 WIB","\-

Polisi berhasil menangkap satu dari dua pelaku pencurian kendaraan bermotor
(curanmor) yang menembak anggota Polsek Tangerang berinisial AD. Pelaku
dilumpuhkan dengan timah panas karena melakukan perlawanan.

Kapolres Metro Tangerang Kombes Komarudin menyebutkan kedua pelaku mencoba
melarikan diri. Saat hendak ditangkap, pelaku menyerang AD menggunakan senjata
api.

""Jadi, pada saat ingin melakukan penangkapan terhadap orang yang diduga
melakukan kejahatan curanmor, jadi ada dua pelaku yang satu berhasil melarikan
diri. Yang satu lagi diberi tindakan tegas,"" kata Komarudin saat dihubungi ,
Kamis (17/2/2022).

Komarudin mengatakan anggota kepolisian terkena tembakan saat hendak menangkap
kedua pelaku ini. Polisi berinisial AD mengalami luka tembak di bagian
pinggang.

""Pada saat diberi tindakan tegas itu, karena menyerang anggota kita yang saat
ini kena serempetan (peluru) itu,"" sambungnya.

Komarudin juga menyebutkan pelaku sempat menghantam muka anggota kepolisian
dengan batu. Petugas akhirnya memberikan tindakan tegas dengan melumpuhkan
salah satu pelaku curanmor itu, sedangkan satu pelaku lainnya melarikan diri.

""Sebenarnya dua-duanya sudah tertangkap. Pada saat tertangkap itu, dia sempat
jongkok, kemudian menghantam muka anggota dengan batu,"" ujar Komarudin.

""Dia berhasil melarikan diri. Jadi dua-duanya melakukan penyerangan, yang satu
bisa dilumpuhkan, yang satu berhasil melarikan diri,"" sambungnya.

Komarudin mengatakan peluru yang ditembakkan oleh pelaku mengenai pinggang AD.
Saat ini AD masih dirawat.

""Kena badannya, pinggangnya. Masih kita berikan istirahat sebentar,"" ujar
Komarudin

Sementara itu, pelaku yang sempat dilumpuhkan oleh anggota kepolisian
meninggal di rumah sakit. Sedangkan pelaku lainnya melarikan diri.

""Belum tertangkap (pelaku kedua) dan itu pun sudah sempat melukai anggota, ya,
menghantam anggota dengan batu,"" tambahnya.

[Gambas:Video 20detik]

 ",www.detik.com
Tersangka Curanmor di Tabanan Bebas Lewat Restorative Justice,"Rabu, 13 Apr 2022 18:01 WIB","\-

Tersangka kasus pencurian motor (curanmor) I Wayan Suarsa (55) lepas dari
jerat hukuman.

Ia dibebaskan dari Lapas Kelas II B Tabanan, tempatnya menjalani penahanan
sementara pada Rabu (13/4/2022).

Bebasnya Suarsa bukan tanpa sebab. Perkaranya yang ditangani melalui
_restorative justice_ oleh jaksa fasilitator Kejaksaan Negeri (Kejari) Tabanan
berujung damai dengan korbannya, I Wayan Nursada (63).

  

Hasil dari proses itu dikuatkan dengan surat ketetapan penghentian penuntutan
berdasarkan keadilan restoratif yang dikeluarkan Kepala Kejaksaan Negeri
(Kajari) Tabanan Ni Made Herawati pada Selasa (12/4/2022).

""Mengeluarkan tersangka I Wayan Suarsa dari sel tahanan Lapas Kelas II B
Tabanan untuk kembali dan memulihkan keadaan semula berkumpul dengan keluarga
serta masyarakat,"" ujar Herawati.

Ia menjelaskan, ketetapan penghentian penuntutan ini mengacu pada surat
penghentian penuntutan RJ-13 Kajati Bali.

Selain itu, proses fasilitasi juga telah dilakukan sejak 4 April 2022 lalu di
Balai Pertemuan _Restorative Justice_ Kecamatan Pupuan. Kebetulan tersangka,
korban, dan tempat kejadian perkara berada di wilayah tersebut.

""Di tahap ini, jaksa fasilitator memanggil para pihak yang hadir dalam
musyawarah _restorative justice_ dan menandatangani kesepakatan perdamaian
tanpa syarat,"" jelasnya.

Selanjutnya pada Senin (11/4/2022) Kajari Tabanan didampingi Kasi Pidum dan
jaksa yang menangani perkara melakukan ekspos perkara secara virtual di depan
Jaksa Agung Muda Tindak Pidana Umum (Jampidum) dan Kepala Kejaksaan Tinggi
(Kajati) Bali.

""Untuk proses serah terima tersangka dan barang buktinya dari Polsek Pupuan
berlangsung pada 1 April 2022,"" imbuh Kepala Seksi Intelijen Kejari Tabanan I
Gusti Anom Sukawinata menimpali.

Tersangka kasus pencurian sepeda motor (curanmor) I Wayan Suarsa akhirnya
bebas pada Rabu (13/4/2022).

Perkara pencurian yang membelitnya tidak sampai berlanjut ke persidangan. Itu
setelah korbannya I Wayan Nursada (63) memberikan maaf.

Proses damai tersebut dilalui setelah perkara ini ditangani melalui pendekatan
_restorative justice._

Lewat musyawarah yang melibatkan tokoh masyarakat, tersangka dan korban
memilih damai.

Suarsa yang kemarin sudah bisa pulang ke rumahnya bahkan menangis sesenggukan
menyampaikan rasa syukur dan terima kasih kepada korbannya.

Begitu juga kepada pihak kejaksaan yang telah memfasilitasi proses yang harus
ia lalui.

""Saya janji tidak akan mengulangi lagi,"" kata Suarsa sambil sujud.

Perkara yang menjerat Suarsa sampai diancam dengan hukuman sesuai ketentuan
Pasal 362 KUHP terjadi pada 30 Januari 2022 lalu.

Saat itu, dia membawa kabur motor milik Nursada yang diparkir di areal kebun
kopi milik Sekaa (Kelompok) 88.

Ia dengan mudah membawa kabur motor itu karena kuncinya masih nyantol.

Motor itu kemudian diganti dengan plat lain untuk dipakai sehari-hari.

Akibat perbuatannya itu, korban yang mengalami kerugian sekitar Rp 8 juta.

Tidak lama setelah kejadian itu, Suarsa akhirnya ditangkap petugas Polsek
Pupuan.

Praktik restorative justice yang diterapkan Kejaksaan Negeri (Kejari) Tabanan
telah dilakukan terhadap dua perkara.

Selain kasus pencurian sepeda motor (curanmor) dengan tersangka I Wayan Suarsa
(55), ada satu perkara lainnya yang juga ditangani dengan pendekatan ini.
Yakni perkara pidana kecelakaan lalu lintas.

Namun untuk perkara pidana kecelakaan lalu lintas tersebut tidak berakhir
dengan damai. Meskipun sudah diupayakan melalui musyawarah yang dilakukan
jaksa fasilitator.

""Yang satu lagi (perkara pidana kecelakaan lalu lintas) tidak tercapai
(damai),"" jelas Kepala Seksi Pidana Umum Kejari Tabanan I Dewa Gede Putra
Awatara saat mendampingi Kepala Kejaksaan Negeri (Kajari) Tabanan Ni Made
Herawati, Rabu (13/4/2022).

Ia menjelaskan penanganan perkara seperti ini didasari pada Peraturan Jaksa
Agung Nomor 15 Tahun 2020 Tentang Penghentian Penuntutan Berdasarkan Keadilan
Restoratif juncto Surat Edara Jaksa Agung Nomor : 01/ E/ EJP/ 02/ 2022 Tentang
Pelaksanaan Penghentian Penuntutan Berdasarkan Keadilan sebagaimana disebutkan
dalam Pasal 5.

Adapun syarat penyelesaian perkara melalui restorative justice antara lain
tersangkanya baru pertama kali melakukan tindak pidana.

Ancamannya berupa pidana denda atau pidana penjara tidak lebih dari lima
tahun.

Selain itu, tindak pidana pidana yang dilakukan dengan nilai barang bukti atau
nilai kerugian yang ditimbulkan akibat tindak pidana tersebut lebih kurang
dari Rp 2.500.000 sesuai Surat Edaran Nomor: 01/E/EJP/02/2022 Tentang
Pelaksanaan Penghentian Penuntutan Berdasarkan Keadilan Restoratif.

""Yang pasti kita pilah-pilah dulu. Mana yang memenuhi kualifikasi syarat
penanganan perkara RJ ( _restorative justice_ ),"" imbuh Awatara.

Selain itu, penyelesaian perkara seperti ini baru bisa diterapkan pada pidana
umum saja.

""Kalau pidsus (pidana khusus) masih dalam kajian mendalam dari pimpinan,""
pungkasnya. ()

  
  
  
[Gambas:Video 20detik]  

 ",www.detik.com
"Kocak! Maling di Klaten Gagal Bobol Warung, Malah Tinggalkan KTP-SIM","Minggu, 08 Mei  2022 11:51 WIB","\-

Aksi pencurian di sebuah warung di jalan Srowot- Wedi, Jogonalan, Klaten, Jawa
Tengah gagal setelah kerpergok warga. Polisi menemukan sepeda motor diduga
milik pelaku di lokasi lengkap dengan identitas KTP dan SIM-nya.

Aksi kocak tersebut viral setelah diunggah di grup Facebook ISK Info Seputar
Klaten, Minggu (8/5) pagi. "" _Maling jl wedi srowot, udah d amankan kapolsek
jogonalan, barang bukti motor, linggis ktp SIM ATM buku tabungan_ ,"" tulis
akun Bagus seperti dikutip Minggu (8/5/2022).

Postingan tersebut menyertakan satu unit foto sepeda motor. Tampak sepeda
motor tersebut joknya terbuka dan terlihat ada sebatang linggis kecil yang
biasa digunakan untuk mencongkel.

Kasi Humas Polres Klaten Iptu Abdillah membenarkan ada laporan kejadian dugaan
tindak pidana percobaan pencurian itu. Abdillah menyebut tempat kejadian di
Warung Sate Sapi Desa Ngering, Kecamatan Jogonalan.

""Kejadiannya di Warung Sate Sapi Desa Ngering, Kecamatan Jogonalan Sabtu (7/5)
malam. Sekira pukul 23.30 WIB saat saksi Marsono sedang bekerja sebagai
penjaga malam di warung mendengar suara berisik dari dapur,"" papar Abdillah
pada detikJateng siang ini.

Saksi yang curiga kemudian mengecek sumber suara berisik tersebut. ""Saksi
mendapati orang tidak dikenal berada di dalam warung sedang berusaha merusak
kunci gembok pintu dapur,"" sambung Abdillah.

Melihat itu, saksi refleks berteriak dan membuat pelaku lari tunggang langgang
dan melompat jendela warung. Pelaku yang hendak kabur dengan sepeda motornya
itu, kemudian sempat ditanya warga.  
  
""Seseorang itu didekati dan ditanya keperluannya. Saat ditanya, orang tersebut
malah lari meninggalkan sepeda motor matiknya di lokasi,"" imbuh Abdillah.

Usai kejadian, lanjut Abdillah, saksi menelepon pemilik warung dan melaporkan
kejadian tersebut ke polsek. Polisi yang mengecek lokasi menemukan barang
bukti.

""Barang bukti yang diamankan satu unit sepeda motor metik, linggis besi
panjang 30 sentimeter, kunci gembok rusak dan sebuah tas. Pelaku dalam lidik,""
pungkas Abdillah.

  
  
  
[Gambas:Video 20detik]  

 ",www.detik.com
7 Fakta Perampok Viral Bikin Polisi Dicopot Gegara 'Tolak Laporan',"Selasa, 28 Des 2021 07:24 WIB","\-

Perampokan terhadap Meta Kumalasari di Pulogadung, Jakarta Timur sempat
membuat geger. Kasus perampokan ini menjadi sorotan publik setelah viral
curhatan korban yang 'ditolak' polisi saat melaporkan kasus itu ke polisi.

Polda Metro Jaya saat itu menegaskan bahwa laporan korban diterima dan
ditindaklanjuti. Polisi mengejar pelaku perampokan tersebut.

Di sisi lain, Aipda Rudi Panjaitan, polisi yang 'menolak' laporan telah
diproses secara kode etik. Rudi mendapat sanksi mutasi demosi dipindah ke luar
Polda Metro Jaya karena dinilai tidak berperilaku terpuji.

Polisi tidak berhenti sampai situ saja. Tugas pokok yakni menangkap pelaku
juga terus dilakukan, hingga akhirnya tiga orang ditangkap polisi.

Kasus perampokan ini terjadi pada Selasa (7/12) di Pulogadung, Jakarta Timur.
Para pelaku saat itu berhasil menggasak tas milik korban yang berisi uang
senilai Rp 7 juta dan sejumlah ATM.

##  
Tiga Pelaku Ditangkap

Kabid Humas Polda Metro Jaya Kombes Endra Zulpan mengungkapkan bahwa pelaku
berjumlah lima orang. Namun, polisi baru menangkap tiga pelaku di antaranya.

""Hasil penyelidikan dan pengungkapan kasus yang dilakukan Polda Metro Jaya
berhasil menangkap tiga orang pelaku. Pelaku sebenarnya ada lima orang, tapi
baru tiga orang yang kita tangkap,"" kata Zulpan di Mapolda Metro Jaya,
Jakarta, Senin (27/12).

Ketiga pelaku itu berinisial BI (31), AAM (40), dan MW (43). Ketiganya
ditangkap oleh tim gabungan Subdit Resmob dan Subdit Jatanras Ditreskrimum
Polda Metro Jaya di bawah pimpinan AKBP Handik Zusen dan AKBP Awaludin, di
Johar Baru, Jakpus, pada Selasa (21/12) dan Rabu (22/12).

## Dua Pelaku Buron

Sementara dua pelaku lainnya masih buron. Kedua pelaku sudah diketahui polisi
keberadaannya.

""Dua orang DPO masih kita lakukan pengejaran. Kita sudah ketahui lokasinya
mudah-mudahan dalam waktu tidak lama kita berhasil tangkap,"" ujar Zulpan.

  
 _Simak di halaman selanjutnya: modus operandi pelaku._

 __

[Gambas:Video 20detik]

  
  
 __

Selanjutnya __

Halaman

1  2  3

 ",www.detik.com
"Pura-pura Ajak COD, Pria di Depok Bawa Kabur Motor Sport Saat Test Drive","Kamis, 16 Des 2021 15:41 WIB","\-

Seorang pria berinisial DAP alias J (18) ditangkap polisi setelah membawa
kabur sepeda motor sport milik korban. J membawa kabur motor dengan modus
_test drive_ setelah berpura-pura mengajak korban untuk transaksi _cash on
delivery_(COD).

""Kasus dengan modus pembelian sepeda motor dengan cara COD. Kemudian setelah
mendapatkan motor tersebut tersangka mencoba untuk beralasan untuk _test
drive_ ,"" kata Kasat Reskrim Polresta Depok AKBP Yogen Heros Baruno di Polres
Metro Depok, Kamis (16/12/2021).

Pada Jumat (10/12), korban dan J bertemu di suatu tempat. J kemudian meminta
korban untuk _test drive_ , tapi tidak kembali setelah itu.

""Pada saat _test drive_ tersangka melarikan motor tersebut. Kemudian korban
mengetahui bahwa motornya telah dilarikan kemudian bekerjasama dengan kita.
Terdeteksi motor ada di Fatmawati, Jakarta Selatan,"" jelas Yogen.

Yogen juga menjelaskan motif J melakukan aksi itu karena faktor ekonomi dan
ingin menguasai motor korban. Sebelumnya, J sepakat membeli motor itu seharga
Rp 24,7 juta.

""Ekonomi jadi memang sudah ingin menguasai dari motor tersebut. Harganya Rp
24,7 juta. Motornya Yamaha BK6-R, motor sport ya,"" imbuh Yogen.

J kini telah ditahan polisi. J dijerat dengan Pasal 378 KUHP tentang penipuan.

 ",www.detik.com
Salah Satu Tersangka Begal Amaq Sinta Ngaku Hanya Ikut-ikutan,"Jumat, 29 Apr 2022 09:31 WIB","\-

Salah satu tersangka kasus begal dengan korban Amaq Sinta, H, mengaku hanya
ikut ikutan. Kepada polisi, ia mengaku tidak ikut serta dalam perencanaan aksi
begal itu.

Lembaga Perlindungan Anak Indonesia (LPAI) Lombok Tengah yang mendampingi
proses hukum H, membeberkan peran tersangka inisial H (17) dalam kasus
tersebut. Berdasarkan hasil berita acara pemeriksaan (BAP) yang dilakukan
pihak kepolisian, terungkap bahwa tersangka H hanya ikut-ikutan dan tidak ikut
merencanakan aksi itu.

Hal pokok yang diterangkan anak yaitu, anak tidak terlibat dalam perencanaan
begal tapi semata diajak oleh pelaku lainnya. Anak tidak membawa senjata dan
tidak melakukan penyerangan terhadap Amaq Sinta. Melainkan hanya mengendarai
sepeda motor berboncengan dengan Tersangka W,"" terang kuasa hukum H, Yan
Mangandar Putra, Jumat (29/4/2022).

  

Pengakuan tersebut secara konsisten disampaikan tersangka H kepada penyidik
pembantu Ditreskrimum Polda NTB dalam dua kali BAP tambahan. BAP tambahan
pertama kali dilakukan pada tanggal 19 April 2022 dengan 23 pertanyaan. BAP
tambahan itu tersangka H ditanyai seputar perannya dalam kasus yang heboh
tersebut.

""Dalam BAP tambahan, anak ditanyai 23 pertanyaan oleh penyidik pembantu
Ditreskrimum Polda NTB,"" ujarnya.

BAP tambahan kedua dilakukan pada Kamis (28/4) kemarin atau setelah berkas
perkara H diserahkan ke Kejaksaan Tinggi NTB oleh Ditreskrimum Polda NTB pada
22 April 2022 lalu untuk diteliti.

""Atas petunjuk dari jaksa peneliti, dilakukan BAP tambahan kedua pada Kamis
kemarin. Anak ditanyai 10 pertanyaan yang pokoknya mempertajam sejauh mana
keterlibatan anak dalam perencanaan dan peran anak saat kejadian. Secara
konsisten anak menerangkan tidak terlibat dalam perencanan, dan perannya saat
kejadian hanya mengendari sepeda motor berboncengan dengan tersangka W,"" tegas
Yan Mangandar.

Berdasarkan fakta-fakta dan hasil BAP tersebut, LPAI Lombok Tengah akan terus
melakukan pendampingan tersangka H dan akan berupaya untuk membela hak anak.

""Tim pengacara akan berupaya membela anak agar proses hukum berjalan
sebagaimana mestinya dan memastikan anak dihukum sesuai dengan perbuatannya
dan mempertimbangkan kepentingan yang terbaik bagi anak yang merupakan
generasi masa depan,"" tuturnya.

Untuk diketahui, berdasarkan ketentuan undang-undang sistem peradilan pidana
anak (SPPA), hukuman bagi anak dapat berupa tindakan dan pidana dari pidana
peringatan, pidana dengan syarat, pelatihan kerja, pembinaan dalam lembaga
hingga pidana penjara paling lama 10 tahun.

Diberitakan sebelumnya bahwa seorang pria NTB Amaq Sinta menjadi korban
pembegalan oleh 4 orang pada Minggu (11/4/2022). Amaq Sinta yang mencoba
membela diri, akhirnya melumpuhkan dua pelaku begal dengan pisau yang
dibawanya. Dua begal akhirnya tewas, sementara dua lainnya melarikan diri dari
TKP atas nama W dan H.

Kasus begal dengan korban Amaq Sinta ini sempat menjadi sorotan karena
keputusan penyidik Polres Lombok Tengah yang justru menetapkan Amaq Sinta yang
merupakan korban begal sebagai tersangka pembunuhan. Itu karena saat
menghadapi begal begal tersebut, Amaq Sinta melakukan pembelaan diri dengan
pisau yang dibawanya hingga menewaskan dua dari empat orang begal.

Namun Polda NTB yang mengambil alih kasus itu akhirnya memutuskan menghentikan
penyidikan atas kasus Amaq Sinta sebagai tersangka pembunuhan. Kini Amaq Sinta
sudah tidak lagi menyandang status tersangka. Namun petani asal Lombok Tengah
itu masih harus berurusan dengan polisi sebagai saksi korban atas kasus
pembegalan itu. Salah satu pelaku begal itu ternyata H, seorang anak yang
masih berusia 17 tahun.

  
  
  
[Gambas:Video 20detik]  

 ",www.detik.com
"Pembunuh-Remas Jantung Waria Minahasa Sehat Mental, Polisi Siap Rekonstruksi","Senin, 16 Mei  2022 04:58 WIB","\-

Tes kejiwaan pria inisial RK (31), pelaku pembunuhan sadis waria inisial HM
(49) di Minahasa, Sulawesi Utara (Sulut) sudah keluar dan dinyatakan sehat.
Proses hukum TK kemudian akan dilanjutkan ke tahap rekonstruksi.

""Tadi, jam 2 (pemeriksaan kejiwaan pelaku),"" kata Kanit Satu Pidum Polres
Minahasa Aipda Endro Purnomo kepada , Minggu (15/5/2022).  
  
Endro menuturkan pemeriksaan terhadap RK berlangsung selama dua jam. Dari
pemeriksaan tersebut, pelaku dipastikan melakukan perbuatannya dalam kondisi
sadar.

""Pada intinya tidak ada gangguan. Tidak ada gangguan mental, yah baguslah.
Jadi dia dalam keadaan sadar,"" ujarnya.

  

Endro menyatakan kelanjutan proses hukum terhadap pelaku pembunuh sadis ini
terus berlanjut. Kini pihaknya masih merampungkan sejumlah dokumen untuk
kemudian ditindaklanjuti ke kejaksaan.

""Proses berlanjut. Kita tinggal rekonstruksi, baru pemberkasan lengkapi.
Tinggal pemberkasan dan lanjut ke kejaksaan,"" katanya.

Rekonstruksi di tempat kejadian perkara pun akan dilakukan. Polisi
menjadwalkan rekonstruksi dilakukan pada Selasa (17/5).

""Hari Selasa, kita rekonstruksi hari Selasa di TKP,"" bebernya.

Diberitakan sebelumnya, waria berinisial HM (49) di Minahasa dibunuh secara
sadis menggunakan martil, gunting hingga pisau. Pelaku merupakan rekan korban
berinisial RK (31) yang kini sudah ditangkap polisi.

Pelaku dan korban awalnya pergi ke Desa Passo, Minahasa untuk melakukan
dekorasi pesta pernikahan. Setelah menyelesaikan pekerjaannya, korban dan
pelaku sempat sama-sama pergi ke Kota Tomohon untuk membeli obat batuk cair.
Keduanya membeli sebanyak 4 dos berisi obat cair kemasan saset.

""Pada saat itu, korban memberikan uang kepada pelaku sebanyak Rp 250 ribu dan
pelaku pergi membelinya sebanyak 4 dos,"" kata Kapolres Minahasa AKBP Tommy
Bambang Souissa saat dikonfirmasi , Jumat (30/4).

Dari Kota Tomohon, korban dan pelaku kembali ke Kelurahan Wawalintouan,
Kecamatan Tondano Barat, Kabupaten Minahasa. Selanjutnya korban masuk ke kamar
untuk tidur sementara pelaku duduk sambil mengkonsumsi obat batuk cair
tersebut sebanyak 20 saset.  
  
Tak lama kemudian, pelaku lagi-lagi membeli dan mengkonsumsi dengan jumlah
yang sama. Setelah itu pelaku lantas melakukan penganiayaan menggunakan
martil.  
  
""Sekitar pukul 05.30 Wita pelaku menuju ke dapur untuk mengambil martil yang
berada di lemari dapur. Setelah itu pelaku kembali ke kamar dan duduk di atas
tempat tidur di samping korban dan langsung memukul korban dengan martil di
bagian kepala berkali-kali,"" kata Tommy.

  
  
  
[Gambas:Video 20detik]  

 ",www.detik.com
Diduga Pasangan Kekasih Terekam CCTV Curi Motor di SPBU Kota Probolinggo,"Rabu, 12 Jan 2022 22:40 WIB","\- Aksi pencurian motor di Probolinggo yang terekam kamera CCTV kembali
terjadi pada Selasa (11/1). Kali ini pelaku melakukan aksinya di SPBU di Jalan
Raya KJ Hasan Genggong, Kota Probolinggo.

Dalam rekaman CCTV, diketahui pelaku terdiri 2 orang yakni seorang pria
berkaos merah dan perempuan berkerudung merah yang tengah berpura-pura membeli
bahan bakar di SPBU. Kedua pelaku ke ke SPBU dengan berboncengan mengendarai
sebuah motor.

Sesampai di SPBU, mereka kemudian berbagi tugas. Pelaku perempuan tampak
berpura-pura membeli bahan bakar dan mengamati situasi. Sedangkan pelaku pria
turun berpura-pura ke toilet dan mencari serta mengambil motor yang diparkir
di SPBU hanya dalam waktu sekitar 15 menit.

![pencurian motor di
probolinggo](https://akcdn.detik.net.id/community/media/visual/2022/01/12/pencurian-
motor-di-probolinggo_169.jpeg?w=620)Lokasi pencurian motor (Foto: M Rofiq)  
  
---  
  
Hadi Purwanto, pengawas SPBU mengatakan motor yang dicuri merupakan milik
seorang karyawan bernama Wiji Aristian warga Kelurahan Sukoharjo, Kecamatan
Kanigaran, Kota Probolinggo.

""Motor milik karyawan SPBU yang hilang saat bekerja, motor matic Scoppy yang
hilang dibawa pelaku yang diduga kuat pasangan kekasih ini,"" tutur Hadi kepada
detikcom, Rabu (12/1/2022).

Hadi menambahkan, kejadian itu juga telah dilaporkan ke polisi. Ia berharap,
polisi bisa segera menangkap kedua pelaku tersebut dengan berdasarkan rekaman
CCTV.

""Berharap pelaku segera ditangkap oleh pihak kepolisian setempat, karena
kasihan korban mendapatkan motor dengan kerja keras dan menabung, dan akhirnya
motor diambil pencuri,"" ujar Hadi.

Sementara itu, Irzam, salah satu karyawan SPBU menuturkan, aksi pencurian
motor itu merupakan pertama kalinya di tempat kerjanya. Menurutnya, motor
rekannya itu tipe Honda Scoopy nopol N 3959 SS. Di dalam motor tersebut juga
terdapat uang tunai sebesar Rp 500 ribu dan sebuah handphone.

""Baru kali ini di SPBU kehilangan motor dan berharap segera ditangkap
pelakunya oleh pihak berwajib,"" tandas Irzam.

 ",www.detik.com
"Komplotan Pengutil Toko Swalayan Dibekuk, Beraksi Lintas Provinsi","Jumat, 20 Mei  2022 12:24 WIB","\-

Polisi meringkus 9 pengutil spesialis toko swalayan lintas provinsi di
Kabupaten Bantul, Daerah Istimewa Yogyakarta (DIY). Dalam aksinya, mereka
berbagi tugas dan memindahkan barang curian non makanan minuman dari keranjang
belanja ke dalam tas selempang lalu keluar dari swalayan.

Kasat Reskrim Polres Bantul AKP Archye Nevadha menjelaskan, penangkapan
sindikat ini bermula saat petugas counter di salah satu toko swalayan
Kalurahan Ngestiharjo, Kapanewon Kasihan, Bantul mendapati kejanggalan saat
menghitung ketersediaan barang Sabtu (14/5). Setelah melakukan pengecekan
rekaman CCTV, ternyata ada 7 orang yang kedapatan mengutil beberapa barang di
swalayan tersebut.

""Setelah cek CCTV, hasilnya ada beberapa pelaku yang melakukan pencurian
dengan pemberatan. Selanjutnya pihak swalayan lapor dan langsung kami tindak
lanjuti,"" katanya saat jumpa pers di Mapolres Bantul, Jumat (20/5/2022).

Dari penyelidikan, polisi mendapatkan informasi jika komplotan tersebut tengah
berada di salah satu hotel di Kemantren Wirobrajan, Kota Jogja. Tak berselang
lama, polisi langsung melakukan penangkapan terhadap para pelaku.

""Para pelaku kami amankan di salah hotel di Wirobrajan tanggal 14 malam. Untuk
jumlah pelaku yang diamankan ada 9 orang,"" ujarnya.

Sembilan orang itu, kata Archye, berinisial DS (46), VK (33), YY (42), YF
(48), IW (46), AF (46), EA (26), RF (30), dan MF (53). Sebagian besar dari
mereka warga Jakarta kecuali YF yang merupakan warga Semarang, Jawa Tengah.

Selain mengamankan 9 pelaku, polisi turut menyita 44 pelekat gigi palsu, 37
buah _lotion,_ 17 minyak rambut, 2 unit mobil yang digunakan untuk beraksi,
beberapa potong pakaian dan beberapa tas selempang.

""Dari pemeriksaan, 7 orang pelaku punya peran masing-masing mulai dari
mengawasi hingga mengambil barang. Untuk EA dan RF perannya sebagai sopir,""
ucapnya.

Archye menyebut, dalam menjalankan aksinya, para pelaku berkumpul di Jakarta
dan melakukan perjalanan darat ke sejumlah tempat. Apabila saat melintas
mendapati toko swalayan mereka mendatanginya, dan jika situasi memungkinkan
mereka langsung beraksi.

""Modusnya 7 orang masuk ke dalam swalayan sembari membawa troli yang berisi
keranjang belanja. Selanjutnya mereka mengambil barang-barang yang tanggal
kadaluarsanya panjang dan memindahkan ke dalam tas selempang lalu memanfaatkan
kelengahan petugas untuk keluar dari swalayan,"" lanjut Archye.

Tak hanya itu, dari hasil pemeriksaan ternyata komplotan ini telah beraksi di
sejumlah tempat. Semua itu mereka lakukan sebagai mata pencaharian.

""Dari hasil pemeriksaan, para pelaku sudah beraksi berulang kali. Sebelum di
Ngestiharjo Bantul mereka beraksi di Sleman, Kota Jogja, Jawa Barat dan Padang
(Sumatera Barat),"" ucapnya.

Kemudian untuk barang-barang hasil curian mereka, Archye menyebut dijual ke
Jakarta. Sebab di Jakarta sudah ada penadah khusus barang-barang curian.

""Jadi mereka ini bisa disebut sindikat ngutil lintas provinsi, untuk motifnya
karena ekonomi,"" katanya.

Atas perbuatannya, ke-9 orang tersebut disangkakan Pasal 363 KUHP tentang
pencurian dengan pemberatan. ""Untuk ancaman hukumannya 7 tahun penjara,""
ujarnya.

Pentolan komplotan tersebut yakni DS, mengaku baru beberapa bulan menjalankan
aksinya. Wanita berambut pirang ini mengaku mengajak tetangganya yang
terbentur ekonomi untuk beraksi.

""Baru tiga bulan beraksi, di Jogja 3 tempat, kalau lainnya saya tidak tahu.
Itu (para pelaku) adalah tetangga-tetangga saya di Jakarta sana, kita kumpul
terus berangkat pakai mobil rental dari Jakarta ke sini (Jogja),"" ujar DS.

Menyoal alasannya beraksi di Jogja, DS mengaku karena sekalian berlibur.
Sementara itu untuk penghasilan, setiap pelaku mendapatkan jatah ratusan ribu
rupiah.

""Saya sehari-hari ibu rumah tangga dan sengaja ke Jogja sekalian liburan.
Untuk hasil curian dijual ke Jakarta, dan untuk bagi hasil tergantung
pendapatannya bisa Rp 150 ribu setiap orang dapatnya,"" ucapnya.

  
  
  
[Gambas:Video 20detik]  

 ",www.detik.com
Detik-detik Menegangkan Maling Motor Lempar Bondet Saat Dikepung Warga,"Minggu, 14 Nov 2021 19:51 WIB","\- Dua maling motor di depan Danau Ranu Grati, Desa Sumberdawesari, Kecamatan
Grati, Kabupaten Pasuruan, terekam melempar bondet dan mengacungkan celurit.
Bondet itu dilempar agar mereka bisa lolos dari kepungan warga.

Kapolsek Grati AKP Wilang Langsung menjelaskan aksi pencurian dilakukan di
sekitar Danau Ranu Grati, Minggu (14/11/2021) pukul 12.30 WIB. Saat maling
beraksi situasi di lokasi ramai.

""Pelaku dua orang mengendarai motor Yamaha Vega. Mereka hendak mencuri motor
Honda Vario yang diparkir. Sudah berhasil mencongkel kontak namun kepergok
warga,"" terang Wilang.

Mengetahui upaya pencurian motor, warga mengepung pelaku. Pelaku sempat
tertangkap namun berhasil lolos.

""Motor Vega milik pelaku tertinggal di lokasi. Namun salah satu pelaku
berhasil membawa kabur motor lain, yakni motor Viar,"" terang Wilang.

Saat warga merangsek, salah satu pelaku melempar bondet lalu mengacungkan
celurit. Warga mundur sehingga pelaku berhasil kabur dengan motor Viar.

""Massa dilempar bondet, minggir dan pelaku kabur,"" ungkap Wilang.

Saat ini pihaknya masih melakukan pengejaran pelaku. Motor Vega milik pelaku
diamankan dari lokasi.

Sebelumnya, viral video maling motor beraksi sambil melempar bondet dan
mengacungkan celurit ke warga. Ada dua potongan video singkat yang viral. Dua
potongan video itu merupakan rangkaian satu peristiwa.

Video itu menampilkan pria berkaus merah meloloskan diri dari kepungan warga.
Pria bermasker itu berhasil lolos dan tampak mengambil sesuatu dari tas dada
yang dibawanya.

Ia berlari menuju temannya yang sudah menunggangi sebuah motor. Pria itu lalu
memegang kemudi dan kabur dari kepungan warga.

Saat kabur, temannya yang dibonceng mengacungkan bondet mengancam warga yang
hendak menangkapnya. Pria berkaus warna abu-abu itu sempat melemparkan bondet
dan meledak. Mereka berhasil lolos dari kepungan warga.

[Gambas:Video 20detik]

  
  

 ",www.detik.com
Remaja Perkosa Bocah SD saat Siang Hari Ramadan di Baubau Ditangkap,"Selasa, 12 Apr 2022 16:00 WIB","\-

Remaja pria berinisial MA (19) di Kota Baubau, Sulawesi Tenggara (Sultra)
ditangkap polisi atas kasus pemerkosaan siswa SD berusia 11 tahun. Pelaku dan
korban awalnya saling kenal melalui media sosial.

""Iya pelaku (memperkosa korban) bulan puasa, terjadi saat hari puasa kedua
saat siang hari,"" kata Kapolres Baubau AKBP Erwin Pratomo kepada wartawan,
Selasa (12/4/2022).

Erwin mengatakan, perkenalan pelaku dan korban melalui media sosial terjadi
pada Minggu (3/4). Keesokan harinya, pelaku mengajak korban keluar dengan
berbagai alasan.

  

""Awalnya korban dan pelaku ini mereka tidak saling kenal, baru kenal lewat
media sosial itu,"" ungkap Erwin.

Korban yang mengiyakan ajakan tersebut langsung dijemput pelaku di sebuah
salon pada Senin (4/4) pukul 11.20 Wita. Selanjutnya pelaku membawa korban ke
rumah rekannya di kawasan Tanah Abang.

""Ternyata rumah temannya terkunci, pelaku lantas bawa korban di kos temannya
yang lain,"" tutur Erwin.

Dalam perjalanan, korban sempat bertanya akan dibawa kemana oleh pelaku karena
sudah tidak searah tujuan mereka yang awalnya hendak ke wilayah Pala 3, namun
pelaku tidak begitu menanggapi.

Erwin mengungkapkan modus yang dilakukan pelaku sebelum menggencarkan aksinya
dengan mengajak korban lebih dulu berfoto bersama. Lantas pelaku melakukan
tindakan tidak terpuji tersebut.

""Pelaku memaksa korban dan terjadilah tindakan pemerkosaan,"" kata Erwin.

Keluarga korban yang mengetahui kejadian tersebut lantas melapor ke polisi.
Tidak kurang dari 2 jam usai melapor, di hari yang sama pelaku berhasil
ditangkap di rumah keluarganya.

Atas perbuatannya, pelaku dijerat pasal berlapis tentang perlindungan anak
dengan ancaman 15 tahun penjara.

  
  
  
[Gambas:Video 20detik]  

 ",www.detik.com
Hari Ini Polisi Rekonstruksi Eks Kasatpol PP Makassar Bunuh Pegawai Dishub,"Kamis, 19 Mei  2022 05:30 WIB","\-

Hari ini polisi akan melakukan rekonstruksi kasus pembunuhan seorang pegawai
Dishub Najamuddin Sewang yang diotaki Kasatpol PP Makassar nonaktif Muhammad
Iqbal Asnan. Rekonstruksi bakal dimulai pagi ini.

""(Rekonstruksi hari ini) jam 10 pagi,"" ujar Kapolrestabes Makassar Kombes Budi
Haryanto kepada , Kamis (19/5/2022).

Budi mengatakan, rekonstruksi akan dilakukan di lokasi kejadian. Dia
memastikan rekonstruksi kasus pembunuhan bakal dilakukan secara runut.

  

""Sesuai kejadian aja,"" kata Kombes Budi.

Saat rekonstruksi, tersangka Iqbal Asnan bakal dihadirkan. Tersangka lainnya,
yakni Sahabuddin dan Asri yang merupakan eks pegawai Pemkot Makassar juga
bakal dihadirkan.

Selanjutnya dua tersangka lainnya yang merupakan oknum anggota Brimob Polda
Sulsel bernama Sulaiman dan Chaerul Akmal.

""Semua (tersangka dihadirkan),"" cetus Budi.

## Peristiwa Pembunuhan Najamuddin

Seperti diketahui, Najamuddin Sewang tewas ditembak saat melintas di pertigaan
Jalan Danau-Jalan Manunggal 22, Kecamatan Tamalate, Makassar, sekitar pukul
10.54 Wita, Minggu (3/4). Penembakan ini terekam kamera CCTV yang diambil dari
arah Jalan Manunggal 22 dan menyorot ke Jalan Danau Tanjung Bunga.

Dalam CCTV berdurasi 1 menit 20 detik diketahui lokasi kejadian di pertigaan
jalan atau dekat Masjid Cheng Hoo, Maccini Sombala, Kecamatan Tamalate, Kota
Makassar. Video dimulai dengan menampilkan dua mobil minibus yang melintas
lebih dulu.

Tampak korban melintas mengenakan sepeda motor berjaket cokelat. Tidak lama
terlihat ada satu pengendara motor berjaket kuning yang mendahului korban.

Setelah korban didahului pengendara motor tersebut, korban tiba-tiba terlihat
kehilangan keseimbangan. Petugas Dishub Makassar oleng ke arah kanan hingga
terjatuh di jalan.

Korban yang terjatuh sempat terlihat bergerak berupaya bangkit. Sejumlah
pengguna jalan yang melihat korban terjatuh langsung mendekati korban yang
sudah tidak berdaya, hingga diamankan di pinggir jalan.

## Kasatpol PP Makassar Ditangkap Sebagai Pelaku Pembunuhan

Kasatpol PP Makassar Muhammad Iqbal Asnan membuat geger setelah ditangkap
terkait kasus pembunuhan Najamuddin. Iqbal rupanya dalang yang mengotaki
pembunuhan Najamuddin.

Iqbal Asnan diringkus di Jalan Muhammad Tahir, Makassar, sekitar pukul 16.00
Wita, Sabtu (16/4). Iqbal langsung digelandang ke Markas Brimob Polda Sulsel
Jalan KS Tubun.

""Benar (Kasatpol Iqbal ditangkap),"" ungkap Kombes Budi Haryanto kepada , Sabtu
(16/4).

Budi mengatakan Iqbal Asnan terlibat cinta segitiga dengan korban Najamuddin.
Iqbal yang sakit hati merencanakan pembunuhan terhadap korban.

""Untuk motif daripada pelaku ini adalah cinta segitiga,"" ujar Budi.

Budi menegaskan, penembakan maut ini tak ada kaitannya dengan masalah
instansi. Kasus ini murni permasalahan pribadi korban dan pelaku.

""Motif pribadi,"" ujar Kombes Budi Haryanto

## Keterlibatan 2 Polisi Brimob

Iqbal Asnan tidak sendirian melakukan pembunuhan. Dia dibantu 2 oknum polisi
Brimob bernama Sulaiman dan Chaerul Akmal.

Diketahui Sulaiman adalah eksekutor penembakan. Sementara Akmal adalah pemilik
senjata api yang digunakan menembak korban.

""Iya (oknum Polri) kan dua,"" ujar Kabid Humas Polda Sulsel Kombes Komang
Suartana kepada , Selasa (19/4/2022).

Suartana mengatakan dua oknum polisi yang terlibat pembunuhan masing-masing
berinisial SL selaku eksekutor penembakan dan polisi CA (sebelumnya ditulis
HKM alias AKM). Kendati demikian, peran polisi CA belum terungkap secara
spesifik dalam kasus ini.

""Ya sama ikut membantu, bukan eksekutor. Intinya ikut membantu melakukan
pembunuhan,"" tutur Kombes Suartana.

Selain 2 oknum polisi, Iqbal Asnan juga dibantu 2 oknum Pemkot Makassar dalam
melakukan pembunuhan. Keduanya masing-masing berinisial SH dan AS.

""Oknumnya kan dua dari Pemda satu kepala Satpol PP (Iqbal Asnan),"" kata
Suartana.

  
  
  
[Gambas:Video 20detik]  

 ",www.detik.com
"Status Tersangka, Begal, dan Persepsi Publik","Senin, 25 Apr 2022 10:30 WIB","\-

Heboh viral berita ""korban begal"" yang dijadikan tersangka oleh penyidik
karena telah membunuh ""begal"". Masyarakat merespons dengan nada negatif
terhadap penetapan tersangka tersebut. Masyarakat menilai bahwa yang dilakukan
oleh korban begal adalah suatu pembelaan diri, sehingga dianggap tidak pantas
apabila yang bersangkutan diproses (ditersangkakan). Tak berselang lama
setelah ramainya pemberitaan di berbagai media, akhirnya kasus tersebut
dihentikan penyidikannya.

  
Sekilas, fenomena tersebut sejurus dengan ajaran utilitisnya Jeremy Benthan
yang mengatakan bahwa tujuan hukum adalah menjamin kebahagiaan terbesar umat
manusia dalam jumlah yang sebanyak-banyaknya ( _the greatest good of the
greatest number_ ). Jika tujuan hukum yang hakiki adalah keadilan, maka dapat
dikatakan bahwa membahagiakan atau memuaskan banyak manusia akan dianggap
sebagai sesuatu yang adil. Dalam kasus korban begal versus begal tersebut,
penyidik telah berhasil memuaskan masyarakatnya. Lantas apakah hal tersebut
dapat dianggap sesuatu yang adil pula?

  
  
  
Berbicara mengenai adil ataupun tidak adil, perlu meninjau beberapa aspek dari
sudut pandang hukum. Mengapa dari sudut pandang hukum? Karena sejatinya, yang
paling ""dekat"" dan ""akrab"" dengan keadilan adalah ilmu hukum, bukan ilmu-ilmu
yang lain. Dalam meninjau kasus korban begal versus begal tersebut terlebih
dahulu harus mengkonstruksikan peristiwa-peristiwa yang ada ke dalam rumusan
hukumnya. Di sini setidaknya terdapat 3 (tiga) peristiwa hukum yang perlu
ditinjau sendiri-sendiri.

  
Pertama mengenai terbunuhnya begal; peristiwa ini berkorelasi dengan kejahatan
terhadap jiwa orang yaitu pembunuhan ataupun penganiayaan sebagaimana dimaksud
dalam Pasal 338 KUHP atau Pasal 351 KUHP. Kedua mengenai pembegalannya;
peristiwa ini berkorelasi dengan pencurian dengan kekerasan sebagaimana
dimaksud dalam Pasal 365 KUHP. Ketiga mengenai pembelaan diri; peristiwa ini
berkorelasi dengan pengecualian hukuman sebagaimana dimaksud dalam Pasal 49
KUHP. Yang disebut terakhir ini dikenal dengan istilah ""pembelaan terpaksa"" (
_noodweer/ noodweer-exces_ ).

  
Setelah memperoleh berbagai hipotesis tersebut, selanjutnya perlu ditinjau
mengenai ""kebenaran"" tentang adanya peristiwa-peristiwa tersebut melalui
unsur-unsur pasalnya. Dalam meninjau kebenaran, dikenal adanya standar
pembuktian yang dalam hukum acara disebut dengan istilah ""alat bukti"" untuk
menentukan sesuatu dianggap sebagai terbukti atau tidak terbukti.

  
Penetapan standar pembuktian dimaksudkan untuk membuang jauh segala keraguan
dan sedapat mungkin mendekatkan pada kepastian tentang adanya suatu peristiwa.
Jadi apabila tidak memenuhi standar pembuktian, maka kebenaran peristiwa
tentang pembegalan, terbunuhnya begal, maupun pembelaan diri dianggap
meragukan atau dengan kata lain tidak dapat dianggap sebagai sebuah fakta.

  
Penyidik dalam menetapkan korban begal sebagai tersangka pembunuhan ataupun
penganiayaan mestinya telah dilandasi dengan adanya bukti permulaan yang
menurut penilaian dari penyidik sudah memenuhi standar pembuktian. Walau
demikian, yang perlu diperhatikan adalah bahwa penilaian mengenai terpenuhinya
standar pembuktian oleh Penuntut Umum ataupun Hakim bisa saja berbeda.
Artinya, sangat mungkin apabila seseorang yang ditetapkan sebagai tersangka
oleh penyidik, pada akhirnya dinilai tidak bersalah sehingga tidak dijatuhi
hukuman oleh Hakim. Inilah salah satu alasan, mengapa praduga tidak bersalah (
_presumption of innocence_ ) menjadi salah satu prinsip dalam penyelenggaraan
proses peradilan pidana.

  
Publik (atau masyarakat pada umumnya) dan aparat penegak hukum belum tentu
sama dalam menilai kebenaran tentang suatu peristiwa. Penegak hukum terikat
dengan standar pembuktian supaya dapat bersikap secara objektif dan adil,
sedangkan publik tidak terikat dengan apapun alias bebas. Bahkan termasuk demi
menjaga kualitas kebenaran, penilaian mengenai kebenaran di kalangan penegak
hukum pun terbagi ke dalam beberapa tahap pengujian yaitu pada tahap
penyidikan, pra penuntutan, dan berpuncak pada sidang pengadilan sebagaimana
sistem dalam peradilan pidana ( _criminal justice system_ ).

  
  
  
Kasus-kasus tentang korban begal versus begal dapat dikategorikan sebagai
kasus yang mengusik perasaan publik. Ketika kasus tersebut muncul, publik akan
dengan sangat mudah menilai dan menghakimi bahwa kematian begal sangat pantas
dan korban begal tidak pantas dihukum karena membela diri, tanpa mengetahui
fakta yang sebenarnya. Lalu ketika penegak hukum ""sedang bekerja"" mencari
fakta yang sebenarnya, malah dianggap tidak adil.

  
Kemudian ketika ""pekerjaan"" mencari fakta yang sebenarnya (dan masih dalam
fase pertama) dihentikan, publik menganggapnya sebagai sesuatu yang adil.
Padahal mungkin saja yang diyakini oleh publik tidak sesuai dengan fakta yang
sebenarnya, atau bisa jadi sebaliknya, yang diyakini oleh publik adalah sesuai
dengan fakta yang sebenarnya.

  
Menyenangkan publik memang merupakan sesuatu hal yang populer, meskipun adil
dan populer belum tentu berada pada pihak yang sama. Ada kalanya berbuat adil
menjadi populer, dan ada kalanya berbuat adil menjadi tidak populer. Walau
demikian, orang yang adil akan selalu memilih untuk berbuat adil, meskipun
menjadi tidak populer. Hal ini tentu saja berangkat dari keyakinan bahwa
berbuat adil adalah merupakan sesuatu yang mulia dan terhormat.

  
Menciptakan keadilan tidak mudah, terlebih menyangkut suatu perbuatan yang
menyebabkan nyawa seseorang hilang. Hal ini dikarenakan ketika nyawa seseorang
sudah melayang, tidak mungkin bisa dipulihkan, dipanggil kembali, ataupun
direstorasi. Bahkan diberi ganti rugi pun sudah tidak bisa. Yang perlu diingat
adalah bahwa setiap pelaku kejahatan berpotensi untuk berubah menjadi baik,
sepanjang ruhnya masih melekat di dalam raganya. Dan, tiada cara yang lebih
baik untuk mencegah suatu kejahatan, kecuali dengan menumbuhkan cinta kasih di
setiap sudut sanubari manusia.  
  
Semoga, cinta kasih berumur panjang dan tumbuh subur di negeri ini. Amin.

 _praktisi dan pemerhati hukum  
  
_

 ",www.detik.com
"Hindari Tagihan Motor-Bohong Kehilangan ke Polisi, Pasutri di Sulut Diciduk","Kamis, 02 Jun 2022 20:39 WIB","\-

Pasangan suami-istri (pasutri) berinisial NS (30) dan istrinya OM (41) di
Kotamobagu, Sulawesi Utara (Sulut) diciduk setelah nekat membuat laporan palsu
telah kehilangan sebuah motor ke polisi. Keduanya merekayasa kasus ini demi
menghindari tagihan motor dari salah satu perusahaan _finance._

""Dari hasil interogasi, keduanya mengaku sengaja membuat laporan kehilangan
agar terhindar tagihan setiap bulannya dari _finance,""_ ungkap Kabid Humas
Polda Sulut Kombes Jules Abraham Abast dalam keterangannya, Kamis (2/6/2022).

Dia menjelaskan awalnya OM atas perintah suaminya NS, datang melapor ke
Mapolres Kotamobagu, Senin (23/5). OM datang mengadukan motor miliknya hilang
di Pasar Serasi.

  

""Namun setelah dilakukan penyelidikan oleh petugas, ternyata laporan
kehilangan tersebut tidak benar,"" tegasnya.

Berdasarkan hasil penyelidikan, motor yang dilaporkan hilang sudah ditemukan
oleh petugas di daerah Passi pada Minggu (22/5). Kini motor tersebut sudah
diamankan di Polres Kotamobagu.

""Sepeda motor yang ditemukan ternyata merupakan barang bukti kejahatan yang
digunakan oleh pria NS untuk membantu melakukan aksi pencurian kendaraan
bermotor bersama adiknya AS,"" ujarnya.

Jules menjelaskan, keduanya sengaja membuat laporan polisi supaya bebas dari
tagihan salah satu perusahaan _finance._ Hanya saja aksi pasutri itu akhirnya
terungkap, hingga keduanya diamankan untuk penyelidikan lebih lanjut.

""(Pasutri) sudah diamankan di Mako Polres Kotamobagu,"" sebut Jules.

Atas perbuatannya pasutur ini diduga melanggar pasal 242 KUHP juncto 55
subsider 220 KUHP. Dengan ancaman hukuman maksimal 7 tahun penjara.

  
  
  
[Gambas:Video 20detik]  

 ",www.detik.com
Uang dan Emas Milik Warga Selumbung Karangasem Raib Digondol Maling,"Rabu, 25 Mei  2022 05:32 WIB","\-

Kasus pencurian terjadi di wilayah Banjar Dinas Tengah, Desa Selumbung,
Kecamatan Manggis, Kabupaten Karangasem, Bali, Senin (23/5/2022).

Kali ini, korbannya adalah Ni Wayan Nuri (66). Ia kehilangan emas seberat 40
gram berjenis rantai ikut dan uang tunai Rp1,8 juta.

Tak hanya itu, uang tunai milik keluarga besar yang juga disimpan di tempat
yang sama juga hilang senilai Rp2,8 juta.

  

Kapolsek Manggis Kompol I Ketut Eka Jaya, Selasa (24/5/2022) mengatakan
kejadian tersebut diketahui pertama kali oleh Wayan Nuri. Ketika itu, korban
hendak mengambil uang yang ditaruh di dalam lemari yang tidak dikunci.

Saat membuka dompet yang biasa digunakan untuk menaruh uang, ia kaget karena
uang yang ditaruh senilai Rp 1,8 juta.

Selanjutnya korban memeriksa toples berisi perhiasan emas seberat 40 gram yang
ditaruh di sebelahnya juga raib.

Meski begitu, perhiasan lainnya yang ditaruh di tempat yang sama seperti 4
buah gelang emas, 2 buah cincin emas, sepasang subeng emas, dan sebuah cucuk
konde justru tidak ikut diangkut maling.

Saat ini Satreskrim Polsek Manggis masih melakukan proses penyelidikan terkait
kasus pencurian tersebut.

""Saat ini kami masih melakukan proses penyelidikan lebih lanjut. Semoga saja
pelakunya segera dapat tertangkap agar bisa mempertanggungjawabkan
perbuatannya,"" kata Kompol Eka Jaya. ()

  
  
  
[Gambas:Video 20detik]  

 ",www.detik.com
"Tega! Butuh Uang Lebaran, Murid di Bondowoso Garong Rumah Gurunya Rp 20 Juta","Senin, 25 Apr 2022 20:29 WIB","\-

Polisi mengamankan dua pelaku pencurian di Bondowoso. Mirisnya, korban
pencurian adalah mantan guru pelaku yang masih bertetangga.

Kedua pelaku adalah Arifin (24), warga Desa Gunung Anyar, dan Gredi (24) warga
Desa Kalitapen kecamatan Tapen.

Kasat Reskrim Polres Bondowoso, AKP Agus Purnomo mengatakan pelaku ditangkap
usai membobol rumah milik Marem Isnawati. Korban merupakan warga masih
bertetangga dengan pelaku.

Korban diketahui merupakan mantan guru dari salah satu pelaku bernama Arifin.
Karena aksinya ini, korban mengalami kerugian Rp 20 juta.

""Kedua pelaku sudah kami tahan untuk pengembangan lebih lanjut,"" kata Agus,
Senin (25/4/2022).

Menurut Agus, pengembangan dilakukan karena salah satu pelaku bernama Gredi
juga dicurigai sebagai pelaku pembegalan di sejumlah tempat.

""Informasi didapat menyebut, pelaku Gredi sebenarnya sudah beberapa kali
melakukan tindakan curas. Salah satu korbannya yakni seorang perempuan yang
dirampas tas dan isinya saat berkendara,"" terang Agus.

Dari pengakuan kedua pelaku, lanjut Agus, motif mereka melakukan pencurian
karena terhimpit kebutuhan saat lebaran. Atas perbuatannya ini, kedua dijerat
Pasal 363 KUHP dengan ancaman 12 tahun pidana penjara.

""Mereka kami sangkakan melanggar pasal 363 KUHP tentang pencurian dengan
pemberatan dengan ancaman hukuman maksimal 12 tahun,"" tutur Agus.

  
  
  
[Gambas:Video 20detik]  

 ",www.detik.com
Waspada! Begini Modus Kawanan Begal di Bengkulu Cari Mangsa,"Minggu, 17 Apr 2022 18:19 WIB","\-

Petugas Polsek Padang Ulak Tanding, Rejang Lebong, Bengkulu meringkus satu
pelaku begal yang kerap beraksi di jalan lintas Bengkulu-Lubuk Linggau.

Pelaku IL (24) bersama kawanannya yang masih diburon polisi, beraksi dengan
cara menebar paku di sepanjang jalanan.

""Target mereka adalah kendaraan yang pecah ban,"" kata Kapolsek Padang Ulak
Tanding, Iptu Tommy Sahri, Minggu (17/4/2022).

  

Dia menjelaskan, usai menebar paku, pelaku begal ini menunggu di pinggir jalan
sembari memantau kendaraan yang pecah ban.

Setelah itu, mereka berpura-pura memberi bantuan. Saat itulah mereka mulai
beraksi, mengancam korban dengan senjata tajam dan merampas semua barang
berharga korban.

Polisi menyebutkan, IL merupakan residivis. Dia pernah dipenjara karena dua
kasus berbeda, yakni perkelahian dengan senjata tajam dan pencurian sepeda
motor.

Saat penangkapan, polisi juga menembak kaki pelaku. Polisi beralasan, dia
ditembak karena melawan petugas.

IL sendiri mengakui perbuatannya itu. Dalam sekali beraksi, dia dibantu empat
temannya. Mereka saat ini tengah diburon polisi.

""Saya tebar paku di sepanjang jalan lintas Rejang Lebong menuju Kota Lubuk
Linggau, Sumatera Selatan, pada tempat tertentu,"" jelas pelaku IL.

  
  
  
[Gambas:Video 20detik]  

 ",www.detik.com
"Viral, Pelaku Begal Payudara di Denpasar Dibekuk Polisi","Sabtu, 16 Apr 2022 13:28 WIB","\-

Seorang pelaku begal payudara di Denpasar berinisial L (34) ditangkap oleh
pihak Kepolisian Sektor (Polsek) Denpasar Selatan. Pelaku begal payudara
tersebut sempat viral di media sosial (medsos).

Pria asal Kabupaten Banyuwangi, Jawa Timur (Jatim) itu merupakan driver salah
satu ojek online (ojol) di Denpasar. Ia telah melakukan aksi tersebut di 11
lokasi atau tempat kejadian perkara (TKP) di Denpasar. Pelaku kerap melakukan
aksi pelecehan terhadap perempuan dengan modus remas payudara setiap
kesempatan.

""Pelaku sudah beraksi di 11 TKP wilayah Denpasar dengan sasaran pengendara
wanita muda secara acak, asalkan ada kesempatan dan tempat kejadian sepi
pelaku akan beraksi,"" kata Kapolsek Denpasar Selatan Kompol I Gede Sudyatmaja
dalam jumpa pers, Sabtu (16/4/2022).

  

Menurut Sudyatmaja, pelaku berhasil diamankan di Jalan Batur Sari, Desa Sanur
Kauh, Kecamatan Denpasar Selatan, Kota Denpasar pada Jumat (15/4). Pelaku
ditangkap setelah video aksi pelaku yang terekam closed-circuit television
(CCTV) dan di viral di medsos.

Ciri-ciri pelaku didapat dari rekaman CCTV yang diunggah oleh warga. Melalui
rekaman CCTV yang beradar terlihat seorang laki-laki yang mengendarai sepeda
motor merek Honda PCX warna putih melakukan perbuatan begal payudara terhadap
anak di bawah umur. Saat mengalami pelecahan, anak tersebut sedang mengendarai
sepeda.

Anak itu melintas di Gang IV Jalan Tukad Irawadi, Kelurahan Panjer. Setelah
video itu viral, Polsek Densel kemudian melakukan pengintaian terhadap pelaku.
Pelaku akhirnya berhasil diamankan di dekat kosnya.

Menurut Sudyatmaja, pelaku beraksi dengan mempet dan menyalip korban dari
sebelah kanan. Tangan kiri pelaku kemudian meremas payudara korban. Setelah
itu pelaku akan melaju dengan cepat meninggalkan korban.

""Pelaku mengakui mendapatkan kepuasan dan kesenangan pada saat melakukan
perbuatannya,"" ungkap Sudyatmaja. Saat ini pelaku telah ditahan di Mapolsek
Denpasar Selatan.

Atas perbuatanya pelaku dikenakan pasal 281 Kitab Undang-Undang Hukum Pidana
(KUHP) tentang melanggar kesusilaan.

  
  
  
[Gambas:Video 20detik]  

 ",www.detik.com
Teriakan Korban Gagalkan Aksi Pemerkosaan 4 Pemuda di Bangkalan,"Selasa, 19 Apr 2022 09:55 WIB","\-

Sungguh bejat apa yang dilakukan empat pemuda di Bangkalan ini. Mereka bekerja
sama melakukan aksi pemerkosaan pada seorang gadis di bawah umur. Beruntung
aksi ini bisa digagalkan oleh teriakan korban.

Keempat pelaku tersebut yakni MM (23) warga Kelurahan Bancaran, FN (27) warga
Kelurahan Pejagan, MI (19) pemuda asal Kelurahan Tunjung dan KK yang masih
buron. Sedangkan korban masih berusia 15 tahun.

Kasat Reskrim Polres Bangkalan, AKP Bangkit Dananjaya mengatakan kejadian ini
bermula saat pelaku KK dan MM mencari sasaran untuk melampiaskan nafsunya. MM
kemudian membuka akun facebook miliknya dan bertemu akun korban pada Sabtu
(9/4/2022) siang.

""Pelaku kemudian saling berinteraksi di facebook dan bertukar nomor ponsel,""
ujar Bangkit Dananjaya saat dikonfirmasi, Selasa (19/4/2022).

Usai mendapatkan nomor telepon korban, MM terus membujuk korban untuk bertemu.
Karena pelaku terus merayu, korban kemudian menyepakati untuk dijemput di
Surabaya dan dibawa ke Bangkalan pada sore harinya.

""Pelaku membawa korban ke stadion dan menghabiskan waktu di sana bersama
dengan KK,"" tambahnya.

Pertemuan itu berlangsung hingga larut malam. Korban kemudian meminta pelaku
mengantarkan pulang kembali ke Surabaya. Pelaku kemudian menyepakati dan
berpura-pura akan mengantar korban dengan berboncengan tiga.

""Jadi sebelum mengantarkan korban, MM telah menghubungi FN dan MI untuk
menunggu di Burneh,"" jelasnya.

Saat dalam perjalanan, korban merasa curiga karena pelaku mengarahkan motornya
di tempat sepi. Karena ketakutan, ia kemudian berteriak meminta tolong pada
warga setempat.

""Saat itu hampir pukul 01.00 WIB dini hari. Ada salah satu warga mendengar
teriakan korban, lalu mengikuti motor pelaku dari belakang,"" tuturnya.

Setibanya di salah satu sekolah di Burneh, keempat pelaku telah bertemu dan
berniat menyetubuhi korban. Bahkan, pelaku telah memegangi dan membuka celana
korban.

""Satu pelaku yakni MM sudah berada di posisi hendak melakukan aksi
persetubuhan kepada korban, sedangkan FN dan MI memegangi tangan dan kaki
korban,"" ujarnya.

Beruntung warga yang mendengar teriakan korban segera datang dan menggerebek
pelaku. Sehingga korban berhasil mendapatkan perlindungan dari warga setempat.
Warga kemudian membawa korban ke Polres Bangkalan.

""Saat menggerebek, warga mengajak anggota polsek sehingga tiga pelaku berhasil
diamankan dan satu pelaku KK kabur sampai saat ini masih DPO,"" pungkasnya.

Kini, pelaku harus mendekam di penjara dan dituntut pasal 82 Ayat (1), Undang-
undang (UU) RI Nomor 17 Tahun 2016 tentang tentang Penetapan Perpu RI Nomor 1
Tahun 2016 tentang Perubahan Kedua atas UU Nomor 23 Tahun 2002 tentang
Perlindungan Anak, menjadi UU Jo Pasal 76E UU RI Nomor 35 Tahun 2014 tentang
Perubahan dengan ancaman hukuman 15 tahun penjara.

  
  
  
[Gambas:Video 20detik]  

 ",www.detik.com
Sadisnya Pria Demak Perkosa-Bunuh Adik Ipar Gegara Dibakar Cemburu,"Jumat, 27 Mei  2022 06:45 WIB","\-

Pria berinisial SH (21) dengan sadis memperkosa dan membunuh adik iparnya di
Kabupaten Demak, Jawa Tengah. Pria itu bahkan membuang jasad adik iparnya itu
ke semak-semak.

Pelaku diketahui merupakan warga asal Kecamatan Tembalang, Kota Semarang yang
menetap bersama istri dan adik iparnya di Kecamatan Mranggen, Demak. korban
diketahui masih berusia 18 tahun.

""Polres Demak hari ini merilis kasus pembunuhan sadis oleh tersangka yang
merupakan kakak iparnya sendiri. Karena sebelum tersangka ini membunuh
melakukan persetubuhan terhadap korban, dan posisi korban ini sudah tidak
sadarkan diri,"" kata Kapolres Demak AKBP Budi Adhy Buono saat jumpa pers di
Mapolres Demak, Kamis (26/5/2022).

Kasus ini terungkap pada Rabu (25/5) setelah adanya laporan penemuan mayat
perempuan di semak-semak dekat rumah. Kepada polisi, pelaku mengaku telah
memperkosa adik iparnya itu dalam keadaan pingsan.

""Ini dilakukan pada saat korban tidak sadarkan diri. Pingsan, disetubuhi
sebanyak dua kali,"" ujar Budi.

Motif pembunuhan ini dilakukan karena pelaku sakit hati dengan korban yang
membawa lelaki ke rumah. Kepada polisi, pelaku mengaku jatuh cinta dengan adik
iparnya sebelum menikah dengan istrinya.

""Motifnya tersangka ini cemburu dengan korban, karena si korban ini membawa
laki-laki ke rumahnya. Memang sebelum menikah dengan kakak si korban, pelaku
ini suka dengan korban. Sehingga merasa cemburu akhirnya korban disetubuhi dan
dibunuh oleh pelaku,"" urai Budi.

SH yang dihadirkan saat jumpa pers pun mengakui telah membunuh adik iparnya
yang masih berusia 18 tahun itu. Dia juga mengaku cemburu karena korban
membawa lelaki lain.

""Ya (suka) sudah lama (dengan korban). Soalnya dia sudah bikin saya cemburu,""
aku SH.

Pria bertubuh kurus dan berkulit cokelat ini berdalih membunuh korban karena
tidak menurut ketika diminta mengecilkan volume ponselnya. Dia pun akhirnya
gelap mata dan menganiaya korban.

""Alasannya karena lagi main HP musik volumenya nggak mau _dikecilin._ Sudah
saya kasih tahu tiga kali dia tidak mau _ngecilin,""_ ujarnya.

SH mengaku memukul korban hingga tak sadarkan diri lalu memperkosanya. Setelah
mengetahui korban ternyata sudah tak bernyawa, pelaku pun membuang jasad
korban ke semak.

""Dua kali (memperkosa). Saya seret dari kamar lewat depan ke semak-semak,""
ujar SH.

Atas perbuatannya SH dijerat dengan pasal berlapis, yakni tentang penganiayaan
dan pembunuhan berencana. Dia dijerat dengan Pasal 340 KUHP subsidair Pasal
338 KUHP subsidair Pasal 251 ayat 3 KUHP dan terancam hukuman maksimal 20
tahun bui.

  
  
  
[Gambas:Video 20detik]  

 ",www.detik.com
"Beredar Video Pencuri Cabai Diringkus Warga Purbalingga, Ini Faktanya","Sabtu, 04 Jun 2022 22:39 WIB","\-

Beredar video berantai di aplikasi perpesanan, seorang pria ditangkap warga
lantaran diduga melakukan aksi pencurian cabai di lahan petani. Dalam dua
video yang beredar nampak pria berusia paruh baya digelandang warga dan
diinterogasi terkait aksinya.

"" _Pindo kie mas_ (dua kali ini, Mas), _lombok thok_ (cuma lombok), _ora mas
lombok tok_ (tidak mas lombok saja),"" kata pria dalam video itu saat
diinterogasi warga.

Dari hasil penelusuran , kejadian itu terjadi pada Jumat (3/6) di Desa Meri,
Kecamatan Kutasari, Purbalingga. Kapolsek Kutasari Iptu Tedy Subiyarsono,
membenarkan kejadian itu.

""Betul (kejadian dalam video itu). Masih diduga, Mas. Penyidik Polsek masih
(melakukan) pendalaman dan koordinasi dengan Polres,"" kata Tedy kepada
detikJateng, Sabtu (4/6/2022).

Terkait adanya dugaan aksi massa terhadap pelaku pencurian cabe tersebut, Tedy
menampik hal itu. ""Tidak dimassa, diamankan Pak Kadus,"" katanya.

Untuk lokasi kejadian, Tedy membenarkan kejadian itu terjadi di Desa Meri.
Saat ini polisi masih melakukan pendalaman dan meminta keterangan saksi atas
peristiwa itu.

""Betul di Desa Meri, untuk keterangan lebih lanjut kami pendalaman dan
koordinasi dulu dengan penyidik Polres,"" terangnya.

Terpisah, Kepala Dusun (Kadus) Desa Meri Kecamatan Kutasari Riyanto,
membenarkan peristiwa tersebut. Persoalan itu menurutnya sudah diserahkan ke
pihak kepolisian. Sehingga dia enggan menceritakan kronologi kejadian.

""Ya terimakasih atas perhatiannya, tapi mohon maaf karena proses di polsek
belum selesai,"" kata Riyanto.

  
  
  
[Gambas:Video 20detik]  

 ",www.detik.com
Lurah: Anggota PPSU Dibegal saat Berangkat dari Rumah Mau Nyapu Jalan,"Rabu, 23 Feb 2022 11:53 WIB","\-

Petugas Penanganan Prasarana dan Sarana Umum (PPSU), Aris Pajriansyah (37),
terluka akibat diserang kelompok begal. Aris saat itu hendak bekerja menyapu
jalan di jalan arteri Kelapa Gading, Jakarta Utara (Jakut).

""Jadi korban baru saja berangkat dari rumahnya di Rorotan (Cilincing). Dia mau
bertugas menyapu jalan,"" kata Lurah Kelapa Gading Timur Togos Silalahi seperti
dilansir _Antara_ , Rabu (23/2/2022).

Aris lalu dilarikan ke Rumah Sakit Umum Daerah (RSUD) Koja untuk ditangani
lukanya. Aris mengalami luka pada tangannya akibat sabetan senjata tajam
begal.

Awalnya, sekitar pukul 04.30 WIB, Aris menyadari ada empat orang yang
mengikutinya saat berkendara. Dia lalu tancap gas sepeda motornya untuk kabur.

Tapi keempat orang itu terus mengejarnya. Aris lalu berhenti di Taman Suluang
di kawasan Pegangsaan Dua untuk mencari pertolongan.

""Info dari Aris, di taman itu dia dibacok menggunakan senjata tajam.
Beruntungnya, motor maupun barang berharga yang dibawanya tidak diambil oleh
empat orang yang diduga pelaku itu,"" kata Togos.

Saat ini, Togos memastikan kondisi Aris stabil setelah menjalani penanganan
medis lanjutan di RSUD Koja setelah sebelumnya sempat dirawat di Puskesmas
Kecamatan Kelapa Gading.

""Korban selamat. Sekarang masih penanganan medis akibat luka bacok di
pergelangan tangan kirinya,"" tutupnya.

### Korban Alami Putus Tendon

Direktur RSUD Koja, dr Ida Bagus Nyoman Banjar, mengatakan Aris mengalami luka
sabetan senjata tajam pada pergelangan tangan kiri. Meski begitu, kondisi
kesehatannya stabil.

[Gambas:Video 20detik]

 _Simak selengkapnya di halaman berikutnya._

Selanjutnya __

Halaman

1  2

 ",www.detik.com
"Video: Wanita di Jaktim Dirampok, Lapor Polisi Malah Ditolak","Senin, 13 Des 2021 00:11 WIB","\-

Seorang wanita yang mengendarai mobil di Jalan Sunan Sedayu, Rawamangun,
Jakarta Timur menjadi korban perampokan. Namun sayang, polisi menolak laporan
dari korban. Polisi tersebut kini sudah diperiksa Propam.

 ",www.detik.com
Polisi Sita 52 Unit Motor dari 27 Sindikat Curanmor di Kota Tangerang,"Senin, 07 Mar 2022 17:16 WIB","\-

Polres Metro Tangerang Kota menangkap 27 pelaku pencurian sepeda motor dalam
dua minggu terakhir. Dari para tersangka ini polisi menyita 52 unit motor.

Kapolres Metro Tangerang Kota Kombes Komarudin mengatakan 27 pelaku ini
ditangkap atas pengembangan 2 pelaku yang lebih dahulu ditangkap polisi. Dari
dua pelaku tersebut didapati barang bukti 2 set kunci leter T kemudian juga
satu buah sajam jenis golok kemudian 1 buah senjata api mainan.

""Dari hasil interogasi keduanya mengembang ke tindak pidana curanmor di
sejumlah TKP lain total keseluruhan yang kami amankan sejak tanggal 15
Februari 2022 atau tepatnya sekitar dua minggu kami amankan 27 orang pelaku
ranmor. Mulai dari pemetik sampai dengan penadah. Dari situ kami mengamankan
sampai dengan saat ini sebanyak 52 kendaraan bermotor roda dua,"" kata
Komarudin kepada wartawan di Mapolres Metro Tangerang Kota, Senin (7/3/2022).

Dia mengungkapkan dari 27 pelaku ini ada lima orang yang merupakan penadah
hasil kejahatan. Menurutnya para pelaku ini melancarkan aksinya tidak hanya di
wilayah hukum Polres Metro Tangerang Kota dan sekitarnya.

""Dari yang diamankan ada lima penadah 480 atau 481 ada lima orang ini juga
menampung dari beberapa pemetik jadi ada sekitar 20 pemetik dari lima penadah.
Sementara dari yang kami kembangkan baru untuk wilayah Kota Tangerang,
Tangerang Kabupaten, Tangerang Selatan, dan ada dua TKP di Jakarta Barat,""
tambahnya.

Dalam kesempatan ini, Komarudin juga menghimbau kepada masyarakat di daerah
tersebut yang merasa kehilangan sepeda motor bisa mendatangi kantornya.
Tentunya, sambil membawa bukti-bukti yang terkait bahwa itu memang motor
miliknya.

""Untuk itu kami menghimbau kepada masyarakat Kota Tangerang termasuk juga
Tangerang kabupaten, Tangsel, dan Jakbar sekiranya memang memang ada laporan
pencurian sepeda motor silakan bisa cek langsung di Polres metro Tangerang
Kota dengan membawa bukti kepemilikan kendaraannya disini karena baru beberapa
yang ditemukan dari laporan polisi ataupun kendaraan yang kita temukan,""
ungkapnya.

[Gambas:Video 20detik]

 ",www.detik.com
"2 Pelaku Pencurian HP di Makassar Ditangkap, Modus Minta Diantar ke Bengkel","Rabu, 27 Apr 2022 11:32 WIB","\-

Polisi menangkap 2 pelaku pencurian handphone (HP) di Kota Makassar, Sulawesi
Selatan (Sulsel). Pelaku menjalankan aksi kejahatan terhadap korbannya dengan
modus diantar ke bengkel.

""Benar, pencuri _handphone_ ini telah kami amankan. Modusnya minta diantar ke
korban ke sebuah bengkel untuk diperbaiki motornya,"" sambung dia,"" kata Kanit
Reskrim Polsek Tamalanrea, Iptu Nurtjahyana dalam keterangannya kepada , Rabu
(27/4/2022).

Kedua pelaku diketahui bernama Nova alias Bintang sebagai eksekutor dan Rudi
penadah hasil curian. Mereka diamankan polisi di wilayah Panciro, Kabupaten
Gowa, Selasa malam (26/4/2022).

  

""Di Panciro, Kabupaten Gowa, kami amankan pelaku Nova dan melakukan interogasi
saat itu juga dan kami kembangkan ke penadahnya bernama Rusdi,"" beber
Nurtjahyana.

Dari hasil interogasi, kasus ini berawal saat pelaku Nova berpura-pura ban
motornya mengalami kerusakan. Korban yang bersimpati, akhirnya bersedia
membawa Nova dan motornya ke bengkel terdekat di Kecamatan Tamalanrea, Kota
Makassar.

""Modusnya ini pelaku meminta tolong kepada korban untuk di antar ke bengkel.
Setelah itu pelaku meminjam _handphone_ korban dan membawa lari _handphone_
milik korban,"" jelasnya.

Saat ini kedua pelaku ditahan di Mapolsek Tamalanrea untuk proses hukum dan
interogasi lebih lanjut. Di kantor polisi, kedua pelaku pun mengakui
perbuatannya.

""Pelaku mengakui dan membenarkan telah mengambil _handphone_ milik korban.
Sementara Rusdi mengakui telah menerima gadai _handphone_ tersebut, namun
barang itu telah di jual online via aplikasi sosmed,"" terangnya.

Atas aksi pencuriannya kedua pelaku dijerat Pasal 372 KUHP. Sementara polisi
masih bergerak mencari barang bukti yang telah dijual oleh pelaku Rusdi.

""Untuk barang Bukti masih dalam pencarian. Kedua pelaku kami jerat Pasal 372
KUHPidana,"" tandasnya.

  
  
  
[Gambas:Video 20detik]  

 ",www.detik.com
"Mobil Angkut Gas 3 Kg Dibegal Kawanan Bersenjata di Jakut, Kernet Dibacok","Rabu, 11 Mei  2022 12:07 WIB","\-

Sopir dan kernet mobil pengangkut gas 3 kg menjadi korban begal di wilayah
Cilincing, Jakarta Utara. Pelaku yang berjumlah 6 orang membacok kernet hingga
terluka.

""Jadi kan dia dari Cakung mengarah ke Cilincing, terus di lampu merah Kebon
Baru itu di TKP itu dia berhenti karena lampu merah, terus langsung
_dihampirin_ sama 6 orang pelaku ya,"" Kata Kapolsek Cilincing Kompol Robinson
Manurung saat dihubungi, Rabu (11/5/2022).

Robinson mengatakan peristiwa pembegalan tersebut terjadi sekitar pukul 01.30
WIB hari ini. Tiga pelaku berhasil diamankan sekitar pukul 05.00 WIB.

""Jam setengah dualah (kejadiannya), jam 5 sudah _ketangkap_ ,"" ucapnya.

Dia menjelaskan empat pelaku naik ke atas mobil untuk mengambil tabung gas.
Kemudian, dua pelaku lainnya meminta sopir menyerahkan barang berharganya.

""Yang 4 orang naik ke atas _ngambilin_ tabung, yang dua orang minta duit ke
sopir,"" ujarnya.

Dia mengatakan sopir, AL, tidak mengalami luka. Sementara itu, pelaku membacok
kernet mobil, AG, karena berusaha menghalangi aksinya.

""Karena kernetnya ini lihat orang pada naik ke atas kernetnya ini turun, mau
melarang jangan _ngambilin_ tabung, malah diserang dibacok pakai celurit,""
tuturnya.

AG kini tengah menjalani perawatan di RSUD Cilincing. AG mengalami luka bacok
di bagian tangan dan perut.

""RSUD Cilincing ya korbannya, tangan kanan dan perut sebelah kanan,"" ujarnya.

 ",www.detik.com
2 dari 3 Begal Bersenjata Bacok Sopir di Bekasi Masih di Bawah Umur,"Rabu, 08 Jun 2022 14:53 WIB","\-

Dua di antara dari tiga anggota kawanan begal yang membacok sopir truk di
Setu, Kabupaten Bekasi, masih di bawah umur. Mereka berinisial SH dan A.

Kapolsek Setu AKP Sugeng Haryanto mengatakan pelaku MR sengaja merekrut SH dan
A. SH dan A diiming-imingi keuntungan besar.

""Salah satu pelaku yang kita amankan ini adalah kaptennya. Jadi memang dia
yang membawa anak-anak di bawah umur atau memaksa anak-anak itu untuk
melakukan pencurian dengan kekerasan. Menjanjikan hasilnya itu nanti dibagi
rata,"" tutur Sugeng dalam jumpa pers pada Rabu (8/6/2022).

MR bertugas membacok korban. Sementara SH dan A berperan menjadi joki.

""Mereka ada yang langsung bacok kalau korbannya melawan. Nah kalau dia
(korban) tidak melawan, mengambil barangnya dulu, kemudian tetap bacok,
padahal barangnya sudah diberikan, tetap dilukai,"" tuturnya.

""Cuman buat joki _aja_ , ajak jalan. Bantargebang empat kali (membegal),"" ujar
MR kepada awak media.

Sebelumnya, Polsek Setu menangkap tiga begal berinisial SH, A, dan MR di Setu,
Kabupaten Bekasi. Dua pelaku, SH dan A, masih di bawah umur.

""Pelakunya ada empat orang, alhamdulillah tiga orang telah berhasil kita
amankan, kita tangkap. Kebetulan Saudara SH ini kategorinya masih bawah umur.
Atas nama A ini juga kategori bawah umur jadi yang dewasa ini adalah MR alias
Ardan,"" ujar Sugeng Haryanto.

Sugeng menjelaskan, aksi begal ini terjadi pada Rabu (25/5), pukul 02.30 WIB.
Keempat pelaku membegal korban bernama Marjaya yang sedang beristirahat di
depan pom bensin.

""Marjaya ini merupakan sopir mobil boks yang pada saat itu sedang istirahat di
depan pom bensin. Beberapa saat kemudian datang dua motor secara berboncengan
ada empat orang. Mereka turun kemudian memaksa korban untuk menyerahkan
barang-barangnya, mereka minta dompet dan _handphone_ ,"" tuturnya.

[Gambas:Video 20detik]

 ",www.detik.com
Viral Remaja di Batu Bara Ditemukan dalam Keadaan Tangan Terikat,"Kamis, 02 Jun 2022 23:54 WIB","\-

Sebuah unggahan yang menunjukkan seorang remaja ditemukan dalam kondisi tangan
terikat viral di media sosial. Remaja itu juga terlihat dalam kondisi hanya
menggunakan celana dalam.

Dilihat , Kamis (2/6/2022), video yang diunggah akun Facebook Zul itu sudah
dibagikan lebih dari 700 kali. Dalam unggahan itu dituliskan peristiwa itu
terjadi di Kabupaten Batu Bara, Sumatera Utara, dan remaja terikat itu disebut
merupakan korban begal.

Saat ditemukan warga, dari rekaman video, raut muka remaja itu tampak
ketakutan. Tangannya dalam kondisi terikat ke belakang. Beberapa pria dalam
video itu tampak berusaha melepaskan ikatan tali di tangannya.

  

""Aih tengok pakai tali pinggan pula (diikat) kurang ajarnya lah orang itu,""
kata suara wanita dalam video.

Humas Polres Batubara, IPTU Rianus Zebua, saat dikonfirmasi membenarkan
peristiwa tersebut. Rianus mengatakan remaja itu merupakan korban kejahatan.

""Ya, kejadiannya benar, korban tindak kejahatan,"" kata Rianus saat
dikonfirmasi.

Peristiwa itu disebut terjadi di Jalan Acces Road Kuala Tanjung, Kelurahan
Sipare-pare, Kecamatan Sei Suka, Kabupaten Batubara pada Rabu (1/6) sore
kemarin.

Remaja dalam video itu diketahui berinisial D dan berusia 15 tahun. Sepeda
motor D dirampas, setelah itu dia diikat oleh pelaku.

Rianus menjelaskan peristiwa itu berawal saat korban diberhentikan oleh
seseorang yang tidak dikenalnya untuk meminta tumpangan. Nasib sial dialami
korban, orang yang hendak dibantunya itu malah merampas motor miliknya.

""Setelah kejadian itu, orang tua korban membuat laporan ke Polisi,"" ujarnya.

Kini, kasus tersebut masih ditangani oleh Polres Batu Bara.

  
  
  
[Gambas:Video 20detik]  

 ",www.detik.com
"Mayat dalam Karung Korban Pembunuhan, Polisi Turun Tangan","Selasa, 31 Mei  2022 22:17 WIB","\-

Sesosok mayat dalam karung ditemukan di bekas galian pasir di Legok,
Tangerang, menggegerkan warga. Mayat berjenis kelamin laki-laki ini ditemukan
tanpa busana.

Mayat tersebut ditemukan mengambang siang tadi. Petugas BPBD Kabupaten
Tangerang hingga kepolisian turun tangan ke lokasi penemuan mayat tersebut.

""(Mayat) dalam karung itu, masih di dalam karung kelihatan di gambarnya ya.
Masih kelihatan di gambarnya,"" ujar Kabid Kedaruratan dan Logistik BPBD
Kabupaten Tangerang Abdul Munir saat dihubungi, Selasa (31/5/2022).

Abdul Munir menjelaskan mayat dalam karung itu ditemukan warga sekitar pukul
11.00 WIB, di bekas galian pasir di Desa Legok RT 10 RW 11 Kecamatan Legok,
Kabupaten Tangerang. Mayat tersebut ditemukan terbungkus karung dengan posisi
mengambang di permukaan air.

## Ditemukan Tanpa Busana-Kepala Ditutup Plastik

Kapolres Tangerang Selatan AKBP Sarly Sollu menjelaskan mayat tersebut
ditemukan dalam kondisi tanpa busana. Selain itu, kepala korban ditutup
plastik dan mulutnya dilakban.

""Benar telah ditemukan sesosok mayat berjenis kelamin laki laki tanpa busana.
Mayat terbungkus di dalam karung dalam kondisi diikat dan ada pemberatnya,
kepalanya dibungkus kantong plastik warna hitam, dan mulutnya dilakban
bening,"" ujar Sarly dalam keterangan kepada wartawan, Selasa (31/5/2022).

## Penyebab Kematian Masih Diselidiki

Sarly mengatakan jasad telah dievakuasi ke rumah sakit untuk keperluan
autopsi. Polisi masih mendalami penyebab kematian Mr X tersebut.

""Mayat Mr X sudah dievakuasi dari danau sekitar pukul 14.17 WIB. Kami belum
bisa membeberkan penyebab kematian korban karena masih akan dilakukan
penyelidikan terlebih dahulu, akan dilakukan otopsi dan mencari identitasnya,""
ungkapnya.

 _Baca di halaman selanjutnya: mayat tanpa busana diduga korban pembunuhan._

Selanjutnya __

Halaman

1  2  3

 ",www.detik.com
Pria Bergamis yang Viral Curi Kotak Infak di Medan Ditangkap,"Minggu, 10 Apr 2022 21:03 WIB","\-

Pria yang menggunakan gamis saat mencuri kotak infak di masjid di Medan
ditangkap oleh warga. Setelah ditangkap pria itu dibawa ke kantor polisi.

""Iya benar. Awalnya diserahkan warga di Polsek Batang Kuis, kemudian kita
interogasi karena ada dugaan di TKP kita,"" kata Kapolsek Medan Timur Kompol
Rona Tambunan kepada wartawan, Minggu (10/4/2022).

Pria itu ditangkap bersama anaknya yang ikut melakukan aksi pencurian. Mereka
telah melakukan aksi pencurian di sejumlah masjid yang ada di Kota Medan dan
sekitarnya.

  

Rona mengatakan warga yang menjadi korban telah memaafkan pelaku. Sehingga
pihak Polsek Medan Timur menyerahkan pelaku ke Polsek Percut Sei Tuan karena
ada laporan terhadap pelaku di Polsek itu.

""Maka kami serahkan ke Polsek Percut karena ada laporan polisinya di sana,""
jelas Rona.

Sebelumnya, aksi pria dan anaknya yang menggunakan gamis dua kali terekam CCTV
saat melakukan aksi pencurian kotak infak di Medan. Terakhir keduanya
melakukan aksi pencurian di masjid yang ada di Jalan Budi Pemasyarakatan Kota
Medan.

""Pencurian kotak infak di musala Jalan Budi Kemasyarakatan, Medan Timur.
Kelihatannya dua ini pernah terekam CCTV mencuri isi kotak infak juga
sebelumnya,"" tulis pengunggah dalam video yang viral.

Kapolsek Medan Timur Kompol Rona Tambunan mengatakan terkait peristiwa itu,
pihaknya sedang melakukan penyelidikan.

""Untuk kejadian sedang dalam penyelidikan kita,"" sebut Rona.

  
  
  
[Gambas:Video 20detik]  

 ",www.detik.com
"Curi Motor di Parkiran Kafe di Cilincing Jakut, 2 Pria Ditangkap Polisi","Kamis, 02 Jun 2022 12:34 WIB","\-

Dua pria berinisial RS (28) dan RY (35) ditangkap polisi setelah kedapatan
mencuri motor di kawasan Cilincing, Jakarta Utara. Diketahui keduanya
merupakan spesialis maling motor.

Kanit Reskrim Polsek Cilincing AKP Alex Chandra mengatakan peristiwa terjadi
pada Rabu (1/6/2022) sekitar pukul 03.30 WIB. Bermula ketika korban Ridho
mendatangi kafe milik temannya dan meninggalkan motor di parkiran dengan
posisi terkunci.

""Awalnya korban berangkat dari kampus membawa sepeda motor menuju kafe milik
saksi 1 yang berada di TKP. Kemudian setelah sampai korban memarkirkan sepeda
motornya di depan kafe tersebut dengan keadaan terkunci setang dan dislot,""
kata Alex dalam keterangannya, Kamis (2/6/2022).

Setelah itu, korban berniat pergi ke warung sebelah kafe. Tepat pada pukul
03.30 WIB, dia melihat kendaraannya sudah tidak terparkir di sana.

""Sekitar jam 03.30 WIB korban berniat ingin ke warung sebelah kafe melewati
parkiran motor, ternyata korban melihat sepeda motornya sudah tidak ada atau
hilang,"" ujarnya.

Melihat hal tersebut, korban kemudian mengajak kedua temannya untuk mencari
sepeda motor di sekitar lokasi. Saat melewati Jalan Tipar Cakung, Semper, dia
melihat kedua pelaku tengah duduk di atas motor dia.

Kemudian korban dan temannya dibantu Tim Opsnal Polsek Cilincing menghampiri
pelaku untuk membawa kembali motornya. Alex menuturkan pelaku sempat melakukan
perlawanan.

""Korban bersama saksi 1, saksi 2, serta Tim Opsnal yang saat itu sedang
melaksanakan patroli berhasil mengamankan kedua orang pelaku, dan sempat
melakukan perlawanan dari kedua pelaku, namun korban bersama saksi 1 dan saksi
2 berhasil mengamankannya,"" imbuhnya.

Kedua pelaku kemudian diamankan di Polsek Cilincing. Selain itu, barang bukti
yang digunakan untuk mencuri juga turut disita, di antaranya 1 unit motor
Honda Beat B-4009- BJV, 1 lembar STNK asli, 2 buah kunci kontak, 2 buah kunci
leter Y, 3 buah kunci leter L, 1 buah kunci leter T.

Setelah dilakukan pemeriksaan, diketahui keduanya merupakan spesialis maling
motor. Diketahui mereka sudah beraksi sebanyak tiga kali. Atas kasus tersebut
pelaku dijerat Pasal 363 ayat 1 ke-4 dan ke-5 KUHPidana.

[Gambas:Video 20detik]

  
  

 ",www.detik.com
6 Fakta Baru Usai 9 Begal 2 Prajurit di Jaksel Jadi Tersangka,"Rabu, 11 Mei  2022 07:22 WIB","\-

Sembilan begal dua prajurit TNI di Jakarta Selatan (Jaksel) telah ditangkap.
Mereka juga ditetapkan sebagai tersangka dan ditahan polisi.

Awalnya, pelaku bernama M Rizky diserahkan ke polisi usai rombongannya gagal
membegal Prada Ardian Sapta Savela dan Prada Junior Noval. Rizky mendekam di
ruang tahanan Polsek Kebayoran Baru usai dibekuk Prada Ardian dan Prada Junior
yang ingin dibegalnya pada Minggu (8/5) pagi.

Diketahui, Prada Ardian dan Prada Junior hampir menjadi korban pembegalan usai
berbelanja kebutuhan logistik untuk Batalyon Arteleri Pertahanan Udara
(Yonarhanud) 10/ABC di Kebayoran Baru, Jaksel.

Berselang sehari kemudian, delapan pelaku begal lainnya ditangkap polisi. Ada
sejumlah pelaku yang masih kategori anak-anak.

Kesembilan tersangka begal tersebut berinisial MRH (20), MRM (19), RM (24), TP
(21), NB (16), FR (17), MAH (15), AM (19), dan RM (19).

""Kesembilan orang ini sudah dilakukan pemeriksaan dan sudah diterapkan sebagai
tersangka. Kemudian barang bukti yang bisa diamankan penyidik terkait kasus
ini di antaranya tiga motor milik para pelaku, satu unit motor masih dalam
perjalanan,"" kata Kabid Humas Polda Metro Jaya, Kombes Endra Zulpan, kepada
wartawan, Selasa (10/5/2022).

Akibat perbuatannya, pelaku disangkakan dengan Pasal 53 KUHP _juncto_ Pasal
365 KUHP dengan ancaman pidana paling lama 9 tahun penjara

[Gambas:Video 20detik]

Berikut fakta-fakta 9 pembegal 2 prajurit di Jaksel menjadi tersangka:

Halaman Selanjutnya

![6 Fakta Baru Usai 9 Begal 2 Prajurit di Jaksel Jadi
Tersangka](https://akcdn.detik.net.id/community/media/visual/2022/05/09/penampakan-
lokasi-9-begal-serang-2-anggota-tni-di-kebayoran-baru-wilda-
detikcom_43.jpeg?w=200&q=90)

###  Kronologi 2 TNI Gagalkan 9 Begal di Jaksel

__

1  2  3  4  5  6  7

Daftar Halaman __

Daftar Halaman

1

###  6 Fakta Baru Usai 9 Begal 2 Prajurit di Jaksel Jadi Tersangka

2

###  Kronologi 2 TNI Gagalkan 9 Begal di Jaksel

3

###  Pelaku Pesta Miras Sebelum Begal

4

###  Modus Minta Rokok Lalu Lempar Batako

5

###  Anggota TNI-Begal Saling Tendang di Atas Motor

6

###  Pelaku Begal Sumpah Bohong agar Warga Simpati

7

###  Peran 9 Begal 2 Prajurit TNI

  

__ 0 komentar

BAGIKAN  __ __ __ __ __ URL telah disalin

 ",www.detik.com
"2 Kelompok Warga di Kolaka Utara Bentrok Pakai Parang, 1 Orang Tewas","Rabu, 01 Jun 2022 13:16 WIB","\-

Dua kelompok warga di Kabupaten Kolaka Utara, Sulawesi Tenggara (Sultra)
terlibat bentrok menggunakan parang gara-gara cekcok soal batas tanah kebun. 1
Orang berinisial A (60) tewas dibacok akibat insiden tersebut.

""Iya dua kelompok (satu kampung), satu korban tewas inisial A,"" kata Kasat
Reskrim Polres Kolaka Utara AKP Husni Abda kepada , Rabu (1/5/2022).

Husni mengungkapkan peristiwa itu terjadi sekitar pukul 11.00 Wita, Selasa
(31/5). Kedua kelompok tersebut diduga bertikai karena persoalan batas patok
tanah.

  

""Terkait patok batas tanah kebun. Konfliknya di kebun, bukan di pemukiman
warga,"" ujarnya.

Husni mengungkapkan masing-masing kelompok terdiri dari beberapa orang di
lokasi. Namun pertikaian berujung satu nyawa korban melayang hanya melibatkan
6 orang.

""Kalau di TKP memang masing-masing kelompok ada beberapa orang, hanya yang
benar-benar bertikai 3 lawan 3,"" ujar dia.

Saat bertikai, masing-masing dari mereka memegang senjata tajam jenis parang.
Hingga akhirnya korban A tewas karena terkena sabetan parang di bagian dada.

""Iya di bagian dada (korban terkena bacok),"" ujar dia.

Pertikaian tersebut berlangsung tidak kurang dari 2 jam. Sekira pukul 13.00
Wita, pihak kepolisian yang turun tangan di lokasi sudah bisa mengevakuasi
para korban.

""Kejadian itu siang sebelum zuhur sekitar pukul 11.00 Wita dan bisa diredamkan
sampai pukul 13.00 Wita, polisi sudah proses evakuasi dan dibawa ke
Puskesmas,"" ujarnya.

Saat ini, polisi masih menyelidiki peristiwa tersebut. Para saksi sudah
dipanggil untuk dimintai keterangan. Sementara korban luka-luka masih
dilakukan penanganan di Puskesmas.

""Masih penyelidikan, para pelaku yang terlibat pertikaian masih dalam
perawatan medis. Jadi belum bisa diambil keterangannya,"" ungkapnya.

  
  
  
[Gambas:Video 20detik]  

 ",www.detik.com
"Perampok Sadis di Kolut Ditangkap, Aniaya Korban Pakai Martil","Sabtu, 28 Mei  2022 21:08 WIB","\-

Perampok sadis di Kolaka Utara (Kolut), Sulawesi Tenggara (Sultra) inisial R
(33) ditangkap polisi. R melakukan aksi perampokan di rumah tetangganya namun
karena kepergok, pelaku lantas menganiaya korban menggunakan martil.

""Saat ini pelaku sudah diamankan di Polres Kolaka Utara untuk proses lebih
lanjut,"" kata Kapolres Kolaka Utara AKBP Mohammad Yosa Hadi dalam keterangan
resminya, Sabtu (28/5/2022).

Yosa mengungkapkan, pelaku berhasil masuk ke dalam toko korban melalui atap.
Pelaku yang hendak mencuri uang korban kemudian kepergok sehingga melakukan
penganiayaan menggunakan martil.

  

""Saat pelaku dilihat korban, pelaku melakukan kekerasan terhadap korban
menggunakan martil ke arah korban secara berulang-ulang,"" ujarnya.

Setelah menganiaya korbannya, pelaku langsung mengambil uang sebanyak Rp 2
juta dan 2 unit HP. Pelaku kemudian pergi meninggalkan korban dalam kondisi
terluka parah.

Terpisah, Kasi Humas Polres Kolaka Utara Iptu Arif Afandi mengungkapkan hasil
penyelidikan pelaku diketahui merupakan tetangga korban sendiri di Kecamatan
Pakue. Pelaku pun ditangkap saat berada di rumahnya pada Kamis (26/5) sekira
23.00 Wita.

""Iya pelaku ini tetangga korban di desa, jadi pelaku ditangkap di rumahnya,""
ujarnya.

Arif menuturkan pelaku hendak melarikan diri saat akan dilakukan penangkapan
sehingga polisi mengambil tindakan terukur dengan menembakan timah panas di
salah satu kakinya.

""Pelaku ditembak satu kakinya sebelah kiri karena berusaha lari,"" ujarnya.

Atas perbuatannya, pelaku dijerat dengan Pasal 365 Ayat 3 KUHPidana tentang
pencurian yang menyebabkan korban tewas dengan ancaman paling lama 15 tahun
penjara.

  
  
  
[Gambas:Video 20detik]  

 ",www.detik.com
Pria Ditembak Tersungkur di Sumenep Pelaku Begal,"Senin, 14 Mar 2022 07:03 WIB","\-

Seorang pria di Sumenep jatuh tersungkur ditembak. Dalam video berdurasi 26
detik itu tampak seorang pria memakai jaket kulit hitam dan berhelm putih
tengah menenteng celurit di jalanan. Peristiwa itu terjadi Minggu (13/3/2022)
sore di Jalan Adirasa, Sumenep, Madura.

Tak lama terdengar beberapa suara tembakan. Sesaat kemudian pria tersebut
ambruk di tengah jalan. Sebelum tewas ditembak, pria tersebut berusaha
membegal seorang perempuan di Jalan Adirasa, Sumenep, Madura.

""Mau merampas sepedanya (korban), jadi ditodong dengan celurit,"" ujar Kasubbag
Humas Polres Sumenep AKP Widiarti kepada wartawan, Minggu (13/3/2022).

Widiarti mengatakan saat ditodong dengan celurit, korban berteriak-teriak
minta tolong. Polisi yang mendapat info segera meluncur ke lokasi. Polisi yang
mendapati pelaku masih ada di lokasi segera memberikan peringatan kepada
pelaku.

Namun pelaku justru mendekati polisi sambil menenteng celurit di tangannya.
Polisi pun memberikan tembakan peringatan. Saat tembakan peringatan tak
diindahkan. Tembakan terukur pun diarahkan ke korban. Korban jatuh tersungkur
setelah ditembak.

""Sebelum sampai rumah sakit pelaku dinyatakan meninggal dunia,"" kata Widiarti.

Korban sendiri, kata Widiarti, tidak mengalami luka. ""Untuk korban belum
mengalami luka karena petugas dengan sigap melakukan tugasnya,"" tandasnya.

Usai ambruk, pria tersebut kemudian didatangi sejumlah orang. Salah satu orang
itu tampak langsung mengamankan clelurit yang dibawa pria itu. Saat
mengamankan sajam, begal tersebut dalam pengaruh alkohol. Keluarga pelaku juga
membenarkan jika Herman sering mabuk-mabukan. Bahkan Herman dikatakan mabuk
setiap hari.m

""Memang betul, apa yg disampaikan pihak keluarga bahwa pelaku dalam pengaruh
miras,"" ujar Kasubbag Humas Polres Sumenep AKP Widiarti kepada wartawan,
Minggu (13/3/2022).

Rupanya, pria yang ditembak mati tersebut adalah Herman (22), warga Gadu
Timur, Ganding, Sumenep.

""Herman ini (pekerjaan) sehari-harinya ambil batu, batu putih,"" ujar Jalil,
paman Herman kepada wartawan.

Jalil mengatakan sebelum kejadian tersebut, Herman keluar tanpa pamit. Dia
keluar membawa sebuah celurit. Jalil mencoba mencegah dan memperingatkan
Herman. Namun Herman tetap pergi keluar.

""Dia bawa semacam sabit panjang, dari saya dipegang tak dikasih, terus
berangkat,"" kata Jalil.

  
  
  
[Gambas:Video 20detik]  

 ",www.detik.com
Ini Isi Chat Suami yang Bikin Pelaku Murka hingga Tega Bunuh Dini Nurdiani,"Sabtu, 14 Mei  2022 18:48 WIB","\-

Pembunuhan Dini Nurdiani (26) telah direncanakan oleh tersangka perempuan
inisial NU (24). NU nekat menghabisi nyawa Dini Nurdiani setelah membongkar
_chat_ perselingkuhan suaminya, ID (27), dengan korban. Apa isinya?

""Isinya bahwa 'kapan kamu mau ceraikan istrinya?', balas suaminya 'iya, nanti
habis Lebaran saya akan urus perceraian saya', 'apa perlu saya _temenin_?'.
Nah itu, berawal dari situ, makanya dia emosi,"" ujar Kapolsek Cengkareng
Kompol Ardhie Dimasetyo saat jumpa pers di Mapolsek Cengkareng, Sabtu
(14/5/2022).

Ardhie tidak menjelaskan kapan NU mengetahui perselingkuhan suaminya dengan
korban itu. Namun NU mulai menyusun rencana untuk menghabisi nyawa Dini
Nurdiani.

Perencanaan itu ia lancarkan dengan memancing korban terlebih dahulu. Pada 26
April 2022, NU memancing korban dengan berpura-pura menjadi suaminya dan
mengajak buka puasa bersama.

![Pelaku pembunuhan Dini Nurdiani \(26\) adalah seorang perempuan, ini
tampangnya](https://akcdn.detik.net.id/community/media/visual/2022/05/14/pelaku-
pembunuhan-dini-nurdiani-26-adalah-seorang-perempuan-ini-
tampangnya_169.jpeg?w=620) _NU (24), tersangka pembunuhan Dini Nurdiani (Nahda
Rizki/detikcom)_  
  
---  
  
""Jadi dia WA kepada korban bahwa 'kita bukber, nanti yang jemput adalah
ponakan saya',"" katanya.

Pada saat itu NU janjian dengan korban bertemu di halte di kawasan TMII,
Jaktim. NU lalu datang dan mengaku sebagai keponakan ID.

""Jadi pada saat ketemu di halte, mungkin korban mengetahui 'itu adalah ponakan
dari pacarnya,"" kata Ardhie.

Pada saat pertemuan tersebut, NU sudah mempersiapkan peralatan berupa pisau,
kunci inggris, dan gunting untuk membunuh korban. Korban dibunuh di tanah
kosong di perumahan di Jatisampurna, Kota Bekasi.

[Gambas:Video 20detik]

  
  

Selanjutnya __

Halaman

1  2

 ",www.detik.com
Pria di Madiun Rampas Motor dan HP Petani dengan Alasan Bantu Pacar,"Selasa, 02 Nov 2021 17:06 WIB","\- Pria di Madiun merampas ponsel dan motor seorang petani. Pelaku mengaku
butuh uang untuk membantu sang pacar mengurus persalinan anaknya.

Pria tersebut berinisial SS (42) warga Jombang. Sementara korban yakni Saman
(62), warga Desa/Kecamatan Mejayan, Madiun.

""Betul Satreskrim Polres Madiun mengamankan pria inisial SS (42) pelaku
pencurian dengan kekerasan. Korban petani,"" kata Kapolres Madiun, AKBP Jury
Leonard Siahaan kepada wartawan, Selasa (2/11/2021).

Perampasan motor itu, kata Jury, dilakukan oleh pelaku pada Senin (18/10).
Korban yang merupakan seorang petani juga menerima tindakan kekerasan.

""Berawal saat korban sedang mengairi sawahnya di Jalan Sawah Turut, Dusun
Robahan, Desa Mejayan. Saat di sawah itu pelaku menghampiri korban dan terjadi
obrolan ringan,"" kata Juri.

""Korban dan pelaku ini tidak saling kenal. Tapi karena tidak ada kecurigaan,
korban tetap melayani obrolan dengan pelaku. Lantas pelaku melihat ponsel di
saku, seketika membacok memakai sabit dan membawa kabur sepeda motor korban,""
imbuhnya.

Selanjutnya __

Halaman

1  2

 ",www.detik.com
Gawat Kali! Pria Bermotor Terekam Curi Beras Zakat di Masjid Medan,"Sabtu, 30 Apr 2022 14:18 WIB","\-

Seorang pria yang menggunakan sepeda motor terekam CCTV diduga mencuri beras
zakat fitrah di sebuah masjid di Kota Medan. Polisi pun turun tangan
menyelidiki hal itu.

Dilihat detikSumut, Sabtu (30/4/2022), pria itu melakukan aksinya di masjid
Syarifaturrahman, Medan Barat, Medan. Pria itu mengambil beras dari meja yang
berada di posko pengumpulan zakat.

Beras yang diletakkan di atas meja itu diambil dan kemudian dimasukkan ke
dalam kantong plastik yang berada di bagian depan sepeda motor. Setelah
mengambil beras, pria itu kemudian pergi meninggalkan lokasi.

  

Suara dalam video mengatakan beras yang diambil itu adalah beras yang mahal.
Disebutkan juga jika pria itu sudah beberapa kali melakukan pencurian.

""Maling beras fitrah, yang mahal pula itu diambilnya. Pencurian, zakat fitrah
ini, berkali-kali maling ini,"" kata seseorang dalam video itu.

Kasat Reskrim Polrestabes Medan Kompol Teuku Fathir mengatakan pihaknya akan
menyelidiki hal itu.

""Kami lidik,"" kata Fathir kepada wartawan.

  
  
  
[Gambas:Video 20detik]  

 ",www.detik.com
"Pembunuhan Tunawicara di Jakpus, Polisi: Pelaku-Korban Berhubungan Sejenis","Senin, 13 Des 2021 16:03 WIB","\-

Polisi mengungkap kasus pembunuhan yang menewaskan pria tunawicara berinisial
YW (25) di Kemayoran, Jakarta Pusat. Polisi menyebut korban dengan pelaku
berinisial AS (20) sempat berhubungan intim sesama jenis.

Kabid Humas Polda Metro Jaya Kombes E Zulpan mengatakan kedua orang itu
awalnya berkenalan lewat aplikasi MiChat pada Senin (30/11). Keduanya kemudian
memutuskan bertemu di rumah korban.

""Tersangka dan korban saling mengenal melalui aplikasi MiChat di mana dalam
aplikasi itu pelaku memakai nama sasaran Dika dan korban pakai nama Y, bukan
wanita,"" kata Zulpan di Polda Metro Jaya, Jakarta, Senin (13/12/2021).

Menurut Zulpan, pelaku tiap malam diketahui kerap menginap di rumah korban.
Keduanya beberapa kali sempat melakukan hubungan seksual.

Pada Kamis (8/12), saat pelaku AS menginap di rumah korban, dia mendengar
orang tua korban sedang dalam keadaan sakit dan dirawat di rumah sakit. Niat
jahat pelaku kemudian muncul usai mengetahui korban seorang diri di rumah.

""Nah di situlah muncul niat tersangka mau menguasai harta korban. Jadi motif
kasus ini adalah tersangka ingin kuasai barang yang dikuasai korban, yakni
sepeda motor dan _handphone_ ,"" terang Zulpan.

### Korban Ditusuk Saat Tidur

Pelaku lalu merancang pembunuhan kepada korban. Dia menyiapkan sebilah pisau
di dapur korban untuk nantinya digunakan buat melakukan pembunuhan tersebut.

""Lalu tanggal 9 Desember, Kamis dini hari, mereka lagi melakukan hubungan
intim layaknya suami istri walau sesama jenis. Kemudian pada saat korban
tertidur dan masih belum menggunakan pakaian, di situ tersangka menghabisi
korban, menusuk leher dan perut sebanyak 11 kali,"" tutur Zulpan.

 _Simak selengkapnya di halaman selanjutnya_

[Gambas:Video 20detik]

  
  
  

Selanjutnya __

Halaman

1  2

 ",www.detik.com
"Sasar Motor Anak Kos di Depok, Pencuri Ini Diciduk Usai 20 Kali Beraksi","Senin, 20 Des 2021 19:05 WIB","\-

Polsek Beji berhasil menangkap pria berinisial YGG (26) yang melakukan aksi
pencurian motor di wilayah Beji, Depok. YGG sudah melakukan aksi pencurian
motor selama 20 kali.

""Pelakunya sudah sekitar 20 kali melakukan pencurian kendaraan di wilayah
Beji,"" kata Kapolsek Beji Kompol Agus Khoeron di Polres Metro Depok, Jl
Margonda Raya, Depok, Senin (20/12/2021).

Agus mengatakan YGG melakukan aksinya bersama rekannya yang berinisial F.
Sampai saat ini polisi masih mengejar F.

""Kalau dia melakukannya berdua. Yang satunya DPO karena kemarin coba kita
tangkap ternyata di daerah atau di tempat yang bersangkutan yang berinisial F
itu tidak ada di kediamannya. kita masih coba lakukan pengejaran mudah mudahan
bisa tertangkap,"" jelas Agus.

![Polsek Beji, Depok menangkap pelaku pencurian motor yang sudah 20 kali
beraksi](https://akcdn.detik.net.id/community/media/visual/2021/12/20/polsek-
beji-depok-menangkap-pelaku-pencurian-motor-yang-sudah-20-kali-
beraksi_169.jpeg?w=620)Pelaku kerap menyasar motor anak kos. (Nahda Rizki
Utami/detikcom)  
  
---  
  
Agus menyampaikan modus operandi yang dilakukan YGG ini tidak dengan merusak
kunci motor. Pelaku hanya mengincar motor yang tidak dikunci setang.

""Modusnya cukup unik karena yang bersangkutan tidak merusak kunci, tidak
melakukan dengan kunci T. Kan selama ini lazimnya menggunakan kunci T, tapi
ternyata yang bersangkutan pilih-pilih motor kalau tidak dikunci stang, dia
bawa, _disetut_ , dituntun layaknya motor saja,"" tutur Agus.

Setelah mendapatkan hasil curian, pelaku baru membongkar kunci motor. Ia
menggantinya dengan yang baru.

""Dibawa, setelah _nyampe_ di kontrakannya baru dibongkar. Kemudian digantilah
kuncinya kemudian barang itu dilepas,"" tuturnya.

 _Simak selengkapnya di halaman selanjutnya_

Selanjutnya __

Halaman

1  2

 ",www.detik.com
"Sulit Berkomunikasi, Pelaku Curanmor Bekasi Dirujuk ke RSJ","Minggu, 08 Mei  2022 15:24 WIB","\-

Seorang pria yang diduga hendak melakukan aksi pencurian motor di Jatimurni,
Bekasi, diamankan warga. Pria tersebut akan dibawa ke rumah sakit jiwa (RSJ)
lantaran sulit diajak berkomunikasi saat diinterogasi.

Dalam sebuah rekaman video viral, terlihat pria tersebut tengah duduk di
lantai dalam keadaan tangan terikat ke belakang. Beberapa orang warga yang
kesal tampak memberikan pukulan kepada pria itu.

Dalam narasi video itu dijelaskan bahwa pria itu tertangkap oleh warga di
wilayah Jatimurni, Pondok Melati, Bekasi, pada Sabtu (7/5/2022). Warga yang
kesal tampak memberikan pukulan kecil kepada pria itu, tetapi beberapa warga
akhirnya melerainya.

"" _Woy udah_. _Udah_ ada polisi. _Astaghfirullahaladzim_ ,"" sebut salah
seorang pria dalam video tersebut, seperti yang dilihat , Minggu (8/5).

Kanit Reskrim Polsek Pondok Gede membenarkan kejadian itu. Dia mengatakan pria
itu diamankan warga saat hendak melakukan aksi curanmor.

""Benar, ada laporan dari warga bahwa motornya baru dipegang trus korban teriak
maling sehingga warga langsung mengamankan org tersebut ke Polsek,"" ucap Kanit
Reskrim Polsek Pondok Gede Iptu Tamat saat dimintai konfirmasi, Minggu (8/5).

Tamat menjelaskan pria tersebut menjalani pemeriksaan dan dimintai keteragan
guna pengembangan lebih lanjut. Namun polisi kesulitan mengkonfirmasi pria
itu, akhirnya polisi berencana merujuk pria itu ke Rumah Sakit Polri.

""Setelah diinterogasi ternyata jawabannya sering enggak _nyambung_ ,""
jelasnya.

""Sehingga masih didalami dan rencana akan kita bawa ke dokter jiwa di RS
Polri,"" tutupnya.

 ",www.detik.com
"Viral Postingan soal Begal Tembak Korban di Bekasi, Ini Kata Polisi","Kamis, 07 Apr 2022 11:51 WIB","\-

Sebuah postingan tentang aksi begal di Jl Ahmad Yani, Bekasi Selatan, Kota
Bekasi, viral di media sosial. Korban, pemuda inisial F (25), disebut ditembak
begal hingga ponselnya raib.

Korban disebutkan dibegal di depan GOR Candrabhaga, Jl Ahmad Yani, Kota
Bekasi, pada Rabu (6/4) dini hari. Dinarasikan, korban dibegal dengan
menggunakan senjata api.

Seorang pria bernama Dhani (23), yang mengaku teman korban F, mengatakan saat
itu F melintas di lokasi dan dibuntuti oleh para pelaku berjumlah sekitar
empat orang.

""Korban sendiri dari arah Kranji mau balik ke arah Cipendawa, pokoknya dia
dibuntuti dari Pospol Kayuringin,"" tutur Dhani ketika dihubungi , Kamis
(7/4/2022).

Setiba di Jalan Ahmad Yani, korban dibegal keempat pelaku yang saat itu
menendang korban hingga terjatuh. Setelah itu, salah seorang pelaku
mengacungkan celurit dan pelaku yang lain menembakkan senjata api ke atas.

""Dia (korban) ditendang, satu motor itu bonceng dua-dua, yang satu motor
pegang celurit, yang satu motor itu bawa senpi. Sesudah jatuh, baru
_ditembakin_ ke atas, mungkin buat bikin si korban _nge-down gitu_ ,""
tuturnya.

Menurut Dhani, F mencoba untuk mengejar para pelaku. Pelaku yang membawa senpi
sempat mengarahkan senpi ke arah pelaku namun tidak kena.

""Dia bangkit _ngikutin_ lagi, _ngikutin_ si pelaku itu ke arah Rumah Sakit
Hermina, si pelaku itu _ngarahin_ (senpinya) ke belakang, cuma nggak kena,""
ucapnya.

Dhani mengatakan F mengaku pada saat kejadian itu banyak masyarakat yang
menyaksikan. Namun tidak ada yang menolong korban karena merasa takut.

""Di situ ada tukang dagang sama orang-orang yang lagi _nongkrong_ pada takut,
nggak ada yang berani _ngebela_ , karena senpinya itu _udah_ keluar, _udah_
meletus,"" imbuhnya.

### Penjelasan Polisi

Dihubungi terpisah, Kanit Reskrim Polsek Bekasi Selatan, Iptu Mastur
Situmorang mengaku pihaknya belum mendapatkan laporan mengenai peristiwa
tersebut. Kata Mastur, anggotanya pada malam kejadian tersebut sedang
berpatroli di wilayahnya.

""Nggak ada (laporan), Bang, kalau di Selatan, tadi malam sampai pagi nggak ada
laporan seperti itu, itu kan ramai, kalau ada seperti itu pasti ramai dong,""
ucap Mastur.

[Gambas:Video 20detik]

  
  

 ",www.detik.com
Pelaku Begal Ustaz di Bekasi Ditangkap!,"Rabu, 29 Sep 2021 19:53 WIB","\-

Polisi menangkap terduga pelaku begal ustaz di Mustika Jaya, Kota Bekasi.
Polisi masih mendalami motif pembegalan.

""Tadi pagi pelakunya telah diamankan,"" kata Kabag Penum Divisi Humas Polri
Kombes Ahmad Ramadhan dalam webinar bertajuk 'Kekerasan terhadap Pemuka Agama'
di YouTube Gelora TV, Rabu (29/9/2021).

Ramadhan mengatakan, informasi awal menyatakan peristiwa itu bermotif begal.
Pelaku dan ustaz juga disebut tidak saling mengenal.

""Kami juga ingin memastikan apa motif dari kasus pembegalan dan pembacokannya.
Informasi awal bahwa motif dari pelaku adalah melakukan begal, dia ingin
merampas sepeda motor milik ustaz. Artinya, pelaku dalam hal ini tidak
mengenal sama sekali, dia memang tujuannya ingin merampas sepeda motor
tersebut,"" kata dia.

Ramadhan mengatakan polisi masih melakukan pemeriksaan terduga pelaku. Dia
mengaku belum mengetahui detail motif pelaku.

""Kami belum tahu, masih dilakukan pemeriksaan apa motifnya,"" tutur dia.

Sebelumnya, seorang ustaz berinisial RM (39) menjadi korban begal di Mustika
Jaya, Kota Bekasi. Para pelaku membawa kabur motor setelah melumpuhkan korban
dengan senjata tajam.

""Jadi yang hilang itu kendaraan sepeda motor korban harganya kurang-lebih Rp
20 juta,"" kata Kasubag Humas Polres Metro Bekasi Kota Kompol Erna Ruswing saat
dihubungi, Rabu (22/9).

Peristiwa itu terjadi di Jalan Babakan, Mustika Jaya, Kota Bekasi, Selasa
(21/9) pukul 22.00 WIB. Korban saat itu naik motor sepulang dari Bogor menuju
rumahnya di Cikarang, Bekasi.

 ",www.detik.com
Pria di Balikpapan Bunuh Tetangga Gegara Kesal Disuruh-suruh,"Rabu, 18 Mei  2022 00:15 WIB","\-

Seorang pria di Balikpapan, Kalimantan Timur (Kaltim) berinisial BS (40) tega
membunuh tetangganya sendiri berinisial MR. Pelaku menikam korban dengan pisau
lantaran kesal kerap disuruh-disuruh.

""Pelaku kesal lantaran sering di suruh-suruh korban melakukan pekerjaan
apapun,"" ucap Kapolres Balikpapan Kombes Thirdy Hadmiarso saat menggelar
rilis, Selasa (17/5/2022).

Peristiwa tersebut terjadi di Jalan Sukarno Hatta Kilometer 10, Kelurahan
Karang Joang, Balikpapan pada Minggu siang (15/5). Saat insiden itu terjadi BS
dan MR, dan 11 warga lainnya sedang melakukan gotong royong membersihkan
sebuah gereja yang berada di dekat kediaman mereka.

  

""Saat kejadian korban dan pelaku ini lagi sedang bersih-bersih gereja. Pelaku
yang sedang istirahat tersinggung lantaran berulang-ulang disuruh korban
menggali lubang untuk tiang pancang Kapela (gereja), hingga akhirnya pelaku
mengambil pisau yang digunakan untuk gotong royong dan menusukkan ke dada
korban,"" terangnya.

Usai menusuk MR, BS kemudian berusaha melarikan diri, namun salah seorang
rekannya AG menghalangi BS. Kesal lantaran dihalangi, BS kemudian berusaha
menikam AG namun ditepis menggunakan tangan yang membuat pergelangan tangan AS
terluka.

""Satu korban lainnya ini rekannya yang berusaha mencegah pelaku melarikan
diri. Korban terluka di bagian tangan sebelah kiri lantaran menepis pisau yang
di hujatan ke tubuhnya,"" bebernya.

Pelaku BS kemudian melarikan diri dengan menumpang kendaraan mobil pikap.
Selanjutnya BS turun di kilometer 15, Balikpapan. Pelaku turun di lokasi
tersebut karena berniat menyerahkan diri ke kantor polisi.

BS yang mencari tumpangan kemudian memberhentikan emak-emak berinisial SS yang
melintas mengendarai sepeda motor untuk diantar. Namun lantaran takut, SS
menolak permintaan BS hingga membuat BS marah hingga menyerang punggung SS
hingga terluka.

""Pelaku lantas emosi karena ibu (SS) ini menolak dimintai pelaku mengantarkan
ke kantor polisi, hingga akhirnya pelaku melukai korban,"" tutupnya.

BS pun berhasil diamankan setelah menyerahkan diri ke Polsek Balikpapan Utara
beserta barang bukti. Akibat perbuatannya BS pun dijerat pasal 351 JO pasal 64
atas tindakan pembunuhan dan penganiayaan dengan ancaman di atas 5 tahun.

  
  
  
[Gambas:Video 20detik]  

 ",www.detik.com
"Maling Spesialis Rumah Kosong 3 Kali Berkasi di Tangsel, Raup Ratusan Juta","Senin, 30 Mei  2022 20:28 WIB","\-

Polisi mengungkapkan, AS (32), tersangka pencurian spesialis rumah kosong
sudah 3 kali melakukan aksinya di Pamulang, Tangerang Selatan (Tangsel). Dari
tiga lokasi itu tersangka meraup ratusan juta rupiah.

""Kerugian dari korban TKP pertama Rp 65 juta. Lokasi kedua Rp 100 juta dan
lokasi ketiga Rp 40 juta,"" ujar Kapolres Tangsel AKBP Sarly Sollu kepada
wartawan di Mapolres Tangsel, Senin (30/5/2022).

Diketahu AS melancarkan aksinya bersama dua temannya berinisial BS dan RZ yang
masih dalam pengejaran. Satu orang penadah berinisial AAN masih dikejar
polisi.

""Jadi pelaku ada 3 orang. 2 masih DPO masih dilakukan pengejaran. Tempat
menjual hasil curian atas nama inisial AAN juga dalam pengejaran,"" tambahnya.

Sarly menjelaskan peran dari tiga pelaku ini dalam melancarkan aksinya
berbeda-beda. Mereka mengincar rumah yang sedang kosong yang ditinggal
pemiliknya.

""AS mengincar rumah yang kosong kemudian bersama dengan RZ melakukan
pembobolan atau lewat pagar dan peran BS mengawasi lingkungan. Setelah bisa
dijebol oleh AS bersama RZ barang tersebut dibawa bersama dengan BS hasil
curiannya langsung diberikan kepada AAN yang sementara DPO,"" tuturnya.

Ia menuturkan barang bukti yang diamankan 1 buah gelang emas, 1 buah kalung, 2
buah cincin, 2 jam tangan merek Fossil, 1 pasang pelat nomor sepeda motor
Honda Beat dengan nopol B-6184-WKT. Pelaku ditangkap di kontrakannya di
Sawangan, Depok.

""Tim reskirm menangkap dan menggeledah rumah kontrakan tersebut dan menemukan
barang bukti berupa kalung emas,"" ucap Sarly.

Sementara itu, Kanit Reskrim Polsek Pamulang AKP Erwin Subekti mengatakan
pelaku menggunakan hasil curian untuk kebutuhan hidup.

""Untuk kebutuhan hidupnya,"" katanya.

[Gambas:Video 20detik]

  
  

 ",www.detik.com
"Ngeri! Pria Maroko Ngaku Perkosa 1.500 Wanita, Berujung Dihukum Mati","Minggu, 03 Apr 2022 14:00 WIB","\-

Mohamed Mustapha Tabet dicatat sebagai aib bagi Maroko. Pasalnya, pria ini
adalah penjahat yang telah memperkosa lebih dari 1.500 wanita.

Dilansir dari Morocco World News, Ramadhan 1993 menjadi periode paling gelap
dalam sejarah Maroko. Tahun itu ditandai dengan pengadilan pertama bagi
seorang pemerkosa berantai di negeri itu.

Mohamed Mustapha Tabet, pemerkosa berantai paling terkenal dalam sejarah
Maroko, dijatuhi hukuman mati pada Maret 1993 oleh pengadilan di Casablanca,
karena menyalahgunakan kekuasaannya sebagai komisaris polisi. Dia menculik
serta memperkosa lebih dari 1.500 wanita selama 13 tahun.

Pada tahun-tahun menjelang persidangan Tabet, setiap kritik terhadap Makhzen
(atau elite, termasuk pejabat seperti personel militer tingkat atas, kepala
dinas keamanan, pegawai negeri, dan polisi) telah menjadi tabu bagi media
Maroko dan Maroko. Meskipun Makhzen tenggelam dalam korupsi, mereka pada
dasarnya kebal dari kritik atau tantangan.

Namun persidangan dan hukuman Tabet menandai titik balik ketika pejabat tinggi
polisi ini diadili di pengadilan karena menyalahgunakan kekuasaannya sebagai
komisaris polisi. Ia terbukti menculik dan melakukan pelecehan seksual
terhadap ratusan wanita.

Pada tahun 1989, Mohamed Tabet diangkat sebagai komisaris polisi di
Casablanca. Selama masa hukumannya di Casablanca, banyak keluhan diajukan
terhadapnya oleh wanita dan gadis yang mengaku diculik dan diperkosa. Mereka
mengaku disekap di apartemen Tabet di Avenue Abdelah Bno Yassin di Casablanca.

Namun tidak ada korban yang dapat membuktikan klaim mereka dengan memberikan
'bukti' kejahatan. Selain itu, rekan-rekan polisi Tabet telah menutupi
kejahatan tersebut.

[Gambas:Video 20detik]

  
  

Selanjutnya __

Halaman

1  2

 ",www.detik.com
Pilu Ibu di Enrekang Pergoki Putrinya Diperkosa saat Pulang Melayat,"Rabu, 15 Jun 2022 20:31 WIB","\-

Warga di Kabupaten Enrekang, Sulawesi Selatan (Sulsel) dihebohkan peristiwa
seorang ibu berinisial MN secara tidak sengaja mendapati putrinya jadi korban
pemerkosaan oleh tetangganya, AR (49). Peristiwa pilu itu bermula saat MN
pergi melayat pada awal Juni 2022.

""Jadi (awalnya) ibunya pergi melayat waktu itu,"" ujar Kadis P3A Enrekang
Burhanuddin kepada , Rabu (15/6/2022).

Saat melayat ke rumah tetangganya, MN tiba-tiba merasa tak enak badan sehingga
memutuskan pulang lebih awal. Namun alangkah kagetnya MN saat ia menemukan
tetangganya pria AR keluar dari rumahnya dengan tergesa-gesa.

  

""Tapi waktu melayat dia merasa tidak enak badan jadi pulang ke rumah. Nah pas
itu dia lihat pelaku keluar dari rumahnya,"" kata Burhanuddin.

MN lantas menanyakan apa yang telah diperbuat AR. MN kemudian semakin curiga
saat menemukan bekas cairan yang mencurigakan di sofanya.

""Ibu korban menemukan bekas di sofa. Makanya dia tanya anaknya, baru saat itu
korban mengaku sudah diperkosa dua kali,"" ujar Burhanuddin.

Belakangan terungkap AR memperkosa korban sebanyak 2 kali yakni Mei dan Juni
2022. Pada aksinya yang pertama, pelaku AR meminta korban tidak menceritakan
kejadian bejat itu ke ibunya sehingga perbuatan pelaku baru terungkap saat
pemerkosaan yang kedua kalinya.

""Ibunya _singel parent_. Jadi mereka hanya berdua tinggal biasanya di rumah.
Jadi kalau ibunya keluar, anaknya sendiri di rumah,"" jelas Burhanuddin.

Kanit PPA Polres Enrekang Bripka Yelli Santoso mengatakan AR memang melakukan
bujuk rayu kepada korban dengan cara mengiming-iming uang Rp 100 ribu kepada
korban.

""Memang pada kejadiannya ada unsur bujuk rayu yang dilakukan oleh pelaku
dengan memberikan sejumlah uang pada korban,"" bebernya.

Korban juga disebut merasa tertekan karena selalu diminta pelaku untuk tutup
mulut. Akhirnya korban tak berani membongkar pemerkosaan yang ia alami.

""Saat kejadian pertama, pelaku menyampaikan pada korban agar kejadian itu
jangan disampaikan pada ibunya sehingga korban ini merasa takut,"" tandasnya.

  
  
  
[Gambas:Video 20detik]  

 ",www.detik.com
Kejinya Pria Mamuju Tega Bunuh Kakak Kandung Gegara Sering Dimarahi,"Selasa, 17 Mei  2022 08:00 WIB","\-

Aksi keji dilakukan pria di Mamuju Tengah, Sulawesi Barat inisial M (20) yang
tega membunuh kakak kandungnya berinisial H (23) membuat geger warga. Pelaku
menghabisi nyawa korban hanya gegara sering diganggu dan dimarahi.

""Si adik atau tersangka merasa sering diganggu oleh kakaknya (korban), entah
itu dimarahi, dipukuli atau diganggu secara mental,"" kata Kapolres Mamuju
Tengah AKBP Amry Yudhi dalam keterangannya, Senin (16/5/2022).

Perbuatan keji ini terjadi di Desa Tumbu, Kecamatan Topoyo, Jumat (13/5)
sekitar pukul 22.30 wita. Pembunuhan ini membuat warga setempat menjadi geger.

  

Awalnya, pelaku dan korban cekcok hanya gegara persoalan charger handphone.
Namun pelaku kemudian menjadi kesal. Dia lantas menyerang korban dengan
sebilah badik.

""Memuncak (kekesalan pelaku) pada saat kejadian malam hari itu (Jumat malam).
Kakaknya pulang-pulang datang ke rumah dan ribut masalah charger HP
(handphone). Tanpa disadari kakaknya, si adik ataupun tersangka melakukan
penyerangan berupa penikaman,"" kata Amry.

Pelaku yang kesal menikam tubuh kakak kandungnya tersebut. Korban dihujani
beberapa kali tusukan hingga akhirnya tewas di depan rumahnya.

""Korban sempat melarikan diri usai mendapat satu tikaman, namun karena
terjatuh di depan rumahnya, saat itulah pelaku kemudian menikam korban
berkali-kali hingga tewas,"" ungkap Kanit 3 Sat Reskrim Polres Mamuju Tengah
Ipda Aditya Hernowo, Sabtu (14/5).

## Pelaku Sempat Melarikan Diri

Usai melakukan aksinya, pelaku sempat ingin melarikan diri. Polisi
meringkusnya saat berenang di pantai yang berjarak sekira 20 kilometer dari
lokasi kejadian, Sabtu siang (14/5) sekira pukul 12.30 wita.

""Pelaku sempat mencoba untuk melarikan diri dengan berenang, karena kondisinya
saat itu berada di pinggir tanggul pantai, namun kami terus melakukan
pengejaran dan Alhamdulillah pelaku berhasil diamankan,"" beber Aditya.

Pelaku sudah diamankan di Polres Mamuju Tengah untuk mempertanggung jawabkan
perbuatannya. Polisi juga mengamankan sejumlah barang bukti termasuk sebilah
badik yang digunakan membunuh korban.

""Untuk pasal yang disangkakan adalah pasal 338 KUHP tentang Pembunuhan,""
pungkas Aditya.

  
  
  
[Gambas:Video 20detik]  

 ",www.detik.com
Melihat Lagi Perkara 'Ayah Perkosa 3 Anak' di Lutim yang Digelar Hari Ini,"Jumat, 20 Mei  2022 06:00 WIB","\-

Kasus 'ayah perkosa 3 anak' di Kabupaten Luwu Timur (Lutim), Sulawesi Selatan
(Sulsel) bakal digelar penyidik Polda Sulsel pada hari ini. Gelar perkara
sedianya bakal dipantau secara langsung oleh Bareskrim Polri hingga Kompolnas.

Agenda gelar perkara dijadwalkan hari ini, Kamis (20/5/2022). Selain Kompolnas
dan Bareskrim, sejumlah pihak terkait di Sulsel juga akan menghadiri gelar
perkara hari ini.

""Nanti yang di Jakarta ada dari Kompolnas sama Bareskrim (juga hadir),"" kata
Kabid Humas Polda Sulsel Kombes Komang Suartana saat dimintai konfirmasi, Rabu
(19/5).

  

""Dari Sulawesi Selatan ada DP3A Sulsel, LBH,"" sambung Suartana.

Gelar perkara hari ini juga bakal dihadiri pihak korban, yakni ketiga anak
yang diduga korban pemerkosaan. Selanjutnya ayah kandung korban alias terlapor
juga bakal dihadirkan.

Dirangkum , berikut perjalanan kasus ayah perkosa 3 anak di Luwu Timur:

## Kasus Dimulai Tahun 2019

Kasus 'ayah perkosa 3 anak' sebenarnya sudah mulai bergulir sejak 2019 silam.
Saat itu, seorang ayah berinisial S di Luwu Timur dilaporkan memperkosa 3 anak
kandung.

Namun penyelidikan kasus ini dihentikan penyidik Polres Luwu Timur alias SP3
karena dianggap tak cukup bukti. Perkara akhirnya ditutup.

## Heboh Tagar Percuma Lapor Polisi

Kasus dugaan pemerkosaan ini mencuri perhatian di media sosial pada 2021 lalu.
Keputusan polisi melakukan SP3 kasus membuat tagar PercumaLaporPolisi menggema
di jagad maya.

Pihak kepolisian juga memberi penjelasan bahwa proses SP3 kasus di Polres Luwu
Timur sudah sesuai prosedur. Namun polisi juga mengatakan kasus ini bisa
dibuka kembali jika ditemukan bukti baru.

Namun LBH Makassar sebagai pendamping korban meminta polisi membuka lagi kasus
tersebut. Bukti baru hanya akan ditemukan jika kasus sudah dibuka kembali.

""Kami juga terbatas sebagai tim penasihat hukum. Kami nggak bisa misalnya
memanggil orang toh. Memeriksa, mengambil keterangan kan nggak bisa,"" kata
Ketua Divisi Perempuan Anak dan Disabilitas LBH Makassar, Resky Pratiwi kepada
, Jumat (8/10/2021).

Sebaliknya, kata Resky, penyidik mempunyai kewenangan penuh dalam penyelidikan
untuk bisa melanjutkan kasus 'tiga anak saya diperkosa' ini ke tahap
penyidikan. Namun penyidik dinilai justru terlalu prematur menghentikan
penyelidikan.

""Jadi buka dulu kasusnya kemudian lengkapi bukti-bukti. Baru bisa dikatakan
bukti baru ketika penyelidikannya dibuka kembali dan dilakukan proses
pengumpulan alat bukti,"" tutur Resky.

## Desakan-desakan Agar Kasus Dibuka Lagi

LBH Makassar tidak sendirian sebagai pihak yang mendesak kasus ini dibuka
lagi. Sejumlah pihak lainnya juga meminta hal yang sama ke kepolisian.

Desakan-desakan agar kasus ini dibuka lagi di antaranya datang dari Koalisi
Masyarakat Anti Kekerasan Seksual (KOMPAKS), Kantor Staf Presiden, Komisi VIII
DPR RI.

Selanjutnya desakan-desakan juga datang dari Kementerian PPPA, Komnas
Perempuan, hingga sejumlah pihak lainnya.

## Polri Buka Lagi Kasus Ayah Perkosa 3 Anak

Polri membuka penyelidikan baru untuk mengungkap kasus 'ayah perkosa 3 anak'
di Luwu Timur. Polri membuat laporan polisi (LP) tipe A yang dibuat penyidik
Polri pada 12 Oktober 2021.

""Saya mendapatkan update dari tim asistensi dari tim Luwu Timur. Di mana
penyidik telah membuat laporan polisi model A tertanggal 12 Oktober 2021,
perihal adanya dugaan pencabulan anak di bawah umur. Itu ditulis pelaku dalam
proses lidik,"" ujar Kabag Penum Divisi Humas Polri Kombes Ahmad Ramadhan dalam
jumpa pers di Bareskrim Polri, Kamis (14/10/2021).

Lebih lanjut Ramadhan mengatakan penyelidikan difokuskan dalam rentang waktu
25-31 Oktober 2019. Pasalnya, pada 31 Oktober 2019, ibu korban melakukan
pemeriksaan medis terhadap 3 anaknya yang diduga dicabuli ayah sendiri dan
ditemukan kelainan.

""Disampaikan bahwa yang akan didalami oleh penyidik nanti adalah hasil
pemeriksaan dari tempus atau waktu tanggal 25, sampai diperiksanya ketiga
korban tersebut di tanggal 31. Kenapa? Karena disampaikan bahwa pemeriksaan
visum tanggal 9, dokter menyatakan tidak ada kelainan,"" tuturnya.

""Pemeriksaan kedua tanggal 24, dokter menyatakan tidak ada kelainan. Kemudian
pemeriksaan medis oleh ibu korban di tanggal 31 menunjukkan ada katakanlah
kelainan. Kami tidak sampaikan vulgar karena visum ini tidak bisa dibuka
secara vulgar,"" sambung Ramadhan.

Polisi juga mulai melakukan penyelidikan dengan memeriksa dokter IM yang
disebut memeriksa korban secara medis pada 31 Oktober 2019 itu. Korban
diketahui menjalani pemeriksaan medis di RS Vale Sorowako.

""Tapi pemeriksaan medis yang dilakukan tanggal 31 oleh dokter IM, kira-kira
ada kelainan. Sehingga penyidik akan mendalami peristiwa tempus atau waktu
mulai tanggal 25 Oktober 2019 sampai 31 Oktober 2019. Orang tua korban telah
melakukan pemeriksaan sampai 4 atau 5 kali dan terakhir di tanggal 10 Desember
2019, ini yang kelima ya, telah dilakukan terapi terakhir oleh Dokter Ira,""
imbuh Ramadhan.

## Ayah Korban alias Terlapor Polisikan Balik Ibu Korban

Pria inisial S selaku ayah yang diduga memperkosa 3 anaknya melaporkan balik
ibu korban ke polisi. S menuding ibu korban yang juga mantan istrinya telah
melakukan pencemaran nama baik atas tuduhan pemerkosaan kepada 3 anaknya.

""Mantan suaminya itu membuat laporan pengaduan terhadap mantan istrinya ya.
Karena dia ini merasa nama baiknya dicemarkan,"" kata Kabid Humas Polda Sulsel
Kombes E Zulpan saat dihubungi , Senin (18/10/2021).

S sebagai terlapor pada kasus 'ayah perkosa tiga anak' itu menuding mantan
istrinya berbohong sehingga melakukan tindak pidana seperti diatur dalam UU
ITE.

""Laporkan istrinya karena viralnya kasus ini. Makanya dia mengadukan adanya
tindak pidana pencemaran nama baik melalui UU ITE. Karena kan di situ yang
diadukan istrinya itu mem-blow up persoalan ini melalui media sosial dan juga
melibatkan LBH dan Project Multatuli,"" beber Zulpan.

S hanya melaporkan mantan istrinya. S merasa tak pernah memperkosa anaknya
sendiri sebagaimana tudingan mantan istrinya.

""Yang dilaporkan ini mantan istrinya, dilaporkan karena mantan istrinya ini
telah membuat berita luas ke masyarakat melalui media sosial sehingga merasa
keberatan karena menyerang nama baik dan kehormatan yang bersangkutan,"" ungkap
Zulpan.

""karena isi berita yang disebarkan mantan istrinya, RA kepada masyarakat itu
tidak benar dan juga kepada media tidak benar adanya sehingga dia melaporkan
ke polisi dalam hal ini Polda Sulsel ya,"" katanya.

## 52 Saksi Diperiksa Polisi

Meski terlapor melapor balik ibu korban, polisi tetap meneruskan penyelidikan
kasus dugaan ayah memperkosa 3 anaknya. Data yang terakhir kali disampaikan
adalah sudah 52 saksi diperiksa.

""Masalah Luwu Timur, jadi sekarang Polres Luwu Timur telah melakukan
pemeriksaan terhadap 52 orang saksi,"" ujar Kabag Penum Divisi Humas Polri
Kombes Ahmad Ramadhan saat ditemui di kantornya, Jakarta Selatan (Jaksel),
Senin (8/11/2021).

52 saksi itu terdiri dari berbagai unsur. Misalnya teman kerja ibu korban
hingga dokter yang melakukan pemeriksaan kesehatan terhadap ketiga anak
terduga korban.

""Ya macam-macam. Termasuk pemeriksaan terhadap ibu korban. Ada juga teman
kerjanya, ada juga di situ dokter puskesmas, dokter RS Vale, 52 pokoknya lah
ya,"" tuturnya.

Setelah serangkaian perjalanan panjang, polisi kini akan memulai gelar perkara
kasus ayah perkosa 3 anak di Luwu Timur. Namun belum dijelaskan lebih lanjut
apakah gelar perkara tersebut untuk menaikkan status penyelidikan ke
penyidikan ataukah gelar perkara penetapan tersangka.

  
  
  
[Gambas:Video 20detik]  

 ",www.detik.com
"Aksi Perampokan Minimarket di Kendal Terekam CCTV, Kasir Disiram BBM","Kamis, 24 Mar 2022 14:38 WIB","\-

Aksi perampokan terjadi di sebuah minimarket di Jalan Raya Pucangrejo Gemuh
Kendal, Jawa Tengah. Aksi perampokan tersebut terekam kamera CCTV dan videonya
viral di media sosial.

Kasat Reskrim Polres Kendal AKP Daniel A Tambunan membenarkan video berdurasi
2 menit 46 detik yang viral tersebut adalah rekaman CCTV aksi perampokan di
minimarket Gemuh yang terjadi pada Rabu (23/3).

""Memang benar ada kasus curas di minimarket di daerah Pucangrejo kemarin Rabu.
Kami mendapatkan informasi dari Polsek Gemuh,"" kata Daniel Tambunan, Kamis
(24/3).

Dalam rekaman tersebut terlihat seorang perampok dengan menggunakan topi dan
tas punggung berjalan sendirian masuk ke dalam minimarket. Pelaku berpura-pura
membeli minuman dingin kemudian berjalan menuju meja kasir.

""Di depan kasir, pelaku pura-pura membayar meski di sebelahnya ada pembeli
lain. Kemudian pelaku mengambil botol dari dalam tasnya yang berisi bahan
bakar minyak dan menuangkan ke karyawan minimarket,"" terangnya.

Sambil mengancam dua karyawan, pelaku membuka laci kasir kemudian menguras
uang tunai senilai Rp 10 juta.

Setelah menggasak uang, pelaku kemudian kabur. Pelaku kabur bersama seorang
temannya yang sudah menunggu di luar menggunakan motor.

""Dengan bukti rekaman CCTV ini, kami akan lakukan penyelidikan. Kerugian
akibat aksi perampokan ini uang sebesar Rp 10 juta,"" pungkas Daniel.

  
  
  
[Gambas:Video 20detik]  

 ",www.detik.com
Heboh Video Seorang Pria Tersungkur Ditembak di Sumenep,"Minggu, 13 Mar 2022 21:27 WIB","\-

Sebuah video menampilkan seorang pria ditembak beredar di aplikasi percakapan
WhatsApp. Peristiwa itu diduga terjadi Minggu (13/3/2022) sore di Jalan
Adirasa, Sumenep, Madura.

Dalam video berdurasi 26 detik, tampak seorang pria memakai jaket kulit hitam
dan berhelm putih tengah mengacungkan celurit di jalanan. Tak lama terdengar
beberapa suara tembakan. Sesaat kemudian pria tersebut ambruk di jalan.

Usai ambruk, pria tersebut kemudian didatangi sejumlah orang. Salah satu orang
itu tampak langsung mengamankan benda yang diduga senjata tajam.

Warga yang berada di lokasi hanya melihat dari kejauhan saat warga tersebut
tersungkur di jalan. Hanya beberapa pria diduga polisi berpakaian preman
mendatangi lokasi pria tersebut ambruk.

Kasubbag Humas Polres Sumenep AKP Widiarti saat dikonfirmasi membenarkan
peristiwa itu. Ia menyebut peristiwa itu terjadi di Desa Kalor, Kecamatan
Sumenep Kota.

""Memang benar tadi sore ada kejadian itu. TKP berada di Jalan Adirasa, Sumenep
tepat di depan Toko Sakinah,"" ujar Widiarti saat dikonfirmasi.

  
  
  
[Gambas:Video 20detik]  

 ",www.detik.com
"Motor Cegat Mobil di Jakbar: Viral 'Perampokan', Ternyata Salah Paham","Kamis, 05 Mei  2022 08:01 WIB","\-

Media sosial dihebohkan oleh aksi perampokan yang terjadi di sebuah ruas
jalan. Aksi nekat itu dilakukan dengan modus mencegat laju mobil milik korban.

Peristiwa itu terjadi di daerah Kembangan, Jakarta Barat. Video viral itu
awalnya memperlihatkan seorang pria pengendara motor melintas di samping
kendaraan mobil.

Pemotor pria itu lalu secara tiba-tiba memotong laju kendaraan mobil korban
hingga terhenti di tengah jalan. Pemotor pria itu lalu mendekat ke arah mobil
korban.

""Buka kaca,"" kata pemotor pria dalam video viral, seperti dilihat Rabu
(4/5/2022).

Ucapan pemotor pria itu diduga menjadi awal mula percobaan perampokan. Namun,
usut punya usut, dugaan perampokan itu tidak pernah terjadi.

""Tidak ada. Jadi bahasa percobaan perampokan itu hanya kesalahpahaman yang
diedarkan pelapor,"" kata Kanit Reskrim Polsek Kembangan AKP Reno Apri
Wijayanto saat dihubungi.

### Pemotor Sempat Ditangkap

Peristiwa dugaan percobaan perampokan dengan modus cegat mobil itu terjadi di
dekat Mal Puri Kembangan, Jakarta Barat. Peristiwa itu terjadi pada Senin
(2/5).

Polisi kemudian bergerak cepat terkait kasus tersebut. Pemotor inisial M ini
kemudian sempat ditangkap.

""Terkait video yang beredar, sudah kami amankan terlapor,"" kata Kapolsek
Kembangan Kompol Binsar H Sianturi.

### Pelapor-Terlapor Diklarifikasi

Kanit Polsek Kembangan AKP Reno Apri Wijayanto mengatakan pihaknya telah
melakukan penyelidikan terkait viral dugaan perampokan modus cegat mobil.
Pelapor dan terlapor pun telah diperiksa.

Peristiwa itu terjadi pada Senin (2/5) di Kembangan, Jakarta Barat. Reno
mengatakan kasus itu berawal saat pemotor inisial M (45) mengejar pengendara
mobil.

Dia menyebut pemotor M mengejar pengendara mobil setelah tidak terima difoto-
foto dari dalam mobil oleh pengendara mobil tersebut.

""Informasi dari keterangan terlapor bahwa si pelapor ini ada kegiatan main
_handphone_ yang menurut keterangan terlapor melakukan kegiatan foto-foto ke
terlapor sehingga dikejar oleh terlapor,"" terang Reno.

""Iya, jadi nggak terima ada kegiatan foto-foto, makanya dikejar itu,""
tambahnya.

 _Polisi sebut perampokan tidak terjadi. Simak selengkapnya di halaman
berikutnya:_

[Gambas:Video 20detik]

  
  

Selanjutnya __

Halaman

1  2

 ",www.detik.com
Dua Motor Milik Pasutri di Pasuruan Raib Digondol Maling,"Kamis, 10 Feb 2022 12:55 WIB","\-

Maling motor kembali gentayangan di Kota Pasuruan. Kali ini, dua motor milik
pasutri digondol maling dalam sekali waktu.

Pencurian dua motor terjadi di rumah kos Jalan Ahmad Yani, Kelurahan Sebani,
Kecamatan Gadingrejo, Kamis (10/2/2022) pukul 03.40 WIB.

Motor yang hilang adalah Honda CB 150 R nopol S 2056 AA dan Honda Vario 125
nopol P 5590 VM.

""Itu motor saya dan istri saya,"" kata korban Andika Dwi Putra Pamungkas (28)
kepada .

Andika menduga pencurian berlangsung pukul 03.00-04.00 WIB. Dia mengaku
diberitahu tetangga kamar kos jika motornya raib.

Dua motor yang hilang berada tepat di depan kamarnya. Pria asli Madiun ini
mengatakan kedua motor itu telah dikunci setir namun tidak digembok.

""Aneh juga sih. Kamar saya paling ujung. Di depan banyak motor tapi nggak
dicuri,"" jelas Andika.

Andika juga merasa aneh karena gembok gerbang juga hilang. ""Gemboknya hilang,
besar gemboknya,"" jelas dia.

Pencurian motor itu kini sudah dilaporkan ke Polsek Gadingrejo. ""Sudah saya
laporkan,"" pungkas Andika.

Kapolsek Gadingrejo AKP Endy Purwanto mengatakan pihaknya sudah menerima
laporan korban.

""Masih kami lakukan penyelidikan,"" kata Endy.

  
  
  
[Gambas:Video 20detik]  

 ",www.detik.com
"Terekam CCTV, Maling 40 Laptop di SMAN 25 Bandung Berjumlah 3 Orang","Selasa, 17 Mei  2022 14:00 WIB","\-

Polisi menyelidiki kasus pencurian puluhan laptop di SMAN 25 Bandung. Aksi
maling tersebut terekam CCTV sekolah yang menjadi petunjuk polisi.

""Kita sedang adakan penyelidikan sekarang. Dari CCTV (terlihat),"" ucap
Kapolsek Rancasari Kompol Wendy Boyoh kepada detikJabar, Selasa (17/5/3022).

Aksi pencurian tersebut berlangsung di SMAN 25 Bandung yang beralamat di Jalan
Baturaden, Kecamatan Rancasari, Kota Bandung. Total ada 40 unit laptop yang
raib dicuri.

  

Wendy menambahkan berdasarkan rekaman CCTV yang dikantongi polisi, ada tiga
orang pelaku yang nekat membobol ruangan laboratorium komputer. Akan tetapi,
pelaku menutup wajah dengan topi.

""Kalau kelihatannya sementara ada tiga orang. Tapi nggak bisa termonitor
wajahnya. Karena kan pakai topi,"" kata dia.

Polisi saat ini masih melakukan penyelidikan atas kasus tersebut. Tim sudah
dikerahkan untuk bergerak memburu pelaku.

  
  
  
[Gambas:Video 20detik]  

 ",www.detik.com
"Gondol Uang-Ponsel, Rampok Bacok Anak Pemilik Rumah di Sukabumi","Minggu, 26 Des 2021 16:45 WIB","\-

Perampok sadis beraksi di Desa Pasirhalang Kecamatan Sukaraja, Kabupaten
Sukabumi. Pelaku membacok anak pemilik rumah yang sedang tertidur lelap,
korban mengalami luka di bagian tangannya akibat bacokan senjata tajam.

Informasi yang diberikan Kasi Humas Polres Sukabumi Kota Iptu Astuti, pelaku
diketahui beraksi pada Sabtu (25/12/2021) sekitar pukul 01.00 WIB. Saat itu
Sumarna pemilik rumah tengah tertidur lelap, pelaku diduga masuk melalui
jendela rumah.

""Pelaku diduga satu orang, masuk melalui jendela rumah lantai dua kemudian
setelah di dalam pelaku langsung turun ke lantai 1 dan mengambil dua buah
telepon seluler yang sedang diisi daya di ruang tengah,"" kata Astuti dalam
keterangan yang diberikan kepada wartawan, Minggu (26/12/2021).

Karena penghuni terlelap, pelaku leluasa bergerak di rumah korban. Ia kemudian
masuk ke dalam kamar anak korban yang saat itu sedang tidur. Tanpa basa-basi
pelaku kemudian menghunuskan senjata tajam yang dibawanya dan langsung
mengarahkannya ke tangan korban.

""Korban Elis (anak pemilik rumah) sedang tidur bersama anaknya langsung
dibacok pelaku pada bagian tangannya. Karena kaget mendapat serangan, sontak
Elis berteriak. Teriakan korban Elis ini didengar ayahnya, pelaku sendiri
langsung melarikan diri,"" ujar Astuti.

Akibat serangan senjata tajam itu, korban Elis menderita luka di bagian tangan
kanannya. Sumarna langsung membawanya ke RS Setukpa Bhayangkara.

""Akibat kejadian ini selain korban luka, pemilik rumah juga kehilangan dua
buah ponsel dan uang tunai sebesar Rp 6 juta. Korban sudah melaporkan kejadian
ini ke Polsek Sukaraja, Resor Sukabumi Kota,"" pungkas Astuti.

 ",www.detik.com
Polisi Pamerkan Alat Kecantikan-Tas dari Kasus Perampokan Toko Kosmetik,"Selasa, 08 Feb 2022 17:05 WIB","\-

Polsek Cibadak memamerkan sejumlah barang bukti berupa tas wanita dan alat
kecantikan. Barang bukti itu disita polisi dari tiga pria pelaku perampokan
inisial MW, IR dan UD yang dibekuk polisi pada Sabtu (5/2) lalu.

Hasil penyelidikan diketahui para pelaku berstatus residivis karena pernah
menjalani hukuman pada kasus yang sama. Saat beraksi di Sukabumi, ada dua toko
yang menjadi sasaran mereka. Selain peralatan kosmetik dan tas wanita, pelaku
juga mengeruk sejumlah uang tunai dari toko korban.

""Mereka beraksi pada 27 Januari, pelapornya dua orang pemilik toko.
Penyelidikan selama 5 hari, akhirnya pelaku terdeteksi dan kita amankan,"" kata
Kapolsek Cibadak, Kompol Maryono kepada awak media, Selasa (8/2/2022).

Pelaku diketahui masuk dengan cara merusak rolling dor menggunakan linggis.
""Pelaku masuk dengan cara membobol, merusak rolling dor menggunakan linggis,""
imbuh Maryono.

Maryono menjelaskan akibat perbuatan ketiga pelaku, pemilik toko menderita
kerugian sekitar Rp 90 juta. ""Kerugian toko tersebut Rp 90 juta selain uang
tunai juga ada tas perempuan kosmetik dan alat kecantikan perempuan, barang-
barang itu masih utuh belum ada yang dijual,"" ujar Maryono.

Sementara itu, Kanit Reskrim Polsek Cibadak AKP Madun mengatakan pelaku
terdeteksi setelah kedapatan sempat akan menjual barang hasil curian di media
sosial.

""Mereka sempat menjual barang di media sosial, saat itu kita sempat janjian
untuk Cash On Delivery (COD). Namun mereka entah bagaimana menghapus unggahan
mereka, setelah itu kita lakukan penyelidikan lagi sampai akhirnya mereka kita
amankan,"" singkat Madun.

 ",www.detik.com
"2 Pria Curi Motor Pegawai Indomaret di Sunggal, Polisi Turun Tangan","Rabu, 01 Jun 2022 18:39 WIB","\-

Nasib buruk menimpa pegawai Indomaret di Jalan Tani Asli, Kelurahan Kampung
Lalang, Kecamatan Sunggal, Kabupaten Deli Serdang. Sebab, hitungan menit
sepeda motor miliknya raib begitu saja diambil dua orang pria tidak dikenal.

Korban bernama Dewi Anggraini Lubis. Dia menjelaskan kejadian itu berlangsung
Selasa (24/5) kemarin.

""Pagi itu saya masuk ke toko sekitar pukul 06.40 WIB. Saya sempat beres-beres
terlebih dahulu. Lalu, kepala toko saya melihat ada orang lewat membawa sepeda
motor yang dipikir punya customer,"" katanya, Rabu (1/6/2022).

  

""Setelah itu kepala toko bertanya saya apakah bawa motor. Saya bilang iya.
Kemudian dia bilang motor saya sudah enggak ada. Itu sekitar pukul 06.50 WIB,""
tambahnya.

Ia pun merasa terpukul saat itu. Karena sepeda motor tersebut digunakannya
untuk bekerja. Masih diingatnya, motornya dikunci stang. Akan tetapi, tidak
menggunakan gembok ganda.

Merasa kesal, ia pun coba menelusuri jejak pelaku. Ia memeriksa CCTV yang
tersedia di Indomaret tersebut.

Dari video berdurasi 9 detik yang diberikannya, terlihat memang ada dua pria
yang membawa sepeda motor. Seorang membawa Mio dikendarai oleh pria mengenakan
celana jeans dan sweater.

Seorang pria lagi mengenakan helm membawa motor Dewi merk Beat. Pria itu
memakai celana jeans dan baju kaos merah. Keduanya langsung mengarah ke jalan
raya.

""Di sekitar sini memang sudah ada 3 kali kemalingan sepeda motor,"" ucapnya.

Berangkat dari persoalan itu, ia pun melapor ke Polsek Sunggal agar dapat
segera menangkap pelaku.

Sementara itu Kapolsek Medan Sunggal Kompol Chandra Yudha menjelaskan pihaknya
telah menerima laporan korban.

""Ya kita proses untuk penyelidikan,"" tutupnya.

  
  
  
[Gambas:Video 20detik]  

 ",www.detik.com
"Jasad Dini, Wanita yang Dilaporkan Hilang Tewas dengan Luka Tusukan","Sabtu, 14 Mei  2022 12:21 WIB","\-

Dini Nurdiani (26), wanita asal Cengkareng, Jakarta Barat, yang sempat
dilaporkan hilang, ditemukan tewas di Bekasi. Jasad Dini ditemukan dengan
kondisi luka tusuk.

""(Kondisi jasad) ada beberapa luka tusuk,"" kata Kapolsek Cengkareng Kompol
Ardhie Demastyo saat dimintai konfirmasi, Sabtu (14/5/2022).

Kendati begitu, Ardhie tidak memaparkan secara detail terkait kronologi
penemuan jasad Dini. Dia berkata, keterangan lebih lanjut akan disampaikan
oleh Kapolres Metro Jakarta Barat Kombes Pasma Royce.

""Biar Kapolres yang sampaikan,"" terang Ardhie.

Saat ini polisi telah menangkap pelaku pembunuhan Dini. Polisi masih melakukan
pemeriksaan intensif terhadap pelaku tersebut.

###

### Dini Tewas Dibunuh

Sebelumnya, Dini Nurdiani diketahui menghilang sejak 26 April 2022 setelah
mengaku pergi berangkat buka puasa bersama (bukber). Dini kini telah ditemukan
tewas diduga dibunuh.

""Benar (ditemukan meninggal dunia),"" Kapolsek Cengkareng Kompol Ardhie
Demastyo saat dimintai konfirmasi, Sabtu (14/5/2022).

Ardhie menyebut jenazah Dini ditemukan tewas di Cibubur, Bekasi, Jumat (13/5).
Namun Ardhie belum menjelaskan secara detail terkait penemuan mayat Dini ini.

Ardhie menduga kuat Dini tewas dibunuh. Hasil visum ditemukan sejumlah luka di
bagian tubuhnya.

""Iya, dibunuh,"" singkat Ardhie.

Saat ini jenazah Dini masih di rumah sakit. Polisi juga telah menghubungi
pihak keluarga.

[Gambas:Video 20detik]

  
  

 ",www.detik.com
"Jual Motor Curian Via Facebook, 2 Anak di Bekasi Ditangkap Polisi","Sabtu, 05 Feb 2022 21:13 WIB","\-

Polisi menangkap dua orang anak berusia 13 dan 14 tahun di Bekasi karena
diduga mencuri motor. Keduanya ditangkap polisi setelah menjual motor hasil
curian melalui situs jejaring Facebook.

Kapolsek Tarumajaya AKP Edy S mengatakan kasus ini terungkap setelah pihaknya
menyelidiki pencurian motor milik Abdul Rosad, warga Tarumajaya, Kabupaten
Bekasi, pada 27 Januari 2022 lalu. Unit Reskrim Polsek Tarumajaya kemudian
melakukan penyelidikan.

""Kemudian kami menemukan sepeda motor tersebut diposting di grup Facebook
dengan akun bertuliskan huruf Jepang, sesuai dengan ciri-ciri yang disampaikan
pemiliknya,"" kata Edy dalam keterangannya kepada wartawan, Sabtu (5/2/2022).

Selanjutnya anggota Polsek Tarumajaya melakukan undercover buy dengan pemilik
akun Facebook tersebut. Hingga kemudian polisi menangkap dua pelaku.

""Anggota melakukan komunikasi dengan pemilik akun tersebut dan berhasil
melakukan penangkapan tersangka A (13) dan B (14) di Bekasi Utara, Kota
Bekasi,"" imbuhnya.

Keduanya kemudian diinterogasi. Mereka mengaku pernah melakukan pencurian
motor di daerah Tarumajaya dan sepeda gunung di Bekasi utara.

### 1 Pelaku Anak Pernah Ditangkap

Lebih lanjut, Edy mengungkapkan pelaku berinisial A sebelumnya pernah
tertangkap polisi karena aksi serupa. Namun ia dibebaskan oleh kejaksaan dan
dikembalikan kembali kepada orang tuanya.

""Si pelaku itu si A ini adalah orang yang dua bulan lalu saya tangkap juga,
kasusnya ranmor juga, prosesnya masih berjalan. Nah ketika kita sudah
_limpahin_ ke kejaksaan, jadi petunjuk jaksa penuntut umum dikembalikan ke
orang tuanya untuk pengawasan tidak ditahan oleh jaksa. Ternyata dia malah
bermain lagi, akhirnya kita memproses,"" ujarnya.

Edy menyebutkan bahwa A kini berada di Rumah Penitipan Anak di Cipayung,
Jakarta Timur. Edy mengatakan pihaknya menunggu petunjuk jaksa untuk
menentukan langkah selanjutnya terhadap pelaku anak ini.

""Ya kita lihat petunjuk jaksa, karena semua kan tergantung jaksa kalau saya
kemarin itu kita titipkan di daerah Cipayung, Jakarta Timur itu tempat
penitipan anak, jadi nggak saya kembalikan ke orang tuanya, karena saya tahu
_track record_ -nya dia _gitu_ ,"" ucapnya.

Sementara dari keterangan dua pelaku anak ini polisi juga berhasil menangkap 2
orang penadah berinisial S (31) dan MAQ (24). Saat ini keduanya masih diproses
di Polsek Tarumajaya.

 ",www.detik.com
"Curi Sepeda di 14 TKP, Remaja di Banyumas Diringkus Polisi","Selasa, 14 Jun 2022 15:11 WIB","\-

Seorang remaja pencuri sepeda ontel diringkus polisi di Banyumas, Jawa Tengah.
Tak tanggung-tanggung, remaja berusia 17 itu telah melancarkan aksinya
sebanyak 14 kali di lokasi yang berbeda.

""Kita berhasil menangkap pelaku pencurian spesialis sepeda ontel, usia 17,
warga Kecamatan Pekuncen, Kabupaten Banyumas,"" kata Kapolresta Banyumas Kombes
Edy Suranta Sitepu dalam keterangan tertulisnya, Selasa (14/6/2022).

Pihaknya menjelaskan awal mula penangkapan pelaku setelah adanya laporan dari
warga pada Senin (13/6/2022). Mereka mengaku melihat laki-laki bersepeda
menggunakan satu unit sepeda MTB warna putih sambil mendorong dengan tangan
kanannya satu unit sepeda lipat warna hitam.

""Karena menaruh curiga, saksi menanyakan tentang asal usul sepeda yang
dikendarai kemudian akhirnya pelaku mengakui bahwa dirinya telah mencuri tiga
unit sepeda di wilayah Desa Beji, Kecamatan Kedungbanteng, Banyumas,""
ungkapnya.

Edy melanjutkan, mendengar hal itu perangkat Desa Beji menghubungi anggota
Polsek Kedungbanteng. Selanjutnya polisi mendatangi TKP yang selanjutnya
pelaku serta barang bukti diamankan serta dibawa ke Polsek Kedungbanteng guna
proses penyelidikan dan penyidikan lebih lanjut.

""Setelah mendatangi TKP, kami mengamankan pelaku berikut barang bukti di
antaranya satu unit sepeda lipat merek Interbike warna hitam ditaksir seharga
Rp 1,5 juta, satu unit sepeda lipat merek Phoenix warna putih kombinasi hitam
ditaksir seharga Rp 2 juta dan satu unit sepeda MTB merek Interbike warna
putih kombinasi merah ditaksir seharga Rp 1,5 juta. Total kerugian ditaksir
sebesar Rp 5 juta,"" terangnya.

Tak sampai di situ, Polresta Banyumas kemudian melakukan pengembangan dan
hasilnya pelaku mengakui telah melakukan perbuatan pidana pencurian sepeda
ontel di 14 TKP yang meliputi wilayah Kecamatan Ajibarang, Cilongok,
Karanglewas, Purwokerto Barat dan Kedungbanteng.

""Karena pelaku masih berumur 17 tahun, untuk penyidikan lebih lanjut kasus ini
telah ditangani tim dari Unit Perlindungan Perempuan dan Anak (PPA) Satreskrim
Polresta Banyumas,"" pungkasnya.

  
  
  
[Gambas:Video 20detik]  

 ",www.detik.com
Polisi Ungkap 4 Rampok Sekap Satpam-Curi Rp 400 Juta Diundang dari Sumatera,"Senin, 14 Mar 2022 09:03 WIB","\-

Empat dari lima perampok yang menyekap sekuriti dan menggasak uang tunai dan
emas senilai Rp 400 juta di Makassar, Sulawesi Selatan (Sulsel) ternyata
berstatus warga Sumatera. Keempat perampok tersebut sengaja datang beraksi di
Makassar karena diundang.

""Jadi dari lima pelaku, empat orang tersebut merupakan warga dari Pulau
Sumatera,"" ujar Kasubnit 2 Jatanras Polrestabes Makassar Ipda Nasrullah, Senin
(14/3/2022).

Empat orang pelaku tersebut diketahui bernama Ari (37) warga Jambi, Jerikho
(40) warga Medan, Haposan (37) warga Simalungun dan Pardamaian (45) warga Oku
Timur. Sedangkan satu orang pelaku bernama Abdul Rahman (52) merupakan warga
Polewali, Sulawesi Barat (Sulbar).

  

Menurut Nasrullah, keempat pelaku asal Sumatera itu dipanggil oleh Abdul
Rahman untuk melakukan aksinya di Sulawesi. Akibatnya keempat pelaku benar-
benar datang untuk menyusun rencana aksi perampokan.

""Mereka mulai 4 Maret datang. Mereka dipanggil yang sama orang Polewali,"" ucap
Nasrullah.

Setibanya di Kota Makassar, para pelaku mulai melakukan survei di lokasi yaitu
di gudang milik PT. Catur Sentosa Adiprana, Jalan Ir Sutami, Kecamatan
Tamalanrea. Para pelaku tidak butuh waktu terlalu lama untuk melakukan
pemantauan.

""Keliling memang dia cari (target operasi), dia acak sambil jalan dia
perhatikan. Tiga hari dia gambar (survei gudang lokasi perampokan),"" kata
Nasrullah.

Sebelumnya, aksi para pelaku menyekap sekuriti dan menggasak isi gudang
perusahaan di Makassar terekam kamera pengawas atau CCTV pada Selasa (8/3).
Tampak pelaku membongkar berang kas dan menggasak uang tunai Rp 175 juta dan
sejumlah emas batangan. Aksi itu membuat korban merugi hingga Rp 400 juta.

Selanjutnya kelima pelaku diringkus di Kota Palu, Sulawesi Tengah (Sulteng)
pada Jumat (11/3). Kepada polisi, kelima pelaku merupakan spesialis pencurian
di gudang dan brankas.

  
  
  
[Gambas:Video 20detik]  

 ",www.detik.com
Keluarga Terdakwa Begal di Bekasi Protes Vonis Hakim 9-10 Bulan Bui,"Senin, 25 Apr 2022 17:05 WIB","\-

Ketua hakim Pengadilan Negeri Cikarang, Kabupaten Bekasi, Jawa Barat (Jabar),
telah memvonis terdakwa kasus pencurian disertai kekerasan atau begal, yaitu M
Fikry, Abdul Rohman, Randi Apryanto, dan Muhammad Rizky, selama 9 dan 10 bulan
penjara. Keluarga para terdakwa keberatan dengan putusan hakim

Salah satu anggota keluarga terdakwa, Rusin, menyatakan bahwa anaknya, Fikry,
tidak bersalah dalam perkara tersebut. Menurutnya, banyak kejanggalan dalam
persidangan tersebut.

""Kami tidak terima, karena fakta persidangan, bahkan hakim pun menyatakan
semua saksi yang meringankan itu disumpah. Tapi dikesampingkan oleh hakim
dengan alasan kedekatan,"" tutur Rusin ketika ditemui di depan pengadilan
negeri pada Senin (25/4/2022).

Selain itu, Rusin berpendapat putusan hakim menjatuhkan hukuman 9 bulan kepada
Fikry, Randi, dan Rizky hanya untuk membuat senang pihak keluarga. Diketahui,
para terdakwa kasus begal ditangkap pihak kepolisian pada 28 Juli.

""Anak kami ditangkap itu tanggal 28 Juli sampai dengan saat ini itu kan 9
bulan. Yang bertiga ini 9 bulan pasti kan bebas, jadi hakim ini kayanya,
logika saya ya menyenangkan kami pihak keluarga, tapi kami tidak terima,""
ujarnya.

Sementara itu, kuasa hukum para terdakwa kasus begal dari LBH Jakarta, Teo
Reffelsen, menyayangkan putusan hakim. Menurutnya, hakim mengesampingkan fakta
yang ada di dalam persidangan.

""Kecewa itu kami dasari, karena fakta di persidangan dikesampingkan oleh
hakim, yaitu faktor penyiksaan, tak melihat pemantauan dari HAM, yang
menemukan adanya kekerasan fisik dan verbal,"" ucap Teo.

Walau demikian, kuasa hukum para terdakwa masih memikirkan akan banding
putusan. Sebelumnya, empat terdakwa kasus begal yang sempat diduga salah
tangkap divonis 9 dan 10 bulan penjara.

Mereka dinyatakan bersalah melakukan kekerasan sebagaimana dakwaan jaksa.
Empat terdakwa kasus begal itu adalah Fikry, Abdul Rohman, Randy Apriyanto,
dan Muhammad Rizky. Sidang keempatnya digelar di Pengadilan Negeri Cikarang.

""Mengadili, menyatakan terdakwa telah terbukti secara sadar meyakinkan
bersalah melakukan tindakan pidana pencurian dengan tindakan kekerasan.
Sebagaimana dalam dakwaan penuntut umum,"" ujar hakim ketua Chandra Ramadhani
saat membacakan vonis di PN Cikarang, Bekasi, hari ini.

[Gambas:Video 20detik]

 ",www.detik.com
Tampang Perempuan Pembunuh Dini Nurdiani yang Sempat Dilaporkan Hilang,"Sabtu, 14 Mei  2022 15:41 WIB","\-

Polisi menangkap perempuan pembunuh Dini Nurdiani (26), wanita yang sempat
dilaporkan hilang pada 26 April 2022. Perempuan tersebut kini masih diperiksa
intensif di Polsek Cengkareng.

Kapolsek Cengkareng Kompol Ardhie Dimasetyo mengatakan pihaknya masih
melakukan pemeriksaan intensif untuk menggali kasus pembunuhan tersebut.

""Masih kami dalami,"" ucap Ardhie saat dihubungi , Sabtu (14/5/2022).

Perempuan tersebut ditangkap di rumah kontrakannya di Cipayung, Jakarta Timur.
Pelaku tidak melakukan perlawanan saat polisi melakukan penangkapan
terhadapnya.

###  
Dini Tewas Dibunuh

  
Dini Nurdiani sebelumnya dilaporkan hilang usai pamit ke keluarga untuk pergi
buka bersama (bukber) di kawasan Jakarta Selatan pada 26 April 2022. Tidak
pernah ada kabar sejak Dini pamit pergi bukber itu.

Pada 29 April 2022, Dini ditemukan dalam kondisi meninggal dunia. Jasad Dini
ditemukan dengan kondisi mengalami luka tusuk.

""Ada luka tusuk,"" kata Kapolsek Cengkareng Kompol Ardhie Demastyo saat
dimintai konfirmasi, Sabtu (14/5).

Setelah jasad Dini ditemukan, polisi kemudian menangkap pelaku yang diduga
sebagai pembunuh Dini.

""Pelaku sudah kami tangkap,"" kata Ardhie.

Diketahui, Dini Nurdiani menghilang sejak 26 April 2022 usai mengaku pergi
berangkat buka puasa bersama (bukber). Dini kini telah ditemukan tewas diduga
dibunuh.

""Benar (ditemukan meninggal dunia),"" Kapolsek Cengkareng Kompol Ardhie
Demastyo saat dimintai konfirmasi, Sabtu (14/5/2022).

Ardhie menyebut jenazah Dini ditemukan tewas di Cibubur, Bekasi, Jumat (13/5).
Namun Ardhie belum menjelaskan secara detail terkait penemuan mayat Dini ini.

### Sosok Dini Nurdiani di Mata Keluarga

Kakak Dini, Riyan, mengungkap status sang adik adalah seorang janda beranak
satu usia 6 tahun. Dini sehari-hari tinggal di sebuah kontrakan bersama ayah
dan dirinya.

""Dia sudah menikah, statusnya ini kan janda, anaknya umur 6 tahun,"" ujar
Riyan.

Riyan menyatakan tidak mengetahui dengan siapa adiknya itu mengikuti buka
puasa bersama pada 29 April 2022. Riyan dan keluarga mengaku sudah ikhlas atas
peristiwa itu dan menyerahkan segala urusan terkait kasus tersebut ke pihak
berwenang.

""Terakhir itu kan dia pamit bukber. Cuma, pas ditanya bukber sama siapa, nggak
dijawab. Harapannya, intinya, _ikutin_ hukum, kan ada hukum yang bertindak,
_udah gitu aja_. Insyaallah sudah ikhlas,"" kata Riyan.

Lebih lanjut Riyan mengatakan jenazah Dini akan segera diambil di Rumah Sakit
Polri dan akan dimakamkan di kampung halamannya di Bogor, Jawa Barat.
Rencananya, jenazah Dini bakal dimakamkan pekan ini.

[Gambas:Video 20detik]

  
  
  

 ",www.detik.com
Sidang Etik Untuk 2 Brimob Bantu Eks Kasatpol PP Makassar Bunuh Najamuddin,"Jumat, 27 Mei  2022 06:30 WIB","\-

Dua oknum Brimob Polda Sulsel Chaerul Akmal dan Sulaiman segera disidang
pelanggaran kode etik anggota Polri buntut kasus penembakan maut pegawai
Dishub Najamuddin Sewang. Kedua suruhan Kasatpol PP Makassar nonaktif Iqbal
Asnan itu kini terancam dipecat tidak dengan hormat atau PTDH.

Kabid Humas Polda Sulsel Kombes Komang Suartana mengatakan berkas Chaerul dan
Sulaiman di Propam Polda Sulsel sejatinya sudah rampung. Pihaknya sisa
menunggu jadwal sidang keluar.

""(Berkas dua terduga pelanggar) Sudah selesai. Tinggal kita nunggu sidang aja.
Kode etik,"" kata Suartana kepada , Kamis (26/5/2022).

  

Suartana menjelaskan, jadwal sidang kode etik kedua oknum Brimob tersebut
hanya menunggu pengajuan pihak Propam Polda Sulsel ke Kapolda Irjen Nana
Sudjana.

""Saya tunggu Kabid Propam untuk mengajukan ke Bapak Kapolda,"" kata Kombes
Suartana.

## Dua Oknum Brimob Dipidana

Sebelumnya, Chaerul Akmal dan Sulaiman sudah lebih dulu menjalani proses
pidana. Keduanya ditetapkan menjadi tersangka kasus pembunuhan Najamuddin dan
dijerat Pasal 340 KUHP tentang pembunuhan berencana pada Senin (18/4).

Dalam catatan , Sulaiman menjadi tersangka usai terungkap menyanggupi
permintaan eks Kasatpol PP Iqbal Asnan untuk mencari eksekutor penembakan maut
terhadap korban Najamuddin. Sulaiman menemui Iqbal di ruangannya di Balai Kota
Makassar saat masih menjabat sebagai Kasatpol PP.

Setelah pertemuan dengan Iqbal, Sulaiman menunjuk rekannya di Brimob Polda
Sulsel Chaerul Akmal untuk mengeksekusi korban. Chaerul kemudian menyetujui
permintaan itu dengan kesepakatan sejumlah uang dari Iqbal Asnan.

## Oknum Brimob Dijanjikan Rp 200 Juta

Chaerul Akmal selaku eksekutor penembakan maut korban Najamuddin terungkap
dijanjikan Rp 200 juta oleh Iqbal. Namun Iqbal baru membayar Chaerul Akmal Rp
90 juta setelah melakukan tugasnya.

""Dijanjikan Rp 200 juta tapi baru dibayar Rp 90 juta,"" ujar Kasat Reskrim
Polrestabes Makassar AKBP Reonald Truly Sohomuntal Simanjuntak, Jumat (20/5).

Namun saat barang bukti dipamerkan, polisi hanya menunjukkan Rp 85 juta.
Menurut Rheonald, tersangka Chaerul sudah memakai Rp 5 juta dari total Rp 90
juta yang ia terima.

""Rp 90 juta namun yang kami dapatkan sisa Rp 85 juta,"" kata Rheonald.

  
  
  
[Gambas:Video 20detik]  

 ",www.detik.com
"1 Keluarga di Ogan Ilir Sumsel Diduga Diserang Begal, Suami Tewas Dibacok","Minggu, 17 Apr 2022 15:50 WIB","\-

Aksi diduga begal menyasar pasangan suami-istri di Ogan Ilir, Sumatera
Selatan. Seorang pria berinisial RG (34) dilaporkan tewas akibat insiden
tersebut.

Korban lainnya seorang wanita berinisial WD (27) kini sedang sekarat akibat
luka bacok senjata tajam. Sedangkan anaknya dikabarkan selamat setelah kabur
ke rawa di sekitar lokasi kejadian.

Dugaan pembegalan itu disebut terjadi pada Sabtu (16/4/2022) pada pukul 19.30
WIB di Jalan Lintas Sumatera, Desa Sungai Rambutan, Ogan Ilir. Kala itu korban
sedang mengendarai sepeda motor bersama istri dan anaknya, lalu diberhentikan
oleh sebuah mobil.

RG sempat melakukan perlawanan. Namun korban yang mengalami luka bacok di
sekujur tubuhnya meninggal di lokasi kejadian. Sedangkan WD dilaporkan
mengalami luka bacok di bagian kepala dan tangan.

Polres Ogan Ilir membenarkan terkait adanya kejadian tersebut. Kapolres Ogan
Ilir AKBP Yusantiyo Sandy menyebut pihaknya akan memberikan keterangan lebih
lanjut.

""Iya kejadiannya benar. Korban ini dipepet avanza hitam dan langsung dianiaya.
Satu korban meninggal dunia, istrinya luka berat dan langsung diberikan
tindakan medis. Untuk informasi jelasnya nanti akan kita rilis,"" ujar
Yusantiyo seperti dilansir dari detikSumut, Minggu (17/4).

Baca artikel selengkapnya di sini.

 ",www.detik.com
Baju Cleaning Service Saksi Bisu Pembunuhan Dini Gegara Cinta Segitiga,"Kamis, 19 Mei  2022 17:18 WIB","\-

Polda Metro Jaya menggelar konferensi pers terkait kasus pembunuhan berencana
yang dilakukan Neneng Umaya (24) terhadap Dini Nurdiani (27) di Bekasi.
Sejumlah barang bukti juga turut dipamerkan.

Barang bukti itu adalah pakaian korban yang terakhir dikenakan, yakni seragam
petugas _cleaning service_ warna biru. Selain itu, turut dipamerkan pakaian
ganti yang disiapkan Neneng sebagai siasat untuk menutupi jejaknya.

Kapolsek Cengkareng Kompol Ardhie Demasetyo yang awalnya menyelidiki kasus
hilangnya Dini ini membenarkan barang bukti berupa pakaian warna biru adalah
seragam _cleaning service_ milik Dini Nurdiani. Dini Nurdiani adalah petugas
_cleaning service_ sebuah bank.

""Iya betul itu punya korban yang biru _emang_ seragam _cleaning service_
-nya,"" kata Ardhi saat dihubungi , Kamis (19/5/2022).

Kabid Humas Polda Metro Jaya Kombes Zulpan mengatakan tersangka Neneng
menyiapkan baju ganti buat Dini Nurdiani. Upaya itu dilakukan Neneng untuk
menyamarkan agar korban tidak ketara sebagai korban pembunuhan.

""Tersangka menggunakan pakaian yang sudah dia siapkan kepada korban dengan
maksud agar tidak nampak sebagai korban pembunuhan,"" kata Kabid Humas Polda
Metro Jaya Kombes Endra kepada wartawan, Kamis (19/5/2022).

Zulpan mengatakan, dalam pakaian tersebut, terdapat bercak darah. Setelah
dilakukan pengecekan, darah tersebut betul milik korban.

""Kemudian pakaian yang disiapkan tersangka untuk korban setelah dilakukan
pembunuhan. Dalam Pakaian korban ini ada becak darah, dan sudah kita cek,
identik dengan darah milik korban,"" jelasnya.

Selain itu, terdapat barang bukti lain, yakni sepeda motor yang digunakan
Neneng saat menjemput korban sebelum melakukan pembunuhan berencana.

""Satu unit sepeda motor yang digunakan tersangka. (Neneng) menggunakan sepeda
motor milik AP yang kita jadikan saksi,"" tuturnya.

#### Neneng Akui Rencanakan Pembunuhan

Kepada polisi, Neneng juga mengakui telah merencanakan pembunuhan ini. Neneng
membunuh Dini Nurdiani seorang diri.

""Kita sudah melakukan pemeriksaan, dan pengakuan dari tersangka bahwa yang
bersangkutan benar melakukan semua perbuatan pembunuhan berencana ini. Dan
kegiatan ini dilakukan tanpa bantuan pihak lain,"" sambungnya.

Lebih lanjut, Zulpan mengatakan, pihaknya sudah memeriksa psikologis
tersangka. Hasilnya, tersangka tidak mengalami gangguan kejiwaan apa pun.

""Tersangka tidak mengalami gangguan kejiwaan,"" tuturnya.

Saat ini Neneng Umaya sudah ditetapkan sebagai tersangka dan ditahan di Polres
Metro Bekasi Kota atas kasus pembunuhan berencana. Akibat perbuatannya, Neneng
dijerat Pasal 340 sub 338 KUHP, dengan ancaman pidana 20 tahun penjara.

[Gambas:Video 20detik]

  
  

 ",www.detik.com
Bukti Kuat Polisi Tetapkan Tersangka Pemerkosa ABG hingga Hamil di Bekasi,"Selasa, 19 Apr 2022 19:35 WIB","\-

Polisi menetapkan pria berinisial SBR alias S (47) sebagai tersangka
pemerkosaan anak 14 tahun hingga hamil di Bekasi. Polisi menetapkan S sebagai
tersangka setelah memiliki bukti-bukti kuat.

Kapolres Metro Bekasi Kombes Gidion Arif mengakui pihaknya tak serta merta
menetapkan S sebagai tersangka di kasus itu setelah 4 bulan dilaporkan
keluarga korban. Gidion mengaku saat itu pihaknya belum memiliki bukti yang
cukup kuat untuk menetapkan S sebagai tersangka dan menangkapnya.

""Kita juga kenapa lama melakukan penetapan tersangka, karena kondisi korban.
Maka kita dikuatkan dengan pembuktian saintifik, melakukan pemeriksaan
terhadap psikolog, melakukan pemeriksaan terhadap ahli,"" ucap Gidion dalam
jumpa pers Selasa (19/4/2022).

Dengan adanya keterangan dari ahli tersebut, penyidik berkeyakinan status S
memenuhi unsur untuk ditingkatkan sebagai tersangka. Polisi juga telah
menangkap dan menahan S di kasus pemerkosaan tersebut.

""Sehingga kami meyakini bahwa keterangan yang dilakukan oleh korban sangat
konsisten. Kami meyakini yang bersangkutan sebagai pelaku setelah mendapatkan
beberapa keterangan saksi, meskipun belum melakukan uji DNA,"" sambungnya.

Tersangka S dijerat dengan Pasal 81 UU RI No 35 Tahun 2014 atas perubahan UU
RI No 23 Tahun 2002 tentang Perlindungan Anak, dengan ancaman hukuman 15 tahun
penjara.

""Tersangka bernama SBR yang kemudian terhadap tersangka dikenakan pasal
persetubuhan terhadap anak di bawah umur yaitu Pasal 81 Undang-Undang 35 Tahun
2014 dengan ancaman hukuman 15 tahun penjara,"" tuturnya.

  
 _Baca di halaman selanjutnya: korban hamil 6 bulan usia diperkosa tersangka._

Selanjutnya __

Halaman

1  2

 ",www.detik.com
"Juragan Bahan Bangunan di Lamongan Dirampok, 3 Korban Diikat-Rp 440 Juta Amblas","Kamis, 03 Feb 2022 13:35 WIB","\-

Perampokan menimpa juragan bahan bangunan di Lamongan. Tiga orang penghuni
rumah disandera dan kawanan perampok berhasil membawa kabur uang tunai dan
perhiasan emas senilai Rp 440 juta.

Perampokan ini terjadi di rumah Slamet (60), warga Desa Dradahblumbang,
Kecamatan Kedungpring, pada Kamis (3/2/2022) dini hari. Tiga penghuni rumah
disandera dengan cara diikat menggunakan kabel telepon di dalam kamar.

Pelaku yang diduga 5 orang masuk ke kamar Slamet yang ketika itu sedang
tertidur lelap dengan istrinya sambil membawa senjata tajam berupa celurit,
pisau, dan linggis. Kawanan perampok ini kemudian menodongkan senjata tajam
dan 3 pelaku di antaranya mengikat paksa kedua korban dengan kabel telepon.

""Saat kami tidur di kamar terbangun karena pintu kamar dicongkel orang tidak
dikenal, kurang lebih sekitar 5 orang dan ditodong dengan menggunakan clurit,
pisau, linggis dan disuruh diam,"" kata Slamet di hadapan polisi, Kamis
(3/2/2022).

Begitu kedua korban berhasil dilumpuhkan dengan cara diikat paksa, para pelaku
langsung membuka almari baju dan mencari harta benda milik korban. Sejumlah
pelaku lain ada juga yang mengawasi korban dengan selalu menodongkan sajamnya
ke kedua korban.

Di kamar korban ini pelaku berhasil menggasak uang tunai dalam tas kulit warna
coklat tua dalam almari sebesar Rp 30 juta dan perhiasan emas berupa kalung
dan gelang senilai kurang lebih Rp 250 juta.

Usai menguras isi kamar pribadi korban, kawanan pelaku kemudian menyeret
Damilah, istri Slamet yang masih dalam keadaan terikat menuju kamar anak
korban, Eka Putri (25) dan meninggalkan korban Slamet yang terikat dalam kamar
dengan pintu dikunci dari luar.

Tiba di kamar anak korban, pelaku memaksa Damilah untuk membangunkan anaknya.
Karena takut dan berada di bawah todongan celurit, korban menuruti apa yang
diperintahkan para pelaku.

Kawanan perampok ini kemudian membuka almari anak korban dan para korban hanya
bisa pasrah ketakutan karena di bawah ancaman. Pelaku berhasil membawa uang
tunai sebesar Rp 10 juta serta perhiasan emas berupa anting, gelang, kalung
senilai Rp 150 juta dari dalam kamar Eka.

""Saya dikunci dalam kamar sendirian kemudian berusaha melepas ikatan tali dan
setelah berhasil, saya menjebol plafon naik ke kamar atas (tingkat) dan
menghubungi para pekerja yang tidur di sebelah rumah dan melaporkan ke Polsek
Kedungpring untuk proses lebih lanjut,"" ungkap Slamet.

Untungnya para korban tidak sampai ada yang dilukai. Dan 5 orang pelaku kabur
setelah memperdayai tiga orang penghuni rumah serta membawa hasil jarahan
total Rp 440 juta.

Dari hasil olah TKP Polsek Kedungpring, diketahui para pelaku berhasil masuk
rumah setelah merusak pintu belakang rumah dan kamar korban. Sebanyak 7 buah
handphone, 1 laptop yang diembat pelaku dibuang dalam penampungan air di
belakang rumah korban.

Kasat Reskrim Polres Lamongan AKP Yoan Septi Hendri saat dikonfirmasi wartawan
mengatakan pihaknya masih melakukan penyelidikan untuk memburu para pelaku.
""Masih kita dalami dan dalam pengembangan penyelidikan,"" kata Yoan.

  
  
  
[Gambas:Video 20detik]  

 ",www.detik.com
Sidang AKBP Mustari Perkosa ABG Putri Dilanjut Usai Eksepsi Ditolak Hakim,"Selasa, 07 Jun 2022 06:30 WIB","\-

Kasus perwira Polda Sulsel AKBP Mustari memperkosa remaja putri dipastikan
berlanjut di persidangan. Kepastian tersebut datang usai majelis hakim menolak
eksepsi terdakwa yang membantah memperkosa korban.

Dalam sidang dengan agenda putusan sela di pengadilan negeri (PN)
Sungguminasa, Gowa, Senin (6/6), majelis hakim tegas memerintahkan tim jaksa
penuntut umum (JPU) menghadirkan sejumlah saksi dalam rangka pembuktian pokok
perkara.

""Menolak eksepsi terdakwa dan penasehat hukum. Kemudian persidangan
dilanjutkan dengan pemeriksaan saksi,"" kata Humas Pengadilan Negeri (PN)
Sungguminasa Wahyudi Said kepada , Senin (6/6/2022).

  

Wahyudi mengatakan, majelis hakim menilai eksepsi terdakwa tak memperkosa
korban dan justru dirinya lah yang membantu biaya sekolah korban, sudah masuk
ke dalam bagian pokok perkara. Oleh sebab itu dalih tersebut harus dibuktikan
terdakwa dalam pemeriksaan pokok perkara.

""Alasannya itu karena menurut hakim, sebagian eksepsi itu sudah memasuki pokok
perkara yang harus dibuktikan pada saat pemeriksaan saksi-saksi nanti,""
jelasnya.

Sebaliknya, majelis hakim mengamini bahwa dakwaan jaksa penuntut umum selama
ini sudah sangat jelas oleh hakim. Oleh karenanya persidangan wajib
dilanjutkan.

""Majelis hakim menganggap bahwa dakwaan penuntut umum sudah jelas dan cermat.
Lalu eksepsinya sebagian sudah memasuki pokok perkara yang harus dibuktikan
pada saat pemeriksaan pokok perkara,"" tegasnya.

Wahyudi mengatakan sidang dengan agenda pemeriksaan saksi-saksi dari pihak
jaksa penuntut umum akan dilanjutkan pekan depan.

## Dalih AKBP Mustari Bantu Sekolah Korban

Untuk diketahui, AKBP Mustari didakwa melakukan pemerkosaan berkali-kali
terhadap remaja putri. Namun AKBP Mustari membantah dakwaan itu dengan dalih
dirinya justru berjasa kepada korban.

Dalih itu disampaikan AKBP Mustari lewat eksepsi di Ruangan Sidang Kartika PN
Sungguminasa, Gowa, Rabu (25/5). Dia juga menuding tuduhan pemerkosaan yang
dialamatkan kepadanya bersifat sepihak.

Tak sampai di situ, terdakwa Mustari juga menegaskan, ancaman dan pemerkosaan
itu hanyalah omongan korban saja. Selanjutnya Mustari juga mengaku ia
sebenarnya menolak korban bekerja di rumahnya sebagai asisten rumah tangga
karena korban masih di bawah umur.

Namun karena merasa iba, Mustari pun memperkerjakan korban dan akan dibantu
dibayarkan uang sekolahnya. Akan tetapi, korban hanya diperintahkan untuk
membersihkan di area luar rumah AKBP Mustari saja di Kecamatan Barombong,
Kabupaten Gowa.

Selain itu, Mustari juga berdalih tidak membuat korban terikat jam kerja.
Korban hanya dibolehkan datang ke rumah Mustari untuk bekerja bila selesai
waktu sekolahnya.

  
  
  
[Gambas:Video 20detik]  

 ",www.detik.com
Awal Terungkapnya Kasus Abah di Sukabumi Perkosa 10 Bocah,"Rabu, 27 Apr 2022 14:55 WIB","\-

Aksi biadab Hendi alias Abah Heni di Kabupaten Sukabumi memperkosa 10 anak
perempuan berujung vonis hukuman mati. Awal mula kasus itu terungkap dari
aduan warga pada Juli 2021 lalu.

""Awalnya itu kita ada yang ngadu masyarakat ke kantor (anaknya jadi korban
pemerkosaan),"" kata Kepala Desa Caringin Wetan Dedi Suhendar kepada , Rabu
(27/4/2022).

Saat itu dia meminta warga untuk tenang dan jangan tergesa-gesa. Akan tetapi,
pihaknya mengembalikan keputusan kepada pihak keluarga.

  

""Ini kata saya jangan dulu buru-buru kita musyawarahkan dulu ada RT RW.
Kembali lagi ke ibu mau pakai hukum silakan, tapi alangkah baiknya kita
musyawarahkan dulu, kata saya,"" ujarnya.

Kemudian musyawarah dilakukan dan ternyata keluarga korban yang berdatangan
mencapai 10 orang. Awalnya, kata dia, tak ada yang berani mengungkapkan aksi
bejat Abah Heni.

""Asalnya enggak ada yang berani, kemudian ada satu ibu yang berani istilahnya
mengungkapkan masalah itu. Jadi semua korban berani,"" katanya.

Abah Heni pun sempat mengelak di hadapan para keluarga korban hingga akhirnya
mengakui perbuatan kejinya. Menurut Dedi, warga yang mendengar itu emosi dan
barulah petugas kepolisian dilibatkan.

""Mengelak Abah Heni dan akhirnya ada pengakuan, masyarakat sampai emosi. Saya
juga namanya Kepala Desa bilang jangan main hakim sendiri, saya hubungi
Bhabinkamtibmas dan diamankan,"" paparnya.

""Masyarakat sangat sedih dengan kejadian ini karena ini kejadiannya sudah lama
cuman dilaporkannya baru tahun kemarin. Terungkapnya tahun kemarin, sebenarnya
kejadiannya sudah lama dari 2017,"" tandasnya.

Sekadar informasi, Abah Heni dijatuhi hukuman mati usai palu hakim tinggi pada
Pengadilan Tinggi (PT) Bandung menganulir putusan 15 tahun penjara yang
sebelumnya diketok hakim Pengadilan Negeri (PN) Cibadak Sukabumi.

""Menjatuhkan pidana kepada terdakwa oleh karena itu dengan pidana mati,"" ucap
hakim sebagaimana kutipan amar putusan yang diterima .

  
  
  
[Gambas:Video 20detik]  

 ",www.detik.com
Jejak Kasus Korban Begal Jadi Tersangka Hingga Penahanan Ditangguhkan,"Jumat, 15 Apr 2022 14:42 WIB","\-

Murtede alias Amaq Sinta sempat ditahan terkait kasus dugaan pembunuhan
terhadap dua orang yang membegalnya. Begini jejak kasusnya.

Dirangkum , Jumat (15/4/2022), Amaq Sinta adalah korban begal di Lombok
Tengah, Nusa Tenggara Barat (NTB). Amaq Sinta melaporkan kasus pembegalan
dirinya ke polisi.

Polisi mengatakan Amaq Sinta melakukan perlawanan ketika hendak dibegal oleh
dua orang tidak dikenal. Saat dibegal, dia membela diri hingga mengakibatkan
dua begal itu tewas.

Jadi, dua begal itu terbunuh oleh calon korbannya, yakni Amaq Sinta.

Namun, seiring berjalannya waktu, Amaq Sinta ditetapkan sebagai tersangka oleh
polisi. Sebab, pembelaan Amaq Sinta itu mengakibatkan hilangnya nyawa orang
lain.

""Proses dia menghilangkan nyawa orang lain itu tetap kita proses. Walaupun ada
upaya membela diri tadi, tapi yang menilai itu saya tegaskan adalah
pengadilan, hakim yang memutuskan,"" ujar Dirkrimum Polda NTB, Kombes Hari
Brata, Selasa (12/4).

### Alasan Ditetapkan Jadi Tersangka

Hari Brata mengatakan Amaq Sinta melakukan perlawanan ketika hendak dibegal.
Perlawanan yang dilakukan Amaq Sinta adalah menusuk kedua begal menggunakan
senjata tajam milik sendiri.

""Kenapa kita bisa tahu dia membela diri menjadi korban begal, berdasarkan
pengakuan dari pelaku atau saksi rekan kedua korban meninggal. Jadi dua orang
ini peranannya mengikuti dan membuntuti tersangka yang akan dibegal dari arah
belakang,"" terang Hari.

""Karena korban ini membawa senjata tajam, makanya dia membela diri. Bukan
menggunakan senjata tajam milik pelaku begal. Tapi dia membawa senjata tajam
sendiri,"" sambungnya.

[Gambas:Video 20detik]

Selanjutnya __

Halaman

1  2

 ",www.detik.com
9 Fakta Perampok Bersenpi di Toko Gadai Ditangkap Usai Dikepung Warga,"Rabu, 15 Des 2021 08:11 WIB","\-

Penangkapan pelaku perampokan di toko gadai di Jl M Kahfi II Jagakarsa,
Jakarta Selatan, berlangsung dramatis. Pelaku sempat melawan dengan
mengacungkan senjata _airsfot gun._

Pelaku berinisial D (22) juga sempat dikepung warga dan polisi pada Senin
(13/12/2021) malam itu. Pelaku tidak bisa melawan lagi setelah kakinya
ditembak polisi.

Berikut ini fakta-fakta seputar penangkapan perampok di Indogadai, Jl M Kahfi
II, Jagakarsa, Jaksel:

###  
1\. Dikepung Warga dan Polisi

Penangkapan pelaku ini sempat menghebohkan warga lantaran pelaku berusaha
melakukan perlawanan. Pelaku menodongkan senjata saat hendak melarikan diri.

Dalam video yang beredar, terlihat sejumlah warga mengepung pelaku di dalam
ruko. Terdengar bunyi letusan diduga senjata api ketika warga mengepung pelaku
tersebut.

Suasana terdengar begitu riuh ketika warga mencoba menangkap pelaku. Beberapa
warga membawa balok hingga bambu untuk menyergap pelaku.

Belakangan diketahui suara tembakan itu adalah tembakan peringatan polisi.

###  
2\. Todong Airsoft Gun

Pelaku masuk ke tempat gadai sekitar pukul 20.0 WIB atau menjelang tempat
gadai tutup. Pelaku masuk lalu menodong korban di dalam toko gadai.

Di dalam toko gadai, diketahui ada 3 karyawan di bagian kasir. Ketiganya
sedang bersiap tutup toko malam itu.

""Kemudian pada saat 2 karyawan yang lain akan menutup toko ya, pada saat
posisinya di dalam akan menutup toko. Ini ditodong menggunakan senjata
_airsoft gun_ oleh tersangka, sehingga ini membuat takut dari pada karyawan
toko,"" jelas Kabib Humas Polda Metro Jaya Kombes Zulpan di Polres Jaksel,
Selasa (14/12).

 _Simak selengkapnya di halaman selanjutnya._

[Gambas:Video 20detik]

 _  
  
_

Selanjutnya __

Halaman

1  2  3

 ",www.detik.com
9 Pelaku Pura-pura Minta Rokok Saat Begal 2 Prajurit TNI di Jaksel,"Selasa, 10 Mei  2022 16:24 WIB","\-

Sembilan pelaku pembegalan dua prajurit TNI di kawasan Kebayoran Baru, Jakarta
Selatan, ditetapkan sebagai tersangka. Polisi mengungkap modus pelaku saat
membegal dua prajurit TNI.

""Modus yang digunakan para pelaku, mereka mencari korban yang menggunakan roda
dua dengan cara berkeliling,"" kata Kabid Humas Polda Metro Jaya Kombes Endra
Zulpan kepada wartawan, Selasa (10/5/2022).

Para tersangka lalu mengintai calon korban saat berada di kawasan sepi.
Setelahnya, para tersangka menghampiri korban dengan berpura-pura meminta
rokok.

""Mereka akan menghampiri korban dengan pura-pura meminta rokok, kemudian baru
melakukan aksi perampasan sepeda motor,"" ujarnya.

Diketahui motif para tersangka adalah ingin menguasai sepeda motor korban.
Kejadian berawal pada Sabtu (7/5), kesembilan tersangka berkumpul di wilayah
Bulungan. Diketahui pelaku mengkonsumsi minuman keras (miras) pada saat itu.

""Jadi ada pengaruh miras di sini,"" ujarnya.

Setelah mengkonsumsi miras, pelaku berkeliling menggunakan sepeda motor.
Kemudian menghampiri korban di depan SMPN 29 Jakarta Selatan.

""Kemudian melihat korban yang sedang menggunakan sepeda motor Yamaha Mio Soul
merah. Mereka menghampiri dengan modus meminta rokok, kemudian ada salah satu
pelaku lain yang melempar batu _conblock_ , namun tidak mengenai korban,""
beber Zulpan.

Saat itu, korban melakukan perlawanan. Akibatnya, kesembilan pelaku melarikan
diri.

""Kemudian, dalam upayanya melarikan diri ini, dilakukan pengejaran oleh
korban, yang merupakan anggota TNI tersebut. Kemudian berhasil menendang satu
motor dari empat motor yang lari tersebut dan terjatuh,"" imbuhnya.

Akibat perbuatannya, korban disangkakan dengan Pasal 53 KUHP _juncto_ Pasal
365 KUHP. Dengan ancaman pidana paling lama sembilan tahun penjara.

 ",www.detik.com
"Melawan Polisi, Duo Perampok yang Perkosa Wanita di Tangerang Didor Kakinya","Rabu, 26 Jan 2022 07:18 WIB","\-

Polisi melumpuhkan 2 pelaku perampokan dan pemerkosaan wanita di Balaraja,
Tangerang, dengan timah panas. Keduanya ditembak di bagian kaki karena melawan
saat hendak dibawa.

""Pelaku melakukan perlawanan dengan cara menabrakkan diri motor yang dibawanya
kepada penyidik di lapangan. Setelah itu, mencoba melarikan diri sehingga
dilakukan pelumpuhan,"" ujar Kapolres Tangerang, Kombes Zain Dwi Nugroho di
Mapolresta Tangerang, Selasa (25/1/2022).

Zain menuturkan keduanya ditembak di bagian kakinya agar dapat dilakukan
penangkapan. Kedua pelaku yang berinisial IS (22) dan GG (24) ditangkap di dua
lokasi berbeda.

""Keduanya kita lumpuhkan dengan tembakan di kakinya. Satu di Tigaraksa, satu
di Balaraja,"" tambah Zain.

Diketahui kedua pelaku ini melakukan perbuatan sadis pemerkosaan dan
perampokan kepada seorang karyawati yang sedang naik angkot yang di dalamnya
ada kedua pelaku ini. Zain mengatakan GG bertindak sebagai kernet angkot
sementara IS berperan sebagai sopir.

Dia menyebutkan peristiwa itu terjadi pada 20 Januari 2022. Korban saat itu
hendak menjemput ibunya. Namun, dalam perjalanan saat itu angkot tersebut
berhenti untuk mengisi bensin.

""Pada saat itu korban naik mobil angkot jurusan Serang-Balaraja. Dan sesaat
dalam mobil angkot hanya ada 3 orang, di antaranya sopir, kernet dan korban,
setelah mengisi BBM di salah satu SPBU tiba tiba kernet menutup pintu angkutan
tersebut,"" tambah Zain.

 _Simak selengkapnya di halaman selanjutnya._

 __

[Gambas:Video 20detik]

  
  

Selanjutnya __

Halaman

1  2

 ",www.detik.com
Polisi Tangkap 11 Pelaku Curanmor Bersenpi Rakitan di Tangerang-Bekasi,"Jumat, 31 Des 2021 12:54 WIB","\-

Polisi menangkap 11 pelaku pencurian bermotor (curanmor) bersenjata tajam yang
beraksi di tiga lokasi yang berbeda. Mereka kerap melakukan aksinya di wilayah
Tangerang Kota, Tangerang Selatan dan Kabupaten Bekasi.

""Kegiatan pengungkapan kasus ini dilakukan Subdit Jatanras dalam tempo 1 bulan
dengan mengamankan dan menangkap serta menetapkan tersangka sebanyak 11
orang,"" ujar Kabid Humas Polda Metro Jaya Kombes E Zulpan kepada wartawan di
Mapolda Metro Jaya, Jumat (31/12/2021).

Zulpan menyebut jika mereka merupakan tiga komplotan yang berbeda. Ada tiga
tempat kejadian perkara yang dilakukan para pelaku dalam melakukan aksi
kejahatan pertama di wilayah Tangerang Selatan pada tanggal 11 November 2021,
kemudian kedua di Tangerang Kota pada tanggal 25 November 2021 dan ketiga di
kabupaten Bekasi pada tanggal 17 Desember 2021.

""Dalam kegiatan aksinya mereka ini juga tidak segan melakukan kekerasan jika
ada perlawanan dari korban dan mereka juga menggunakan senpi rakitan dalam
kejahatannya,"" jelas Zulpan.

Zulpan mengungkap modus yang dilakukan para pelaku adalah memantau terlebih
dahulu situasi di jalanan. Kemudian, setelah dirasa aman mereka baru mencari
sasaran kendaraan yang terparkir.

""Kemudian mereka mencari sasaran kendaraan yang terparkir melalui kunci T
setelah berhasil mereka membawa kabur kendaraan tersebut dengan ada pembagian
tugas,"" jelas Zulpan.

""Ada yang menyiapkan coki istilahnya. Ada yang survey lokasi termasuk ada yang
bawa kendaraan,"" sambungnya.

Dalam penangkapan tersebut polisi turut menyita beberapa alat bukti,
diantaranya senjata api rakitan jenis _revolver_ , beberapa butir peluru,
kunci leter T dan mata kuncinya. Terakhir ada 9 kendaraan bermotor yang juga
diamankan pihak kepolisian.

""Dari mereka kami akan kembangkan lagi manakala ada TKP lain mungkin
masyarakat yang motornya hilang silakan lapor ke Polda Metro Jaya,"" ungkap
Zulpan.

""Motor ini bakal dikembalikan ke pemiliknya, jika korban bisa menunjukkan
surat-surat kendaraan lengkap termasuk STNK dan BPKB ya,"" sambungnya.

Terkait pasal yang disangkakan, pelaku dikenakan pasal berlapis. Diantaranya,
Pasal 363 ayat 1, 4 dan 5 dengan ancaman maksimal 7 tahun penjara dan Pasal
480 KUHP dengan ancaman maksimal 4 tahun penjara.

Terakhir, mereka juga dikenakan UU Darurat No 12 tahun 1951 terkait senjata
tajam dan UU Darurat No 15 tahun 1951 terkait penggunaan senjata api dengan
ancaman maksimal 20 tahun penjara.

""Kemudian terkait dengan kejahatan yang mereka lakukan tentunya penyidik sudah
tetapkan mereka sebagai tersangka dan sudah kami tahan,"" tutup Zulpan.

 ",www.detik.com
"Luka Dibacok Begal di Jakut, Tangan Anggota PPSU Harus Dioperasi","Rabu, 23 Feb 2022 11:29 WIB","\-

Petugas Penanganan Prasarana dan Sarana Umum (PPSU), Aris Pajriansyah (37),
terluka setelah diserang kelompok begal. Akibat serangan itu, tangan korban
harus dioperasi.

Direktur RSUD Koja dr Ida Bagus Nyoman Banjar mengatakan Aris mengalami luka
sabetan senjata tajam pada pergelangan tangan kiri. Meski begitu, kondisi
kesehatannya stabil.

""Kondisi kesehatan pasien stabil. Hasil diagnosa ada putus tendon (jaringan
ikat yang menghubungkan otot dengan tulang atau bagian tubuh lainnya),"" kata
Ida, seperti dilansir _Antara_ , Rabu (23/2/2022).

Ida mengatakan Aris akan menjalani operasi dengan menunggu hasil pemeriksaan
toleransi badan seperti rontgen hingga _polymerase chain reaction_ (PCR).
Jadwal operasi pun tengah diurus oleh dokter spesialis ortopedi RSUD Koja.

""Kami masih menunggu hasil pemeriksaan yang lain sebelum tindakan operasi.
Jadwalnya masih menunggu informasi dari dokter spesialis ortopedi,"" kata Ida.

### Polisi Buru Pelaku

Sementara itu, Kapolsek Kelapa Gading Kompol Rio Mikael Tobing mengatakan
pihaknya tengah memburu pelaku. Diduga pelaku berjumlah empat orang dan saat
itu menggunakan dua unit sepeda motor.

Petugas pun telah mengantongi keterangan awal korban dan sejumlah saksi,
termasuk barang bukti.

""Setelah kejadian kami langsung meluncurkan anggota ke TKP (tempat kejadian
perkara) dan saat ini anggota sedang di lapangan, sedang melakukan pengejaran
terhadap pelaku,"" ujar Kompol Rio.

Polisi memeriksa rekaman sejumlah CCTV untuk melacak jejak para pelaku begal.

[Gambas:Video 20detik]

 ",www.detik.com
Polisi Selidiki Perampokan yang Tembak Pengusaha di Sumsel,"Kamis, 14 Apr 2022 10:27 WIB","\-

Seorang pengusaha di Musi Banyuasin, Sumatera Selatan (Sumsel), Saiful, diduga
menjadi korban perampokan. Polisi pun turun menyelidiki kasus ini.

""Saat ini kami masih lidik,"" kata Kasi Humas Polres Musi Banyuasin, Iptu
Nazaruddin, Rabu (13/4/2022).

Nazaruddin mengatakan dari hasil pemeriksaan sejumlah saksi, diketahui jumlah
perampok yaitu tiga orang. Ada dua orang yang menjadi korban dalam perampokan
ini.

  

""Dari beberapa keterangan saksi, para pelaku berjumlah tiga orang. Kejadiannya
jam 2 malam, korban ada 2, satu luka di kening satu lagi luka tembak di perut,
sudah dilarikan ke RS Sungai Lilin dan di rujuk ke RS Palembang,"" tuturnya.

Sebelumnya diberitakan, Saiful yang merupakan pengusaha sawit diduga menjadi
korban perampokan. Saiful mengatakan dirinya juga ditembak hingga dikapak oleh
perampok.

""Saya mengalami luka tembak di bagian tangan dan dada, serta luka kapak
sehingga dilarikan ke RS Hermina Palembang ini. Kalau kerugian mungkin capai
ratusan juta rupiah,"" ucap Saiful.

Saiful mengatakan peristiwa ini terjadi pada Selasa (12/4) dini hari. Dia
menjadi korban karena memergoki para perampok yang datang ke rumahnya.

Terkait kasus ini, Kasi Humas Polres Musi Banyuasin membenarkan adanya
peristiwa itu.

""Iya kejadian itu memang benar. Informasinya ya seperti itu korban disebut
warga sekitar merupakan tauke sawit, dia ditembak di perut,"" sebut Nazaruddin.

  
  
  
[Gambas:Video 20detik]  

 ",www.detik.com
Polisi Diteriaki Maling Saat Mau Tangkap Pencuri di Rumah Mertua Irjen Fadil,"Rabu, 11 Mei  2022 08:53 WIB","\-

Satu unit motor di rumah mertua Kapolda Metro Jaya Irjen Fadil Imran di Kota
Bandar Lampung, Lampung, dicuri. Polisi yang hendak menangkap terduga pelaku
malah diteriaki 'maling'.

Direktur Reskrimum Polda Lampung Kombes Reynold Hutagalung mengatakan
peristiwa tersebut terjadi pada Kamis (5/5) malam. Motor yang dicuri milik
penjaga di rumah mertua Fadil Imran.

""Setelah dicek TKP bukan rumah mertua Kapolda Metro dibobol maling, tetapi
kejadiannya pencurian motor. Motornya ini punya penjaga di rumah mertua
Kapolda Metro itu, hilang di halaman parkirnya,"" kata Reynold saat dihubungi ,
Rabu (11/5/2022).

Reynold mengatakan mertua Irjen Fadil tidak tinggal di rumah tersebut. Namun,
rumah mertua Irjen Fadil sehari-hari dijaga oleh seorang penjaga.

""Rumahnya tidak ditempati mertua Kapolda Metro, hanya penjaga saja. Kebetulan
penjaga ini memarkirkan motornya di halaman parkir, jadi bukan rumahnya
dibobol maling,"" tutur Reynold.

###

### Polisi Diteriaki 'Maling'

Kasus tersebut dilaporkan ke Polresta Bandara Lampung. Polisi kemudian
melakukan penyelidikan terhadap pelaku, termasuk sindikat curanmor yang biasa
bermain di wilayah Lampung dan sekitarnya.

Pada Selasa (10/5) dini hari, Tim Khusus Antibandit (Tekab) 308 Satreskrim
Polresta Bandar Lampung melakukan pengejaran ke rumah terduga pelaku di Desa
Peniangan, Kabupaten Lampung Timur.

""Sebetulnya pengejaran terhadap pelaku itu tidak hanya ke pelaku curanmor di
rumah mertua Kapolda Metro, tetapi kepada pelaku curanmor di TKP lain. Namun,
kami masih melakukan pendalaman apakah pelaku ini ada kaitannya dengan yang di
TKP rumah mertua Kapolda Metro dan TKP-TKP lainnya,"" jelas Reynold.

""Beberapa pelaku sekarang sedang di- _hunting_ ,"" tambahnya.

Pada saat melakukan pengejaran ke rumah terduga pelaku ini, polisi mendapat
perlawanan dari warga. Sejumlah warga menghadang dan mengepung mobil polisi
yang hendak menangkap pelaku tersebut.

""Waktu mau diambil (anggota) diteriaki 'maling',"" ucapnya.

[Gambas:Video 20detik]

 _Cerita pengejaran polisi ke pelaku curanmor bersambung di halaman
berikutnya._

Selanjutnya __

Halaman

1  2

 ",www.detik.com
Polisi Tangkap Komplotan Pencuri Spesialis Minimarket di Bengkulu,"Selasa, 12 Apr 2022 19:05 WIB","\-

Komplotan pencuri yang terdiri dari dua pria dan seorang wanita melakukan
pencurian di sejumlah minimarket di Kabupaten Kapahiang, Bengkulu. Tiga orang
itu pun kini sudah ditangkap polisi.

""Ketiga tersangka saat ini sudah kita amankan,"" kata Kasatreskrim Polres
Kapahiyang, Doni Juniansyah, Selasa (12/4/2022).

Ketiga orang yang ditangkap itu adalah SU (20), PA (39), dan HE (34). Mereka
melakukan aksinya pada 24 Maret 2022 yang lalu di 3 gerai minimarket yang ada
di Kapahiang.

  

""Adapun modus pencuriannya yakni satu orang mengalihkan perhatian kasir dan
karyawan Indomaret, ada juga yang bertugas mengambil barang-barang dan
memasukkannya ke dalam tas miliknya,"" ucapnya.

Target pencurian komplotan ini adalah kebutuhan sehari-hari yang mudah
disembunyikan di dalam tas. Mereka juga mencuri alat pembersih wajah.  
  
""Komplotan ini khusus untuk mencuri perlengkapan pembersih badan, wajah juga
kebutuhan sehari hari,"" jelas Doni.

Atas perbuatannya, ketiga orang itu dijerat dengan pasal 363 ayat 1 juncto
pasal 65 Kitab Undang-Undang Hukum Pidana (KUHP) dengan ancaman tujuh tahun
kurungan penjara.

  
  
  
[Gambas:Video 20detik]  

 ",www.detik.com
Ini Penampakan Tombak Begal yang Lukai Kanit Resmob Polda Jambi,"Rabu, 11 Mei  2022 14:59 WIB","\-

Kanit Resmob Polda Jambi AKP Silaen terluka setelah ditombak oleh Taufik
Galing (32), begal yang hendak ditangkap. Begini penampakan tombak yang
dipakai Taufik.

Dilansir , Rabu (11/5/2022), tombak tersebut berwarna hitam kecokelatan.
Tombak itu tampak cukup panjang.

Bagian atas tombak terlihat runcing. Beberapa bagian tombak tampak berkarat.

Tombak ini digunakan Taufik untuk melukai AKP Silaen. AKP Silaen pun sempat
kritis karenanya.

Sebelumnya diberitakan, AKP Silaen ditombak saat operasi penangkapan begal
yang dilakukan pada Selasa (10/5), sekitar pukul 18.00 WIB. Tombak yang
digunakan adalah tombak ikan.

""Jadi, saat akan ditangkap, pelaku ini sudah tahu, lalu dia berteriak kepada
anggota polisi yang akan ditangkap untuk minta ditangkap. Setelah akan
ditangkap, dia lakukan perlawanan dengan bawa tombak ikan,"" ujar Dirkrimum
Polda Jambi, Kombes Kaswandi Irwan.

Simak selengkapnya di sini.

[Gambas:Video 20detik]

  
  

 ",www.detik.com
Ulah Biadab Pria di Baubau Perkosa 2 Remaja Putri Modus Ngajar Agama,"Kamis, 28 Apr 2022 06:00 WIB","\-

Ulah biadab pria inisial IR di Kota Baubau, Sulawesi Tenggara (Sultra)
memperkosa remaja putri inisial Y (16) dengan modus mengajarkan ilmu agama
terbongkar. Kasus ini terungkap setelah pihak keluarga korban menemukan video
asusila di ponsel korban.

""Pelaku bercerita dan mengajarkan keduanya tentang ilmu Agama Islam, ilmu
Tauhid, dan mengarahkan korban ke hal-hal perbuatan baik,"" ujar Kapolres
Baubau AKPB Erwin Pratomo dalam keterangannya, Rabu (27/4/2022).

IR melakukan aksi pemerkosaan itu pada April 2020 lalu. Korban Y awalnya
diajak wanita teman dekat pelaku inisial E untuk bertemu di kawasan Keraton
Baubau untuk diajari pengetahuan tentang agama.

  

Sepekan setelah itu, pelaku kembali memanggil Y dan E untuk bertemu. Dalam
pertemuan itu, pelaku mengajak keduanya bertemu di indekos pelaku di Kecamatan
Kokalukuna, Kota Baubau.

""Setiba di kos pelaku, keduanya diajak bercerita kurang lebih 30 menit.
Setelah itu keduanya diajak pelaku berhubungan suami istri,"" tutur Erwin.

Tanpa diketahui korban, pelaku IR ternyata diam-diam merekam aksi bejatnya
menggunakan ponsel miliknya. Belakangan, video itu kemudian dijadikan pelaku
sebagai ancaman untuk kembali memperkosa kedua korban dan mengancam menyebar
video tersebut jika keinginannya tidak dipenuhi.

""Kedua korban disetubuhi oleh pelaku sambil direkam video pakai HP pelaku
sendiri,"" beber Erwin.

""Sebulan kemudian pelaku kembali mengajak kedua korban untuk melakukan
hubungan badan namun mereka menolak, pelaku mengancam akan menyebarkan video
yang pernah dibuat saat melakukan persetubuhan,"" bebernya.

## Dilapor Polisi Tuduhan Pemerkosaan

IR juga diketahui memaksa korban Y untuk melakukan hubungan sesama jenis
dengan seorang wanita inisial A hingga direkam video. Jika tidak dilakukan,
pelaku mengancam korban dengan video yang sudah direkam sebelumnya.

""IR ancam akan sebar video intim klien kami korban Y ini jika tidak melakukan
hubungan sesama jenis,"" kata Safrin Salam, kuasa hukum Y kepada , Rabu
(27/4/2022).

Belakangan, ancaman pelaku terhadap Y melalui pesan singkat diketahui oleh
wanita inisial A. Namun IR justru semakin menjadi-jadi dan mendesak korban Y
berhubungan sesama jenis dengan A dengan ancaman yang sama.

""Pelaku ditahu chatnya ternyata tidak gentar, lantas mencari tahu informasi A.
Kemudian, pelaku memaksa Y untuk melakukan hubungan badan dengan A (sesama
jenis) dan meminta aksinya direkam. Jika tidak mau melakukan, Y diancam
kembali oleh IR,"" tutur Safrin.

Korban Y tak bisa berbuat banyak karena takut videonya disebar pelaku. Korban
pun terpaksa menuruti keinginan pelaku melakukan hubungan sesama jenis dengan
A sambil direkam untuk dikirim ke pelaku.

""Korban merasa terancam kemudian membujuk A untuk membuat video asusila sesama
jenis menggunakan HP korban. A ini sempat nasehati Y jangan direkam nanti
bermasalah, tapi Y sangat takut dan membujuk A untuk menuruti keinginannya
membuat video tersebut,"" tambah dia.

Dia mengungkapkan, kasus tersebut terbongkar pada Sabtu (2/4) saat keluarga Y
merasa ada yang aneh dengan korban. Keluarga kemudian mengecek ponsel Y
sehingga keluarga mendapati video asusila sesama jenis tersebut.

""Ternyata dicek lagi ditemukan chat pelaku yang mengancam korban. Keluarga
tidak terima dan melaporkan ke kami. Kami pun membuat laporan ke polisi pada
tanggal 8 April 2022 di Polres Baubau,"" ungkapnya.

Korban Y kemudian disebut mengalami ancaman dari pelaku IR tidak kurang dari
dua tahun. Kini polisi sedang menyelidiki keberadaan pelaku IR.

""Saat ini anggota Opsnal saya berada di Kendari bersama Resmob Polda Sultra
untuk lidik keberadaan tersangka,"" ujar Kapolres Baubau AKBP Erwin Pratomo,
dalam wawancara terpisah.

  
  
  
[Gambas:Video 20detik]  

 ",www.detik.com
Tampang Perampok Sadis yang Habisi Sekuriti Studio Foto di Semarang,"Rabu, 30 Mar 2022 15:28 WIB","\-

Polda Jateng menangkap pelaku perampokan yang menewaskan sekuriti studio foto
di Kota Semarang, Supriyono (37). Pelaku kini diamankan di Polda Jateng untuk
pemeriksaan lebih lanjut.

""Pelaku ditangkap 6-7 jam setelah laporan diterima dan saat ini sudah
diamankan tim Ditreskrimum Polda Jateng,"" kata Kabid Humas Polda Jateng Kombes
Pol M Iqbal Alqudusy dalam rilis yang diterima, Rabu (30/3/2022).

Iqbal juga mengirimkan dua foto pelaku nampak juga tampang pelaku. Nampak
dirinya sedang duduk di kursi dengan borgol yang mengikat kedua tangannya.

Pelaku, merupakan seorang pria berinisial RIS alias Cipling dengan usia 24
tahun. Iqbal menyebut bila pemuda itu ditangkap di rumahnya di Kebumen.

""Polda Jateng berdasarkan bukti-bukti di TKP kemudian mengembangkan
penyelidikan dan berhasil menangkap tersangka di Kebumen,"" jelasnya.

Dalam foto itu, tampak pelaku mengenakan kaus berwarna hitam dengan celana
pendek. Wajah pelaku di dua foto tersebut disensor.

![RIS, pelaku perampokan sadis yang tewaskan sekuriti studio foto di Semarang,
Selasa
\(29/3/2022\).](https://akcdn.detik.net.id/community/media/visual/2022/03/30/ris-
pelaku-perampokan-sadis-yang-tewaskan-sekuriti-studio-foto-di-semarang-
selasa-2932022-1.jpeg?w=719)RIS, pelaku perampokan sadis yang tewaskan
sekuriti studio foto di Semarang, Selasa (29/3/2022). Foto: dok Polda Jateng  
  
---  
  
Selain menangkap pelaku, polisi juga mengamankan sejumlah barang bukti. Di
antaranya kamera dan lensa seperti yang raib dari toko kamera di TKP.

""Dari pelaku berhasil diamankan barang bukti berupa satu unit sepeda motor
Honda Supra X 125 warna hitam, tiga buah lensa kamera merek Sony warna hitam
dan satu buah kamera drone warna hitam,"" ujarnya.

Diberitakan sebelumnya, kejadian perampokan sadis itu terjadi di Jl
Diponegoro, Gajahmungkur, Kota Semarang, pada Selasa (29/3). Selain sejumlah
barang yang hilang, seorang sekuriti juga ditemukan tewas dengan luka tusukan.

""Dari penyelidikan awal kita temui adanya tanda-tanda tusukan pada korban
kemudian kita temui juga ada barang bukti terkait pisau yang diduga digunakan
untuk menusuk,"" kata Kasat Reskrim Polrestabes Semarang AKBP Donny Lomban
Toruan di lokasi, Selasa (29/3).

  
  
  
[Gambas:Video 20detik]  

 ",www.detik.com
"Begini Tampang Perampok Truk Sawit di Asahan, 5 Ditembak Polisi","Selasa, 17 Mei  2022 16:58 WIB","\-

Polisi butuh waktu hampir sepekan untuk mengungkap pelaku perampokan dan
penyekapan sopir truk bermuatan sawit di wilayah Aek Ledong, Kabupaten Asahan,
Sumatera Utara. Diketahui setelah dirampok sopir pun dibuang pelaku ke wilayah
Labuhanbatu dalam kondisi terikat dan mulut ditutup lakban.

""Kasus ini berhasil kita ungkap, total ada delapan tersangka kita amankan.
Lima pelaku perampokan dan tiga orang penadah,"" kata Kapolres Asahan, AKBP
Putu Yudha Prawira saat paparan pengungkapan kasus di Kisaran, Selasa
(17/5/2022).

Polisi pun menghadirkan delapan orang yang telah ditetapkan tersangka itu.
Untuk lima pelaku perampokan truk diberi hadiah timah panas oleh polisi di
kaki karena mencoba melarikan diri saat hendak ditangkap. Delapan tersangka
itu pun ditampilkan dengan memakai baju tahanan dari kepolisian.

  

""Kasus ini motifnya murni perampokan. Jadi para pelaku sebelumnya sudah
mengamati terlebih dahulu kebiasaan korban, lalu direncanakan secara matang
sampai mereka berangkat dengan menggunakan satu mobil Terios itu ada tujuh
orang. Pelaku perampokan tak koperatif saat ditangkap hingga kaki mereka
diberikan tindakan terukur,"" sambungnya.

Menurut Putu kejadian perampokan terjadi di wilayah Aek Ledong, Kabupaten
Asahan yang merupakan jalan perkebunan dan sepi dari aktivitas kendaraan.

""Jadi naik mobil Terios itu mereka ada tujuh orang dicegat si korban sambil
diancam pakai senjata api sehingga korban ketakutan dan tidak melawan,""
katanya.

Adapun identitas orang tersangka yang ditangkap yakni lima orang komplotan
perampok masing masing Irwansyah Putra Marpaung (37) warga Rokan Hilir, Riau,
Adi Imron Siregar (46), Ardiansyah Putra (24), Supriono (32) dan Wahyu Lubis
(26). Empat nama terkahir merupakan warga Labuhanbatu.

![Pelaku perampokan truk bermuatan sawit di
Asahan](https://akcdn.detik.net.id/community/media/visual/2022/05/17/pelaku-
perampokan-truk-bermuatan-sawit-di-asahan_169.jpeg?w=620)Pelaku perampokan
truk bermuatan sawit di Asahan Foto: Perdana Ramadan  
  
---  
  
Sementara tiga tersangka lainnya merupakan penadah hasil sawit curian yang
dijual para tersangka mereka adalah Nico Ardiansyah (28), Erma Yusuf (43) dan
Ahmad Saifudin (45) ketiganya warga Labuhanbatu. Masih ada dua pelaku lain
yang belum tertangkap, polisi memasukan dua orang itu ke daftar pencarian
orang (DPO).

Sebelumnya, sebuah video memperlihatkan detik-detik penyelamatan sopir truk
muatan sawit yang menjadi korban perampokan dan dibuang di Labuhanbatu beredar
di sosial media.

Dilihat , Rabu (11/5/2022) video itu beredar di sosial media facebook
memperlihatkan seorang pemuda dalam keadaan lemas dalam posisi telungkup tanpa
mengenakan baju. Sementara tangan serta kakinya tampak terlilit tali dan
lakban.

""Koe supir,"" tanya perekam gambar dalam video itu. ""Iya pak,"" dijawab korban
seketika.

""Uwe gak popo, tenang ae aman iku,"" (sudah tenang aja aman itu) kata perekam
suara.

Belakangan pria yang diketahui bernama Sandi tersebut diketahui sebagai sopir
truk sawit yang baru saja dirampok dan dibuang di desa N-3 Labuhanbatu. Dia
juga menyebut asal daerah tempat tinggalnya di Aek Bange, Kabupaten Asahan.

""Toke ku namanya Tasrif bang,"" kata pria itu.

Sementara itu, Tasrif yang dihubungi wartawan mengatakan mobil truk colt
diesel bermuatan sawit bermuatan 8 ton yang baru dirampok tersebut adalah
miliknya.

""Memang biasa sendirian dia itu bawanya selama ini aman saja. Muatan sawit
sekitar 8 ton habis panen mau dijual ke pabrik,"" kata dia.

Saat kejadian, menurut cerita yang didapayltnya dari korban saat itu dari arah
belakang truknya diminta jalan oleh sebuah mobil.

""Jadi di kasih jalan lah. Tapi pas sudah dikasi jalan mobil itu malah mencegat
ada beberapa orang menodongkan pistol, korban di suruh turun dari truk, diikat
dimasukkan ke dalam mobil pelaku,"" kata dia.

Setelah dibawa masuk ke dalam mobil pelaku, korban dibawa berkeliling hingga
di buang ke daerah Labuhanbatu hingga diselamatkan warga. Kini, kasus ini
sedang ditangani Polisi dan berharap para pelaku segera tertangkap.

  
  
  
[Gambas:Video 20detik]  

 ",www.detik.com
"22 Kali Beraksi Curi Motor, Dua Petani Ditembak Polisi Karawang","Sabtu, 28 Mei  2022 23:31 WIB","\-

Dua petani pelaku pencurian motor ditangkap polisi Karawang. Dengan timah
panas menembus betis, 22 kali aksi mereka akhirnya berakhir dalam jeruji besi.

Kapolres Karawang AKBP Aldi Subartono mengatakan kedua pelaku sama-sama
berprofesi sebagai petani. AN (41) merupakan warga Blanakan Subang. Sedangkan
NS (50) tercatat sebagai warga Karawang.

""Keduanya ditangkap pada Jumat, 27 Mei 2022 sekitar jam delapan malam. Kami
amankan saat operasi libas Lodaya 2022,"" kata Aldi saat dikonfirmasi melalui
telepon selular, Sabtu (28/5).

  

AN dan NS terkenal licin dan sulit ditangkap. Catatan kejahatan mereka
panjang. Keduanya beraksi jadi maling motor sebanyak 15 kali di Kabupaten
Subang, dan tujuh kali di Kabupaten Karawang.

Pelarian mereka berakhir saat timah panas petugas menembus betis mereka
masing-masing.

""Saat kami lakukan penangkapan, keduanya berusaha kabur dan melawan petugas.
Kami melakukan tindakan tegas terukur,"" sambung Aldi.

Dari tangan pelaku, polisi menyita satu buah kunci T serta satu mata kunci,
satu buah ponsel, satu unit Honda Beat warna biru, dan satu unit Honda Supra
X.

Saat beraksi, pelaku mencari kendaraan yang diparkir di depan rumah. Ketika
korbannya lengah, pelaku langsung mengeksekusi motor menggunakan kunci T.

""Pelaku beraksi di malam hari, mengambil motor yang di parkir di depan rumah
menggunakan kunci T,"" ujarnya.

Dua pelaku dikenakan pasal 363 KHUPidana dengan ancaman lima tahun penjara.

""Dua pelaku dikenakan pasal 363 KHUPidana dengan ancaman lima tahun penjara,""
tandasnya.

  
  
  
[Gambas:Video 20detik]  

 ",www.detik.com
Polisi Buru Begal Penusuk Dada Pemuda Bandung!,"Rabu, 04 Mei  2022 12:26 WIB","\-

Polisi bergerak menyusul adanya insiden berdarah begal yang menusuk dada
pemuda di Bandung. Polisi tengah menyelidiki kasus tersebut.

""Masih dalam penyelidikan,"" ucap Kapolsek Cibeunying Kidul Kompol Aam Hadian
kepada wartawan, Rabu (4/5/2022).

Aam menuturkan pihaknya sudah menerjunkan tim untuk menyelidiki kasus
tersebut. Polisi bergerak untuk memburu pelaku yang diduga berjumlah dua orang
itu.

  

""(Masih) pendalaman,"" katanya.

Sebelumnya, Seorang pemuda bernama Husni (22) menjadi korban begal. Bahkan
pelaku nekat menusuk dada demi mengambil ponsel.

Aksi itu dialami Husni tepat dini hari pukul 01.00 WIB menjelang hari raya
Idul Fitri atau pada Senin (2/5/2022). Husni dibegal di Jalan Sukarajin, Kota
Bandung hingga harus mendapatkan perawatan di rumah sakit.

""Kondisinya masih belum stabil,"" ucap Rian (26) kakak korban kepada wartawan,
Rabu (4/5/2022).

Rian menuturkan adiknya itu dibegal sehabis pulang berbelanja baju lebaran.
Saat itu, dia hendak menuju rumah temannya dengan memarkirkan mobil di depan
gang.

""Dia habis belanja baju, terus main ke kos temannya. Dia balik lagi ke mobil,
ada yang ketinggalan nggak tahu mau pulang,"" tuturnya.

Rian belum bisa bercerita banyak lantaran kondisi adiknya masih mendapatkan
perawatan. Akan tetapi berdasarkan rekaman CCTV yang juga viral di media
sosial, saat itu adiknya sedang berjalan menuju ke mobil. Di saat bersamaan,
adiknya itu berpapasan dengan dua orang menggunakan satu sepeda motor.

""Dilihat dari CCTV, adik saya bawa HP lalu begalnya putar balik. Pas
disamperin (oleh pelaku) langsung menodong,"" tutur dia.

Saat itu, adik Rian sempat menolak ketika diminta memberikan ponsel. Bahkan
Husni sempat memberikan perlawanan. Akan tetapi, pelaku tetap memaksa
mengambil ponsel bahkan mengeluarkan senjata tajam. Sajam tersebut menyabet
lengan adiknya dan oleh pelaku ditusuk bagian dada kanan.

""Adik saya nggak mau nyerahin HP. Pelaku langsung mukul nggak tahu bagian muka
atau kepala. Terus dilawan, dipegang, dirangkul sama adik saya. Akhirnya
kewalahan sampai mau jatuh. Dia kena sabetan ke tangan sama pisau kedua dada
kanan. Adik saya langsung oleng,"" katanya.

  
  
  
[Gambas:Video 20detik]  

 ",www.detik.com
"Lansia Bantaeng Tewas Usai Kepergok Curi Limbah Nikel, 3 Polisi Diperiksa","Kamis, 19 Mei  2022 18:05 WIB","\-

Seorang pria lanjut usia (lansia) bernama Nuru Saali (78) di Kabupaten
Bantaeng, Sulawesi Selatan (Sulsel) tewas saat dipergoki polisi sedang mencuri
limbah nikel di area tambang. Akibatnya, 3 polisi yang memergoki korban kini
diperiksa Propam Polda Sulsel.

""Ada tiga anggota diperiksa oleh Propam. Termasuk dua dari Satpam diperiksa
oleh Satreskrim Polres Bantaeng,"" kata Kabid Humas Polda Sulsel Kombes Komang
Suartana kepada , Rabu (18/5/2022).

Peristiwa itu terjadi di area PT HN, Papanloe, Kecamatan Pakjukukan, Kabupaten
Bantaeng, Selasa (17/5) pukul 02.30 Wita. Saat itu korban dipergoki melakukan
aksi pencurian bersama rekannya Mujahid (51).

  

""Benar mencuri limbah nikel jenis slag di PT HN,"" ungkap Suartana.

Suartana menuturkan, korban Nuru dan rekannya awalnya dipergoki sedang
melakukan pencurian di area tambang. Korban kemudian kabur dan terjatuh,
sehingga meninggal dunia.

""Yang jatuh kan sudah berumur kan (Nuru). Nah saat dibawa ke rumah sakit,
meninggal (akibat) sesak napas,"" ujarnya.

Dalam aksi tersebut, polisi menyita sejumlah barang bukti. Namun Suartana
belum membeberkan barang bukti apa saja yang dimaksud.

""Ada barang bukti,"" singkatnya.

Hingga kini, tiga anggota polisi dan dua satpam tambang tersebut masih
menjalani pemeriksaan. Termasuk penyebab pasti kematian Nuru.

""Masih didalami. Informasi (Nuru meninggal) karena jatuh,"" imbuhnya.

  
  
  
[Gambas:Video 20detik]  

 ",www.detik.com
Berulang Terdengar Tembakan Saat Minimarket Dirampok di Tangerang,"Kamis, 21 Apr 2022 03:31 WIB","\-

Kawanan perampok bersenjata api menyatroni Alfamart di Jalan Raya Maloko,
Kecamatan Pagedangan, Tangerang. Mereka menyekap staf Alfamart sebelum
akhirnya melarikan diri.

Polisi sempat mengeluarkan rentetan tembakan peringatan saat berupaya
membebaskan staf minimarket yang disandera. Peristiwa perampokan itu terjadi
pada Selasa (19/4) sekitar pukul 22.00 WIB, saat toko akan tutup.

Dalam aksi perampokan ini, para pelaku berhasil menggondol uang senilai total
Rp 70 juta dari dalam brankas dan meja kasir. Sementara tiga orang pelaku
masih diburu polisi.

""Akibat kejadian ini, pihak Alfamart menderita kerugian uang sebanyak Rp 70
juta,"" kata Kabid Humas Polda Metro Jaya Kombes E Zulpan di Mapolda Metro
Jaya, Jakarta, Rabu (20/4/2022).

## Tiga Pelaku Datang Pura-pura Belanja

  
Kabid Humas Polda Metro Jaya Kombes Endra Zulpan mengatakan pelaku berjumlah
tiga orang datang ke Alfamart dengan berpura-pura menjadi pembeli. Mereka
datang berboncengan dua motor.

""Tiga orang pelaku berpura-pura akan berbelanja masuk ke dalam Alfamart,"" ujar
Kabid Humas Polda Metro Jaya Kombes Zulpan kepada , Rabu (20/4).

##  
Pelaku Sempat Todong Staf Minimarket

Salah satu pelaku menodongkan senjata api kepada staf minimarket. Para pelaku
lalu meminta staf minimarket naik ke lantai 2 ruang penyimpanan brankas.

""Korban ditodong senjata api, disuruh naik ke lantai 2 ruang penyimpanan
brankas,"" ujarnya.

 _Baca di halaman selanjutnya: polisi lepaskan tembakan peringatan untuk
bebaskan sandera._

 __

[Gambas:Video 20detik]

  
  

Selanjutnya __

Halaman

1  2  3

 ",www.detik.com
Polisi Tangkap Pembunuh Pria yang Mayatnya Ditemukan Dekat Tol Tangerang,"Kamis, 02 Jun 2022 13:30 WIB","\-

Mayat pria yang ditemukan dengan kondisi luka bacok pinggir tol Cipondoh, Kota
Tangerang, merupakan korban pembunuhan. Saat ini polisi telah menangkap pelaku
pembunuhan korban tersebut.

Kapolres Metro Tangerang Kota Kombes Zain Dwi Nugroho enggan membeberkan
jumlah pelaku yang ditangkap. Menurutnya, hal ini dikarenakan saat ini masih
dalam pengembangan tim gabungan.

""Untuk pelaku sementara sedang diamankan oleh tim gabungan Krimum Polda,
Polres, sama Polsek. Pelaku yang diamankan ini sedang masih kita kembangkan,""
ucap Zain saat dihubungi, Kamis (2/6/2022).

Menurutnya, untuk saat ini hanya itu yang dapat dia sampaikan. Ia menambahkan
hal ini dikarenakan kasus ini akan dirilis oleh Polda Metro Jaya.

""Sementara itu yang bisa disampaikan. Yang diamankan sedang dikembangkan,
inisial menyusul, ya. Nanti akan di _press release_ sama Polda,"" tambahnya.

Selain itu, identitas pelaku saat ini sudah terungkap berinisial BS (19), yang
merupakan warga Karawaci, Kota Tangerang. Zain menegaskan BS dapat dipastikan
merupakan korban pembunuhan.

""Identitas sudah _keungkap_. Identitas korban inisial BS (19), warga Karawaci,
Kota Tangerang. Iya betul (korban pembunuhan). Dari hasil autopsi seperti itu
(dibunuh),"" ungkapnya.

Sebelumnya diketahui, BS ditemukan tergeletak di pinggir tol di Cipondoh, Kota
Tangerang, dengan sejumlah luka bacok di tubuhnya. Mayat pria itu ditemukan di
jalan menuju Tol Merak.

""Tadi pagi kita terima informasi dari sekuriti dari perumahan Puri 11 Karang
Tengah, telah ditemukan seorang laki-laki tidak dikenal. Karena tanpa
identitas, (ditemukan) di pinggir jalan menuju arah Tol Merak,"" kata Zain saat
dihubungi wartawan, Rabu (1/6/2022).

[Gambas:Video 20detik]

 ",www.detik.com
"Curi Uang di Pasar untuk Judi, Kakak Beradik di Buleleng Dibui","Rabu, 11 Mei  2022 18:40 WIB","\-

Gara-gara mencuri uang untuk judi togel, dua kakak beradik di Buleleng, Bali
ditangkap polisi dan dibui.

Dua tersanga itu, yakni Susanto (24) dan adiknya, Maulana (18). Dua pemuda
asal Jalak Putih 1, Kelurahan Banyuasri, Buleleng itu kini diamankan aparat

Kepolisian Resor (Polres) Buleleng, usai mencuri di Pasar Anyar Singaraja,
pada Sabtu (19/3/2022) sekitar pukul 05.00 WITA.

  

Kasat Reskrim Polres Buleleng, AKP Hadimastika., S.I.K., M.H, mengatakan
kronologi peristiwa pencurian tersebut terjadi ketika korban Cening Serimpen
(67) sedang tidur di lapak jualannya.

Apesnya saat korban tertidur, tiba-tiba datang Tersangka Susanto, yang
kemudian langsung mengambil tas selempang milik korban yang ditaruh di sebelah
badannya.

""Jadi mereka ini datang ke pasar ini melihat ada korban itu sedang tidur dan
menaruh tas di sebelah korban. Setelah melihat korban tertidur, mereka
bersama-sama mengambil lalu pergi meninggalkan TKP,""jelas Hadimastika.

Selanjutnya akibat kejadian itu, uang dagangan korban senilai Rp 20 juta,
sebuah hanphone merek Nokia, buku tabungan BRI dan nota belanja yang disimpan
di dalam tas raib.

Atas kejadian itu, korban kemudian melaporkan tindak pencurian yang dialaminya
ke kantor polisi.

Singkat cerita, usai menerima laporan dan melakukan penyelidikan, polisi
akhirnya berhasil mengidentifikasi identitas tersangka dan menangkap keduanya.

Usai ditangkap, dari hasil penyidikan dan pengembangan, terungkap jika kedua
tersangka saat beraksi berbagi peran.

Kata Hadimastika, Tersangka Susanto berperan mengambil tas korban yang berisi
uang tunai. Sedangkan adiknya Maulana bertugas untuk mengawasi situasi sekitar
dan membawa motor.

""Kedua tersangka merupakan kakak beradik, satu ada yang bawa motor dan satunya
mengambil tas milik korban. Yang mengambil Susanto, korban merupakan pedagang
sayur di pasar"" ungkap Hadimastika

Selain itu, masih dari hasil penyidikan dan catatan Polres Buleleng, ternyata,
tersangka merupakan residivis dalam kasus sama (pencurian) di tahun 2019.
Sementara untuk hasil pencuriannya digunakan oleh kedua tersangka untuk
bermain judi dan kebutuhan sehari-hari.

""Akibat perbuatannya, tersangka Susanto dan Maulana dijerat dengan Pasal 363
ayat (1) huruf ke 4e KUHP dengan ancaman hukuman maksimal 7 tahun penjara""
jelasnya.

Sementara saat jumpa pers, Tersangka Susanto mangaku mencuri karena terbelit
hutang.

Menurutnya, uang hasil curian dia gunakan untuk membayar hutang, dan bermain
judi togel.

""Saya yang mengajak adik mencuri. Uang saya gunakan untuk bayar hutang judi
sama main judi togel"" tukas Susanto

  
  
  
[Gambas:Video 20detik]  

 ",www.detik.com
Pembunuhan Sopir Travel di Langkat Terungkap Usai Penemuan Tulang,"Senin, 23 Mei  2022 12:54 WIB","\-

Seorang sopir di Langkat, Sumatera Utara, diduga dibunuh dan dikubur oleh
orang yang membunuhnya. Pembunuhan itu baru terungkap setelah berselang empat
tahun dari peristiwa pembunuhan.

Kabid Humas Polda Sumut Kombes Hadi Wahyudi membenarkan soal adanya sopir yang
dibunuh pada tahun 2018. Hadi membenarkan pembunuhan itu terungkap setelah
tulang belulang dari korban ditemukan.

""Benar pengungkapannya,"" kata Kabid Humas Polda Sumut Kombes Hadi Wahyudi,
Senin (23/5/2022).

  

Hadi mengatakan penemuan tulang itu dilaporkan oleh warga. Setelah mendapatkan
laporan, kepolisian kemudian menindaklanjutinya.

""Iya sudah menjadi tulang. Iya (ditemukan warga), terus dilaporkan ke kita dan
ditindaklanjuti,"" ujar Hadi.

Hadi menjelaskan dari hasil penelusuran, mereka mengamankan tiga orang pelaku.
Hadi belum menjelaskan identitas berikut motif dibalik peristiwa tersebut.

""Pelaku tiga orang yang ditangkap,"" jelas Hadi.

Sebagai informasi, pembunuhan itu diduga terjadi pada tahun 2018 silam.
Kemudian pada Kamis (19/5) terungkap setelah adanya penemuan kerangka manusia
di Dusun Parit Rimo, Desa Jati Sari, Kecamatan Padang Tualang, Langkat.

Setelah ditemukan, tulang belulang manusia tersebut langsung dibawa ke RS
Bhayangkara Medan untuk diperiksa.

  
  
  
[Gambas:Video 20detik]  

 ",www.detik.com
"Begal Sadis di Jalur SSB Boyolali Ternyata Rekayasa, Ini Motifnya","Kamis, 28 Apr 2022 11:26 WIB","\-

Masih ingat kasus begal di jalur wisata Solo-Selo-Borobudur (SSB) Dukuh Pule,
Desa Jelok, Kecamatan Cepogo? Kejadian itu ternyata rekayasa. Siswadi, yang
mengaku telah ditendang begal dan uangnya Rp 1,8 juta raib, akhirnya mengakui
kejadian tersebut tidak benar.

""Nama Siswadi, alamat Panderejo, Paras, Cepogo, Boyolali, pekerjaan petani,
agama Islam menyatakan bahwa kejadian pada Rabu, tanggal 20 April 2022 di
jalan Boyolali-Magelang tepatnya Dukuh Pule, Kecamatan Cepogo, telah menjadi
korban begal dan kejadian itu tidak benar,"" kata Siswadi dalam video
klarifikasi, seperti dilansir detikJateng, Kamis (28/4/2022).

Siswadi mengaku bahwa pembegalan tersebut hanya rekayasa. Namun, Siswadi tak
menyebutkan alasan telah mengarang cerita pembegalan.

""Itu cuma rekayasa saya dan selanjutnya saya ingin meminta maaf kepada
masyarakat atas kejadian ini dan tidak akan mengulangi lagi,"" kata Siswadi.

Kapolsek Cepogo AKP Agung Setiawan menambahkan video klarifikasi Siswadi yang
sebelumnya mengaku telah dibegal itu. Agung mengatakan Siswadi mengarang
cerita menjadi korban begal karena harus melunasi utangnya.

""Tidak punya uang, sementara utang harus dilunasi,"" kata Agung Setiawan kepada
detikJateng, Kamis (28/4/2022).

 _Baca selengkapnyadi sini._

 __

[Gambas:Video 20detik]

  
  
  

 ",www.detik.com
6 Orang Diperiksa Terkait Pembunuhan Juragan Air Isi Ulang di Surabaya,"Jumat, 07 Jan 2022 14:06 WIB","\- Seorang pria paruh baya tewas dibunuh di ruko miliknya di Jalan Manukan
Tama, Manukan Tama, Tandes. Polisi telah meminta keterangan 6 orang terkait
kasus ini.

Kapolsek Tandes Kompol Hendry Ibnu Indarto membenarkan telah terjadi
perisitiwa pembunuhan di sebuh ruko di Jalan Manukan Tama, Kecamatan Tandes
pagi tadi.

""Yang meninggal pemilik ruko,"" kata Hendry kepada wartawan di Polsek Tandes,
Jumat (7/1/2022).

Hendry juga membenarkan di tubuh korban ditemukan bekas luka tusukan. Salah
satunya di kepala bagian belakang korban.

""Yang pasti ada luka tusuk. Terkait jumlahnya nanti (menunggu hasil visum),
iya (di kepala bagian belakang),"" ujar Hendry.

Atas kejadian pembunuhan tersebut, Hendry menyampaikan ada 6 orang sedang
dimintai keterangan di Polsek Tandes.

""Sementara 6 orang dimintai keterangan, ada istrinya juga termasuk anaknya,""
ungkap Hendry.

Hendry menambahkan polisi sempat kesulitan masuk ruko milik korban. Sebab,
pada saat itu, pintu ruko dalam keadaan terkunci.

""Saat ini, tim gabungan dari Polsek Tandes dan Satreskrim Polrestabes
Surabaya, sedang melaksanakan penyelidikan untuk mengungkap pelaku,"" tandas
Hendry.

[Gambas:Video 20detik]

 ",www.detik.com
"Perkosa Anak Tiri hingga Melahirkan, Ayah Bejat di Taput Diringkus","Rabu, 15 Jun 2022 18:09 WIB","\-

Pria di Tapanuli Utara (Taput), berinisial AS (35) ditangkap polisi. AS diduga
memperkosa putri tirinya berusia 14 hingga hamil dan melahirkan.

""Tersangka AS (35) telah diringkus petugas atas dugaan tindak pidana
persetubuhan terhadap anak yang dilakukan secara berlanjut,"" kata Kapolres
Tapanuli Utara, AKBP Ronal Fredy Christian, Rabu (15/6/2022).

Ronal mengatakan korban aksi bejat AS merupakan anak tirinya. Peristiwa itu
pertama sekali pada bulan Mei 2021 lalu di salah satu kamar rumah mertua
tersangka. Saat itu, dia menyuruh korban untuk menggosok punggungnya, lalu
memaksa korban untuk melakukan persetubuhan.

  

Setelah melancarkan aksi bejat itu, pelaku kemudian mengancam korban agar
tidak memberitahukan kepada siapapun. Ancaman itu berbuah manis hingga
tersangka melancarkan aksinya lagi.

""Ancaman yang dialami korban memuluskan aksi bejat tersangka, hingga mengulang
perbuatannya ditempat yang sama pada hari Minggu di bulan Juni 2021, saat
istri dan mertua tersangka sedang pergi ibadah Minggu,"" ujar Ronal.

Kemudian, pada Desember 2021 korban pun diketahui telah mulai mual-mual. Sang
ibu dan tersangka membawa korban berobat ke rumah sakit dan hasilnya ternyata
sudah hamil.

""Setelah diperiksa dokter, ternyata korban telah hamil 7 bulan,"" sebut Ronal.

Mengetahui itu, sang ibu pun bertanya ke korban siapa yang menghamilinya.
Karena ketakutan akan ancaman ayah tirinya, korban pun bungkam hingga pasrah
diungsikan orang tuanya untuk tinggal di kos-kosan di wilayah Balige, Toba.
Saat diungsikan, aksi itu pun kembali di lancarkan tersangka.

""Saat diungsikan ke wilayah Kabupaten Toba, tersangka AS berpura-pura baik dan
mengantarkan uang Rp 200 ribu setiap minggunya untuk kebutuhan korban ditempat
kos-kosannya lalu memaksa korban untuk bersetubuh,"" ucapnya.

Aksi bejat itu pun berlanjut di awal bulan Januari 2022, di akhir Januari
2022, di awal Februari 2022, di kos-kosan korban di Balige, Toba.

Saat itu, korban sudah mulai merasa mulas pertanda akan melahirkan namun
tersangka dipaksa meladeni nafsu ayah tirinya. Korban lalu, menghubungi
tersangka untuk dijemput, karena sudah mengalami pecah ketuban.

""Lalu tersangka datang dan membawa korban ke RSU Tarutung, namun dalam
perjalanan, korban telah melahirkan, dan mendapatkan bantuan seorang bidan
untuk memotong tali pusar bayinya,"" sebut Ronal.

Selanjutnya, korban meninggalkan rumah orangtuanya dengan hanya membawa
pakaian yang melekat di badannya. Pada 28 Mei 2022, korban yang berhasil
menghubungi ayah kandungnya melalui bantuan seorang warga lalu dijemput ayah
kandungnya dan membawanya.

Di depan ayah kandungnya, korban menceritakan aksi bejat tersangka. Korban
juga mengaku bahwa dirinya juga diperkosa oleh tersangka di dalam mobil yang
dikendarainya.

Akibat perbuatannya, tersangka AS melanggar pasal 76d jo pasal 81 ayat 1,2,3
UU nomor 17 tahun 2016 tentang perlindungan anak dengan ancaman maksimal 15
tahun.

Kemungkinan tersangka, akan ditambah sepertiga dari total hukuman atas
perannya selaku orang tua yang seharusnya mengayomi korban.

  
  
  
[Gambas:Video 20detik]  

 ",www.detik.com
Pria Ditembak di Sumenep Diduga Begal,"Minggu, 13 Mar 2022 21:55 WIB","\-

Sebuah video menampilkan seorang pria ditembak beredar di aplikasi percakapan
WhatsApp. Peristiwa itu diduga terjadi Minggu (13/3/2022) sore di Jalan
Adirasa, Sumenep, Madura.

Dalam video berdurasi 26 detik, tampak seorang pria memakai jaket kulit hitam
dan berhelm putih tengah mengacungkan celurit di jalanan. Tak lama terdengar
beberapa suara tembakan. Sesaat kemudian pria tersebut ambruk di jalan.

Usai ambruk, pria tersebut kemudian didatangi sejumlah orang. Salah satu orang
itu tampak langsung mengamankan benda yang diduga senjata tajam.

Kasubbag Humas Polres Sumenep AKP Widiarti saat dikonfirmasi membenarkan
peristiwa itu. Ia menyebut peristiwa itu terjadi di Desa Kalor, Kecamatan
Sumenep Kota.

Menurut Widiarti, pria yang ditembak tersebut adalah seorang begal yang tengah
beraksi. Sedangkan korbannya adalah seorang wanita.

""Memang benar tadi sore ada kejadian. Petugas memberikan tembakan peringatan
kepada pelaku agar menyerahkan diri tetapi tidak diindahkan. Sedangkan korban
itu teriak-teriak minta tolong,"" tutur Widiarti.

""Setelah dikasih tembakan peringatan, pelaku masih tidak mengindahkan dan
akhirnya diberi tembakan terukur. Akhirnya pelaku dapat dilumpuhkan,"" tandas
Widiarti.

  
  
  
[Gambas:Video 20detik]  

 ",www.detik.com
"Demi Baju-Celana Lebaran, Remaja Banyuwangi Nekat Bobol Kafe","Kamis, 21 Apr 2022 22:06 WIB","\-

Demi membeli baju dan celana baru pemuda ini nekat membobol sebuah kafe di
Kota Banyuwangi. Untung saja aksinya terekam kamera CCTV. Sehingga polisi
dengan mudah menangkapnya.

Pelaku adalah PF (18) warga Jalan Ikan Hiu, Kelurahan Kertosari, Banyuwangi.
Aksi pencurian uang itu dilakukan tersangka pada Senin (18/4/2022) dini hari
lalu di sebuah kafe di Jalan Borobudur, Banyuwangi.

""Aksi pencurian ini baru diketahui pemilik kafe pada Senin (18/4) siang
sekitar pukul 13.00 WIB. Pegawai cafe yang bertugas sebagai kasir mendapati
laci meja kasir terlihat masih terkunci. Tapi ternyata uang di dalamnya sudah
raib,"" kata Kapolsek Kota Banyuwangi AKP Kusmin kepada wartawan, Kamis
(21/4/2022).

Rupanya, uang di dalam laci sebesar Rp. 1.920.000 sudah hilang. Karena hilang,
pegawai kafe ini akhirnya melacak hilangnya uang melalui CCTV. Dalam rekaman
itulah pelaku terlihat mengambil uang dari laci kasir sekitar pukul 03.00 WIB.
Kejadian itu pun dilaporkan ke pihak Kepolisian.

""Atas dasar laporan itu kami kemudian melakukan penyelidikan,"" jelas Kusmin.

Tak butuh waktu lama, berdasarkan barang bukti rekaman CCTV polisi berhasil
menangkap pelaku.

Polisi melakukan penyidikan terhadap pelaku. Yang bersangkutan mengaku mencuri
uang itu karena ingin membeli baju baru sebelum lebaran ini.

![Remaja pembobol kafe di Banyuwangi yang ingin beli pakaian baru untuk
berlebaran.](https://akcdn.detik.net.id/community/media/visual/2022/04/21/remaja-
pembobol-kafe-di-banyuwangi-yang-ingin-beli-pakaian-baru-untuk-
berlebaran_169.jpeg?w=620)Remaja pembobol kafe di Banyuwangi yang ingin beli
pakaian baru untuk berlebaran. Foto: Ardian Fanani/detikJatim  
  
---  
  
""Pengakuan pelaku dia ingin punya baju baru. Katanya untuk lebaran,"" kata
Kusmin.

Uang hasil curian itu, menurut Kusmin, memang dipakai oleh tersangka untuk
membeli 5 potong baju, sepotong celana panjang, dan sepasang sandal.

Dengan demikian uang hasil curian itu hanya tersisa Rp 285.000. Seluruh barang
yang ia beli dengan uang curian itu pun disita polisi sebagai barang bukti.

Soal bagaimana dia bisa masuk ke dalam kafe itu, tersangka mengaku dia
berhasil melompati pagar kafe kemudian masuk lewat jendela yang kebetulan
tidak terkunci.

""Pelaku membuka laci kasir dengan cara merusak kunci menggunakan ujung
gunting,"" bebernya.

Pelaku kemudian akan diajukan dalam persidangan tipiring di Pengadilan Negeri
(PN). Karena kerugian dalam aksi pencurian ini tidak lebih dari Rp 2,5 juta.

""Tersangka kami jerat dengan pasal 364 KUHP. Kita ajukan tipiring di PN
Banyuwangi,"" katanya.

  
  
  
[Gambas:Video 20detik]  

 ",www.detik.com
Pria Korban Pembunuhan 'Ilmu Kanuragan' di Bekasi Sempat Melawan Pelaku,"Jumat, 20 Mei  2022 22:06 WIB","\-

Pria berinisial AM (50) ditangkap atas pembunuhan pria bernama Darsan, di
Cibitung, Bekasi. Pelaku berdalih membunuh atas permintaan korban dengan alibi
mengeluarkan ilmu kanuragan di tubuh korban.

Akan tetapi polisi tidak mempercayai keterangan tersangka. Polisi menduga
korban melakukan perlawanan kepada pelaku.

""Ditemukan di tubuh korban ada luka ya, luka cakar yang bisa dikatakan luka
adanya perlawanan ya,"" kata Kabid Humas Polda Metro Jaya Kombes Zulpan saat
dihubungi, Jumat (20/5/2022).

Pelaku AM mengaku membunuh korban atas permintaan korban. Dia berdalih
tindakannya itu digunakan untuk mengeluarkan ilmu kanuragan yang dimiliki
korban.

Polisi kini masih menyelidiki pengakuan dari pelaku AM tersebut. Sejauh ini
polisi baru mengungkap hubungan korban dan pelaku.

""(Hubungannya) teman kerja ya, teman kerja mereka,"" ujar Zulpan.

Pelaku AM kini telah ditahan dan menjalani pemeriksaan intensif di Polda Metro
Jaya. Polisi masih mendalami motif pembunuhan tersebut.

""Kan masih dilakukan pemeriksaan ya belum tuntas sampai sekarang. Tapi
pengakuan sementara kan katanya diminta oleh korban perbuatan itu. Tetapi
tentunya polisi harus kumpulkan bukti dan keterangan saksi yang lain,""
katanya.

 _Baca di halaman selanjutnya: pelaku berdalih keluarkan ilmu kanuragan._

Selanjutnya __

Halaman

1  2

 ",www.detik.com
Wanita Korban Penusukan di Sukabumi Tewas,"Sabtu, 14 Mei  2022 08:45 WIB","\-

Eneng Kulsum (35) tewas ditusuk pria di depan rumahnya. Korban sempat dibawa
ke RSUD Sekarwangi, namun nyawanya tak tertolong karena luka parah pada bagian
leher.

Kabar duka itu disampaikan Iwan, suami korban, saat menjalani pemeriksaan di
Polsek Cibadak Resor Sukabumi. ""Iya meninggal,"" kata Iwan, Sabtu (14/5/2022).

Kabar itu dibenarkan oleh Endang, ayah korban. Korban sempat berteriak minta
tolong tidak lama setelah pelaku yang tidak lain ialah kekasihnya itu menusuk
bagian leher.

  

Saat itu sang ayah sempat memeriksa kondisi putrinya yang memang tergeletak
bersimbah darah. ""Kondisi sebelum ke rumah sakit juga sudah lemas, saya sudah
pasrah karena lukanya juga mengeluarkan banyak darah. Begitu tiba di rumah
sakit juga sudah tidak tertolong,"" ujar Endang.

Eneng ditusuk pria inisial R di depan rumahnya, Cibadak, Kabupaten Sukabumi.
Endang mengaku tidak mengetahui putrinya itu bertemu dengan R. Saat kejadian,
Endang tengah berada di dalam rumah bersama menantunya alias suami dari
putrinya yang belum lama ini rujuk kembali.

Endang hanya mendengar teriakan putrinya yang mengaduh meminta tolong dari
arah depan. Tak ada warga yang menolong karena suasana di lokasi sepi.

 ",www.detik.com
"Cerita Mengerikan Korban KKB Papua Saat Ditembak dari Gunung, Temannya Tewas","Selasa, 17 Mei  2022 03:00 WIB","\-

Anwar Sauki Daeng Paewa (24) menceritakan detik-detik ia menjadi korban
serangan teroris kelompok kriminal bersenjata (KKB) di Kabupaten Puncak,
Papua. Anwar tiba-tiba ditembak dari jarak jauh dari arah gunung.

""(Ditembak) dari atas (gunung). Sepertinya dia pakai sniper,"" kata Anwar saat
ditemui di kediamannya di wilayah Kecamatan Pallangga, Senin (16/5/2022)
malam.

Anwar kemudian meluruskan pernyataan kepolisian yang menyebut ia dihadang
anggota KKB. Anwar memastikan bahwa saat kejadian dirinya tidak dihadang oleh
siapa pun sepulang dari mengantar penumpang.

  

""Dua kali (suara tembakan). Tidak ada (penghadangan). Tapi saya duluan (jatuh
dari motor),"" jelasnya.

Usai terjatuh dan tak berdaya, bantuan dari aparat pun berdatangan lalu
membawanya ke rumah sakit menggunakan truk. Anwar yang saat itu masih sadar
melihat rekan seprofesinya sudah meninggal dunia.

""Iya (saya) masih sadar. Saya lihat di mobil dan ih saya dua orang (jadi
korban). Tapi meninggal,"" jelasnya.

Anwar mengaku luka bekas tembakan di kepalanya tidak ia rasakan. Anwar baru
sadar saat sudah di rumah sakit dan memegang kepalanya yang sudah berlubang.

""Tidak (luka tembak di kepala tidak dirasakan). Nanti saat rambutku tercabut
di rumah sakit dan ih saya kira (masih) pakai helm, kenapa bocor (kepala).
Tembus (peluru di helm ke kepala),"" bebernya.

Akibat penembakan itu, korban Anwar kini lumpuh pada kedua kakinya. Hak serupa
juga ia rasakan pada tangannya.

""Cuman kaki dua dan tangan satu tidak goyang. Iya (lumpuh),"" kata Anwar kepada
wartawan.

Menurut Anwar, kondisi ini ia rasakan sejak menjalani operasi. Selebihnya
Anwar tidak mengalami gangguan, termasuk pada ingatannya yang masih normal.

""Baik ji. Normal,"" ujarnya.

Diberitakan sebelumnya, Anwar Sauki diserang di Kampung Lumbuk Distrik Tinggi
Nambut, Selasa (12/4) sekitar pukul 10.00 WIT. Saat dalam perjalanan pulang,
korban tiba-tiba diserang orang tak dikenal (OTK).

Anwar sempat koma di rumah sakit usai penembakan itu. Korban juga sempat
tertahan karena pihak keluarga kini kesulitan memenuhi biaya pengobatan dan
rencana pemulangan korban.

""Ini kendala masalah dananya. Belum ada juga (bantuan) dari pemerintah, masih
donasi sekeluarga,"" ujar sepupu korban, Nur Alamsyah saat ditemui , Kamis
(14/4).

Seorang rekan Anwar warga Toraja yang bernama Saleno Lolo juga menjadi korban.
Hanya saja nasib Saleno tak sebaik nasib Anwar.

Saat itu, korban Saleno Lolo tewas akibat menderita luka tembak pada bagian
rusuk sebelah kanan. Korban Saleno diketahui juga sudah dipulangkan dan
dimakamkan di Toraja.

  
  
  
[Gambas:Video 20detik]  

 ",www.detik.com
Terungkapnya Misteri Bocah Karawang Tewas di Kolong Tol Japek,"Kamis, 19 Mei  2022 06:00 WIB","\-

Misteri kematian bocah yang ditemukan gantung diri di kolong jembatan Tol
Jakarta-Cikampek (Japek) terbongkar. Bocah 14 tahun tersebut diketahui tewas
diduga dibunuh.

Terungkapnya penyebab kematian bocah tersebut berdasarkan hasil penyelidikan
yang dilakukan Polres Karawang. Dari hasil pengamatan fisik, ada yang janggal
dari tubuh bocah tersebut.

""Itu sudah dinyatakan meninggal dengan tidak wajar,"" ucap Kabid Humas Polda
Jabar Kombes Ibrahim Tompo saat dikonfirmasi, Rabu (18/5/2022).

  

Ibrahim menyatakan, dalam pemeriksaan pada tubuh korban, ditemukan ada luka
lebam. Menurut dia, ada bekas penganiayaan pada bocah berusia 14 tahun itu.

""Ada beberapa bekas penganiayaan di tubuhnya dan dinyatakan dibunuh,"" kata
dia.

Menurut Ibrahim, luka di tubuh korban terlihat pada badan dan kepala.
Menurutnya, bagian kepala yang paling parah.

""Bagian kepala paling ini,"" ujarnya.

Sebelumnya, Bocah laki-laki berusia 14 tahun berinisial S ditemukan gantung
diri di bawah jembatan Tol Jakarta Cikampek (Japek) tepatnya di Dusun Pajaten,
Desa Sirnabaya, Kecamatan Telukjambe Timur.

""Jadi kami dapat laporan pada jam 7 malam Senin (9/5/2022) kemarin seorang
anak umur 14 tahun ditemukan gantung diri di bawah jembatan Tol Japek, atau di
belakang PT TMMIN,"" kata Kapolsek Telukjambe Timur Kompol Oesman dalam
keterangan yang diterima detikJabar, Senin (10/5/2022).

Oesman mengatakan, berdasarkan keterangan saksi, korban sempat dicari oleh
kerabatnya hingga ditemukan tewas di bawah jembatan Tol Japek.

""Dari keterangan saksi dari kerabatnya ia sempat mencari S yang sejak siang
pergi dari bengkel, kemudian mendapati S sudah meninggal dunia di kolong
jembatan tol dengan cara gantung diri menggunakan tali tambang,"" ujarnya.

  
  
  
[Gambas:Video 20detik]  

 ",www.detik.com
Terungkap! Mayat Gadis ABG di Kaliputih Kebumen Korban Pembunuhan,"Kamis, 19 Mei  2022 14:37 WIB","\-

Seorang gadis berusia 14 tahun yang ditemukan tewas di ladang di Desa
Kaliputih, Kebumen, pada Sabtu (14/5) lalu ternyata korban pembunuhan. Fakta
itu berdasarkan hasil penyelidikan polisi.

""Korban pembunuhan,"" kata Direktur Reserse Kriminal Umum Polda Jateng Kombes
Djuhandhani Rahardjo Puro kepada wartawan di Mapolda Jateng, Kamis
(19/5/2022).

Dari informasi yang diperoleh , korban mengalami luka memar mata bagian kanan,
memar di bagian mulut, luka terbuka di bibir bagian atas kanan, dagu bagian
kanan patah sampai ke bagian gigi, tulang rahang bagian kanan mengalami
dislokasi, luka di bagian leher diduga bekas jerat.

""Ada juga luka jerat di leher,"" jelasnya.

Untuk diketahui, saat jasad korban ditemukan, tidak ada identitas yang
tertinggal. Kepolisian menyebarkan informasi penemuan tersebut dan akhirnya
diketahui identitas korban warga Kecamatan Sruweng, Kebumen.

Diberitakan sebelumnya, seorang gadis berusia 14 tahun ditemukan tewas di
sebuah ladang di Desa Kaliputih, Kebumen, Jawa Tengah.

Mayat gadis ABG itu ditemukan pada Sabtu (14/5) sekitar pukul 10.00 WIB. Saat
itu mayat gadis ditemukan tanpa identitas.

Ciri-ciri mayat itu memiliki tinggi 154 cm, mengenakan celana jins panjang
warna biru, berambut pendek, dan memakai jaket warna hitam bertuliskan
Bastercold. Informasi penemuan mayat ini lalu disebarkan ke akun Instagram
@jatanrasjateng.id.

""Identifikasi setelah kita _share_ di medsos ada keluarga yang mengaku ada
kemiripan dengan keluarganya,"" kata Direktur Reserse Kriminal Umum Polda
Jateng, Kombes Djuhandhani Rahardjo Puro, Minggu (15/5).

  
  
  
[Gambas:Video 20detik]  

 ",www.detik.com
Geger Pembunuhan Pria Bertato Berdalih Keluarkan Ilmu Kanuragan,"Sabtu, 21 Mei  2022 06:30 WIB","\-

Polisi mengungkap penemuan mayat pria bertato 'ikan mas' di Desa Muktiwari,
Cibitung, Kabupaten Bekasi. Korban bernama Darsan ditemukan tewas dengan luka
gorok di leher.

Hasil penyelidikan polisi mengungkap Darsan adalah korban pembunuhan. Pembunuh
Darsan, pria berinisial AM (50) pun ditangkap polisi.

Jasad Darsan ditemukan pada Selasa (17/5) pukul 19.00 WIB. Kurang dari 24 jam
tersangka AM ditangkap tim gabungan Subdit Jatanras Ditreskrimum Polda Metro
Jaya dan Satreskrim Polres Metro Bekasi yang dipimpin oleh AKBP Awaludin Amin
dan AKBP Aris Timang, di Jatiasih, Kota Bekasi, Rabu (18/5) dini hari.

## Kronologi Pembunuhan Pria Bertato

Kabid Humas Polda Metro Jaya Kombes Zulpan mengatakan korban diketahui
terakhir bersama korban pada Selasa (17/5) malam. Korban dan tersangka
diketahui keluar dari rumah berboncengan menuju ke lokasi kejadian di Jl Raya
Kali CBL, Cibitung, Kabupaten Bekasi.

""Kemudian setelah sampai TKP, korban menghentikan sepeda motornya dan
memarkirkan di dekat gudang kosong, lalu terjadilah peristiwa pembunuhan,""
ujar Zulpan di Polda Metro Jaya, Jakarta, Jumat (20/5/2022).

Darsa tewas digorok di lehernya dengan menggunakan golok. Menurut Zulpan,
tersangka sudah mempersiapkan senjata golok untuk menghabisi nyawa korban.

""Modu pelaku ialah pelaku menggorok leher korban sebelah kanan dengan
menggunakan sebilah golok. Setelah korban meninggal dunia pelaku menutup jasad
korban dengan _styrofoam_ ,"" imbuhnya.

## Dalih Keluarkan Ilmu Kanuragan

Dalam pemeriksaan polisi tersangka AM mengaku membunuh korban dengan dalih
atas permintaan korban. Tersangka mengaku diminta untuk menggorok leher korban
untuk mengeluarkan 'ilmu kanuragan' yang ada di tubuh korban.

""Dari keterangan sementara pelaku, korban dibunuh lantaran diminta (korban)
digorok untuk mengeluarkan ilmu kanuragan yang ada di dalam tubuh korban,""
ujar Zulpan.

  
 _Baca di halaman selanjutnya: pelaku percaya korban akan hidup kembali_

[Gambas:Video 20detik]

  
  

Selanjutnya __

Halaman

1  2

 ",www.detik.com
"Punya Gaji Fantastis, BS Si Perampok Bank di Jaksel Terlilit Utang Rp 1,5 M","Rabu, 06 Apr 2022 17:05 WIB","\-

Pria berinisial BS (43) nekat merampok bank pelat merah di Cilandak, Jakarta
Selatan, karena terlilit utang. Polisi menyebutkan pegawai bank swasta ini
punya utang hingga miliaran rupiah.

""Tersangka utangnya Rp 1,5 miliar. Utang pokoknya Rp 1 miliar, bunganya Rp 500
juta,"" kata Kasat Reskrim Polres Metro Jakarta Selatan Kompol Ridwan Soplanit
saat dihubungi, Rabu (6/4/2022).

Ridwan mengatakan BS memiliki utang kepada kenalannya, inisial D, pada Januari
2022. Jatuh tempo utangnya itu pada Jumat (8/4) pekan ini.

""Dia bukan ke rentenir _sih minjamnya_ , (ke) kenalannya, dia pernah kenal
dengan orang itu. Iya betul, (Januari) harus dikembalikan dalam waktu tiga
bulan,"" ujarnya.

Ridwan menambahkan, tersangka meminjam uang tersebut untuk modal bisnis.
Hanya, Ridwan tidak menjelaskan lebih detail bisnis apa yang digeluti oleh
tersangka itu.

""Untuk bisnis. Tapi masih kita dalami juga,"" tuturnya.

Tersangka kalang kabut saat utangnya mendekati jatuh tempo. Ia pun mengambil
jalan pintas dengan merampok ke bank pelat merah di Cilandak, Jaksel, namun
aksinya itu digagalkan satpam bank.

""Di mana di hari Jumat nanti itu sudah jatuh tempo utangnya. Dan yang
bersangkutan harus membayar utangnya dan terus dikejar oleh yang meminjamkan
utangnya, sehingga dia timbul pikiran nekat untuk melakukan kejahatan,""
ujarnya.

 _Baca di halaman berikutnya: gaji fantastis tersangka BS._

[Gambas:Video 20detik]

  
  

Selanjutnya __

Halaman

1  2

 ",www.detik.com
"Melawan Saat Akan Ditangkap, 2 Residivis Curanmor Pandeglang Didor Polisi","Sabtu, 06 Nov 2021 09:49 WIB","\-

AN alias Gadel (45) hanya bisa meringis kesakitan di kursi rodanya. Residivis
pencurian sepeda motor (Curanmor) asal Pandeglang, ini bersama rekannya RN
(34) terpaksa dilumpuhkan menggunakan timah panas lantaran mencoba kabur
bahkan melawan saat hendak diciduk polisi.

Kasatreskrim Polres Pandeglang AKP Fajar Mauludi mengatakan, keduanya
diamankan setelah dilaporkan telah menggasak sepeda motor milik IH (25) warga
Cikeusik, Pandeglang pada Senin (1/11) lalu. Saat beroperasi, dua residivis
ini biasanya akan mengincar rumah korban yang sepi lalu masuk pada dini ke
rumah incarannya.

""Keduanya kami berikan tindakan tegas karena berusaha kabur bahkan ada yang
melawan kepada pada saat kami amankan di rumahnya masing-masing,"" katanya
kepada wartawan di Pandeglang, Banten, Sabtu (6/11/2021).

Fajar mengungkap AN merupakan residivis yang telah tiga kali keluar masuk bui.
Di antaranya tahun 2014, 2016 dan 2018 dengan kasus serupa yaitu pencurian
sepeda motor.

Begitu juga dengan RN, ia tercatat sebagai residivis yang telah dua kali
mendekam di penjara. Yaitu pada tahun 2016 dan 2018 dengan kasus yang sama
yakni pencurian sepeda motor.

""Residivis. Kasusnya juga masih sama, curanmor,"" ungkapnya.

Selain kedua residivis itu, polisi juga turut mengamankan dua pelaku curanmor
lain asal Pandeglang yaitu UR (47) dan HS (28). Kedua pelaku ini diamankan
setelah dilaporkan mencuri sepeda motor milik AM (36) warga Sukaresmi
Pandeglang pada 20 Oktober 2021.

""Setelah mendapat laporan tersebut, kami langsung amankan kedua pelaku di
rumahnya masing-masing. Keduanya juga merupakan residivis yang pernah
dipenjara pada tahun 2012 sama 2014,"" terang Fajar.

Untuk mempertanggungjawabkan perbuatannya, keempat pelaku curanmor kini sudah
ditahan di Mapolres Pandeglang. Mereka diancam Pasal 363 KUHP tentang
Pencurian dengan Pemberatan.

""Ancaman hukumannya tujuh tahun kurungan penjara,"" pungkasnya.

[Gambas:Video 20detik]

  
  

 ",www.detik.com
Ini Hal Memberatkan yang Bikin Kolonel Priyanto Divonis Bui Seumur Hidup,"Selasa, 07 Jun 2022 12:32 WIB","\-

Kolonel Inf Priyanto divonis seumur hidup dan dipecat sari TNI terkait perkara
kasus pembunuhan sejoli Handi Saputra (18) dan Salsabila (14) di Nagreg, Jawa
Barat. Apa pertimbangan hakim menjatuhkan vonis tersebut?

Hakim mengatakan hal yang memberatkan vonis seumur hidup dan pemecatan
Priyanto adalah perbuatan Priyanto merusak citra TNI Angkatan Darat. Hal yang
memberatkan lainnya, perbuatan Priyanto bertentangan dengan kepentingan
militer dan bertentangan dengan nilai nilai di masyarakat.

""Bahwa perbuatan terdakwa telah merusak citra TNI AD,"" ujar ketua majelis
hakim Brigjen Faridah Faisal di Pengadilan Militer Tinggi II Jakarta, Cakung,
Jakarta Timur, Selasa (7/6/2022).

""Perbuatan terdakwa bertentangan dengan kepentingan militer yang senantiasa
menjaga solidaritas kepentingan rakyat dalam rangka tugas pokok TNI. Aspek
rasa keadilan masyarakat bahwa perbuatan terdakwa bertentangan dengan nilai-
nilai di masyarakat,"" sambungnya.

Hakim juga menilai perbuatan Priyanto bertentangan dengan norma hukum, norma
agama, dan tidak mencerminkan nilai Pancasila. Perbuatan Priyanto juga telah
merusak ketertiban dan kedamaian masyarakat.

""Bahwa perbuatan terdakwa bertentangan dengan norma hukum yang tertuang dan
tidak mencerminkan nilai pancasila, tidak mencerminkan nilai kemanusiaan yang
beradab, dan norma agama. Bahwa perbuatan terdakwa merusak ketertiban dan
kedamaian masyarakat,"" jelas hakim.

""Sikap batin pelaku tindak pidana bahwa perbuatan terdakwa dengan sengaja
dalam keadaan sadar dan dapat dilakukan dengan rencana terlebih dahulu,""
tambahnya.

Sedangkan hal yang meringankan adalah Priyanto belum pernah dipidana maupun
dijatuhi hukuman disiplin selama berdinas selama 28 tahun. Priyanto juga
menyesali perbuatannya.

""Terdakwa telah berdinas selama kurang lebih 28 tahun dan belum pernah
dipidana maupun dijatuhi hukuman disiplin,"" ucap hakim.

""Terdakwa menyesal atas perbuatannya,"" sambungnya.

 ",www.detik.com
"Dikepung Malam Hari, Perampok Berpistol Intai Toko Gadai Jaksel Sejak Siang","Selasa, 14 Des 2021 11:13 WIB","\-

Perampokan berpistol di toko gadai 'Indo Gadai' di Jl M Kahfi, Jagakarta,
Jakarta Selatan, dapat digagalkan setelah pelaku dikepung polisi dan massa.
Pelaku diketahui sudah mengintai toko gadai itu sejak siang hari.

Pengepungan pelaku perampokan ini terjadi pada Senin (13/12/2021), sekitar
pukul 20.00 WIB. Namun pelaku seorang pria diketahui sudah berada di lokasi
sejak siang hari.

""Kronologinya terjadi sekitar pukul 20.00 WIB. Memang sebelumnya pelaku ini
sudah ada di lokasi dari jam 11-an siang udah ada di situ untuk monitor,"" ujar
Ketua RT setempat, Nurhadi, kepada wartawan di lokasi, Selasa (14/12).

Pelaku kemudian melancarkan aksinya ketika toko gadai hendak tutup. Pelaku
masuk menodongkan pistol kepada karyawan toko gadai.

""Kemudian ketika pegadaian _udah_ siap-siap untuk tutup itu dibarengi dia mau
masuk sekitar pukul 20.00 WIB,"" katanya.

Aksi perampokan ini kemudian diketahui warga. Kebetulan polisi melintas di
lokasi langsung mengepung pelaku bersama warga.

""Karena akses keluar-masuk cuma dari depan, sehingga dikepung dari depan dia
nggak bisa ke mana-mana,"" tuturnya.

 _Simak selengkapnya di halaman selanjutnya._

 __

 __

[Gambas:Video 20detik]

 _  
  
_

Selanjutnya __

Halaman

1  2

 ",www.detik.com
"Ngeri! Buruh Pabrik di Bekasi Ditodong Begal Bersenjata, HP Dirampas","Kamis, 09 Jun 2022 12:38 WIB","\-

Sebuah video yang menampilkan kawanan pria bercelurit merampas ponsel milik
karyawan pabrik yang tengah makan di pinggir jalan di Kota Bekasi, Jawa Barat.
Polisi menyelidiki kasus ini.

Dalam video yang beredar, tampak 4 pelaku berboncengan menaiki 2 sepeda motor.
Mereka berhenti di depan 2 pria yang tengah makan.

Dinarasikan, 2 pria yang sedang makan tersebut merupakan karyawan pabrik. 2
dari 4 pelaku terlihat turun dari motor dan mengacungkan celurit.

Korban pun tak berkutik dan menyerahkan ponsel mereka. Selain ponsel,
disebutkan dompet korban juga dirampas para pelaku.

""Kerugian uang milik karyawan belum diketahui nilainya, dan ponsel milik
tukang nasi goreng,"" narasi yang menyertai video itu.

Kapolsek Medan Satria AKP Yudho angkat bicara soal aksi tersebut. Pihaknya
masih menyelidiki.

""Sedang dalam lidik,"" tutur Yudho ketika dihubungi, Kamis (9/6/2022).

Yudho menyebut belum ada laporan ke polisi mengenai aksi perampasan itu. Namun
pihaknya tetap akan memburu para pelaku.

""Reskrim langsung melakukan penyelidikan video tersebut,"" lanjutnya.

 ",www.detik.com
Polisi Setop Kasus Duit Waka DPRD Bone Rp 820 Juta Dicuri Tetangga,"Sabtu, 04 Jun 2022 03:40 WIB","\-

Polisi resmi menyetop kasus pencurian duit Rp 820 juta milik Wakil Ketua DPRD
Bone Andi Wahyudi Taqwa. Kasus dihentikan setelah korban dan pelaku sepakat
berdamai.

""Sudah sepakat berdamai antara korban dan pelaku, kasusnya ditutup,"" kata
Kapolsek Tanete Riattang, Polres Bone, Sulawesi Selatan (Sulsel) Kompol Andi
Ikbal kepada , Jumat (3/6/2022).

Ikbal mengatakan korban dan pelaku resmi berdamai pada Rabu (1/6). Korban dan
pelaku disebut memiliki kesepakatan, namun kesepakatan itu tak disampaikan
oleh kedua belah pihak kepada pihak kepolisian.

  

""Ada kesepakatan dari pihak pelaku dan korban, apalagi pertimbangannya ada
anak di bawah umur,"" tambahnya.

Untuk diketahui, polisi sebelumnya menangkap 5 pelaku buntut kasus pencurian
ini. Para pelaku masing-masing berinisial RA (16), DR (19), SY (25), MA (17),
dan FA (17).

""Pelaku sudah dibebaskan semua,"" kata Ikbal.

Terpisah, Kanit Reskrim Polsek Tanete Riattang AKP Nurhayati mengaku pihaknya
hanya menerima laporan perdamaian dari pelapor. Dia mengatakan kesepakatan
damai itu diatur korban dan pelaku tanpa melibatkan pihak kepolisian.

""Kami penyidik hanya menerima surat permohonan pencabutan laporan dari korban
dengan alasan telah diselesaikan secara kekeluargaan,"" ucapnya.

""Dalam kesepakatan damai itu polisi tidak dilibatkan,"" sambung Nurhayati.

Sekadar diketahui kelima pelaku menjalankan aksinya saat korban keluar kota.
Kelimanya merupakan orang yang biasa berada di gudang korban di Jalan Sungai
Musi, Kelurahan Ta, Kecamatan Tanete Riattang.

Para pelaku tidak sekaligus mengambil uang yang jumlahnya Rp 820 juta,
melainkan bertahap dari mengambil Rp 5 juta, kemudian Rp 20 juta hingga total
jumlahnya mencapai ratusan juta.

Uang itu digunakan untuk membeli ponsel merek iPhone, membeli chip, hingga
membeli sabu. Korban baru sadar uangnya hilang setelah mengecek gudangnya.

Uang itu merupakan hasil pembayaran proyek Dermaga Bajoe pada tahun 2011 yang
ditabung. Saat itu korban Andi Wahyudi ada kerja sama suplai material dengan
pemegang proyek.

  
  
  
[Gambas:Video 20detik]  

 ",www.detik.com
"Rubicon Warga Sukoharjo Dicuri, Ternyata Pelakunya Pakai GPS","Selasa, 02 Nov 2021 16:09 WIB","\-

Pencurian mobil mewah Jeep Rubicon menjadi salah satu kasus yang diungkap
Polda Jawa Tengah dalam sebulan terakhir. Modus pencurian ini dengan memasang
GPS untuk mobil yang diincar dan mencurinya saat sepi.

""Yang menonjol ini ada satu kita ungkap jaringan (pencurian) mobil mewah,""
kata Kapolda Jawa Tengah Irjen Ahmad Luthfi saat rilis hasil operasi Candi
Sikat Jaran di Mapolda Jateng, Selasa (2/11/2021).

Peristiwa hilangnya mobil mewah tersebut terjadi tanggal 8 Oktober 2021 lalu
di Perumahan Hunian 2 Desa Gentan, Baki, Sukoharjo. Direktur Reserse Kriminal
Umum Polda Jateng, Kombes Djuhandani, mengatakan pelaku bernama Rahmat
ditangkap di Bandung sekitar dua pekan setelah kejadian.

""Di Bandung baru ditaruh di persembunyian di salah satu hotel. Mobil sudah
diganti pelat nomor, "" kata Djuhandani.

Djuhandani mengatakan pelaku Rahmat merupakan bagian dari sindikat pencurian
mobil mewah. Ternyata dalang pencurian itu merupakan seorang tahanan yang kini
berada di Rutan Polda Metro Jaya.

""Pengendalinya tahanan di Rutan Polda Metro,"" tegasnya.

Tahanan berinisial B itu diketahui memerintah Rahmat untuk mencuri mobil yang
sudah ditentukan lokasinya. Informasi soal lokasi ini ternyata didapatkan dari
GPS yang sudah dipasang di Rubicon tersebut.

""Modusnya menaruh GPS dalam mobil. Pemetik (Rahmat) dikasih share lock dan
kunci duplikat. Sehingga pemetik bisa melakukan pengambilan berdasarkan share
lock oleh pelaku di tahanan Polda Metro, dia ditahan terkait kasus penipuan
dan penggelapan,"" jelasnya.

Djuhandani menegaskan masih melakukan penelusuran terkait pemasangan GPS
tersebut. Menurutnya ada berbagai kemungkinan terkait pemasangan GPS itu,
seperti di bengkel maupun di pencucian mobil.

""Kita akan selidiki lebih lanjut kayaknya berkaitan dengan bengkel-bengkel,
baru kita pelajari apakah bengkel resmi atau tidak. Bisa juga menduga
berkaitan dengan tempat-tempat mobil biasa diparkir melalui jasa parkir,
pencucian mobil dan sebagainya. Ini sedang kita pelajari,"" katanya.

Djuhandani mengungkap ada beberapa mobil mewah lain yang juga sudah diincar
dalang pencurian tersebut. Hal ini diketahui dari sejumlah titik share
location yang diberikan B.

""Perkara ini setelah dipelajari ada beberapa lokasi kendaraan yang diberikan
pada pemetik. Kami dapatkan lagi calon mobil yang akan dipetik Rubicon juga di
Wonosobo,"" ujarnya.

 _Selanjutnya pengakuan pelaku pencuri Rubicon di Sukoharjo..._

Selanjutnya __

Halaman

1  2

 ",www.detik.com
"Penjual Es Teh di Tanah Bumbu Bantai 2 Balita, Ibu Korban Digorok","Sabtu, 04 Jun 2022 16:02 WIB","\-

Penjual es teh di Tanah Bumbu, Kalimantan Selatan (Kalsel), M Iyan (21)
ditangkap polisi atas kasus pembantaian dua balita. Ibu kedua balita malang
itu, Nor Laila (39) turut menjadi korban dengan cara digorok pelaku.

""Tersangka penjual es teh. (Pembunuhan) bermula ketika korban membeli es teh
dari tersangka,"" ujar Kasi Humas Polres Tanah Bumbu AKP H I Made Rasa saat
dihubungi , Sabtu (4/6/2022).

Rasa mengatakan pelaku Iyan awalnya menjajakan es teh ke korban Nor Laila yang
sedang di rumah orang tuanya di Desa Saring Sungai Bubu, Kecamatan Kusan
Tengah, Tanah Bumbu, Kamis (2/6) sekitar pukul 13.00 Wita. Pelaku lalu membawa
es teh itu kepada korban di dalam kamar.

  

""Ternyata es tersebut ditumpahkan oleh korban sehingga tersangka emosi
kemudian mendekati korban,"" kata Rasa.

Korban yang merasa terancam lantas berteriak minta tolong, namun pelaku yang
panik langsung memegang kepala korban dengan tangan kirinya. Sementara tangan
kanan pelaku memegang sebilah pisau.

Dua orang anak balita korban, masing-masing berusia 4 dan 6 tahun berusaha
menolong ibunya. Namun nahas keduanya jadi sasaran pelaku yang sudah gelap
mata.

Kedua balita malang itu diserang menggunakan pisau pada bagian dada hingga
bersimbah darah. Selanjutnya pelaku kembali berbalik menyerang ibu kedua
balita itu.

""Tersangka langsung menggorok leher korban hingga korban jatuh ke kasur dalam
keadaan mengeluarkan darah,"" ujar Rasa.

Sejumlah tetangga langsung datang memberikan pertolongan kepada korban. Para
tetangga korban juga langsung melaporkan pembunuhan itu ke polisi.

Sementara pelaku Iyan sempat kabur dengan cara melompat di jendela belakang
rumah korban. Pelaku baru ditangkap dua hari kemudian, Sabtu (4/6) dini hari
tadi.

  
  
  
[Gambas:Video 20detik]  

 ",www.detik.com
"Mobil Boks Tabrak Tiang Listrik di Kota Malang, Pengemudi Sembunyi ke Sungai","Kamis, 07 Okt 2021 15:41 WIB","\- Warga Jalan Majapahit, Kecamatan Klojen, Kota Malang dikejutkan aksi
seorang pria sembunyi di daerah aliran Sungai Brantas. Tepatnya di sekitar
Jembatan Splendid.

Pria tersebut merupakan pengemudi mobil boks yang menabrak tiang listrik dekat
jembatan. Warga yang mengetahui kejadian tersebut langsung menghubungi
kepolisian setempat.

Tak lama berselang, polisi datang bersama PMI serta PMK Kota Malang, untuk
membantu proses evakuasi. Pria berinisial DS itu warga Jabung, Kabupaten
Malang.

Nur, salah seorang warga mengatakan, kecelakaan tunggal itu bermula saat mobil
boks tersebut melaju dari arah Bundaran Tugu ke Jalan Majapahit. ""Menurut
informasi, saat melintasi jembatan sekitar jam 10.00 WIB, mobil boks itu
nyerempet mobil lain dan motor. Lalu tancap gas hingga menabrak tiang listrik
itu,"" ujar Nur kepada wartawan di lokasi, Kamis (7/10/2021).

Setelah menabrak tiang listrik di Jalan Majapahit, DS langsung keluar dan
berlari melalui permukiman warga menuju kolong Jembatan Splendid. Akhirnya DS
diketahui terkapar di pinggir sungai.

Kapolsek Klojen AKP Domingos Ximenes yang datang ke lokasi mengungkapkan,
setelah proses evakuasi, korban langsung dibawa ke rumah sakit terdekat.
""Langkah pertama yang kami lakukan adalah yang bersangkutan dibawa ke rumah
sakit. Kalau sudah sehat baru kita mintai keterangan lebih lanjut,"" kata
Domingos.

Penyelidikan sementara Unit Laka Lantas Polresta Malang Kota menemukan adanya
dugaan, DS terlibat pencurian kendaraan bermotor. Kecelakaan tunggal yang
dialami membuat DS ketakutan hingga memilih sembunyi di bawah kolong Jembatan
Splendid.

""Mobil bernopol L 8128 VK yang terlibat dalam laka tunggal itu sempat
dilaporkan telah terjadi curanmor. Kami masih selidiki apakah ada keterkaitan
dari laporan tersebut,"" ungkap Kanit Laka Satlantas Polresta Malang Kota, Iptu
Saiful Ilmi.

 ",www.detik.com
Polisi: Paman Pemerkosa Keponakan di Jakbar Sering Nonton Video Porno,"Kamis, 31 Mar 2022 14:45 WIB","\-

Polisi menangkap pria berinisial S (29), tersangka pemerkosaan terhadap
keponakannya yang masih berumur 10 tahun. Polisi mengungkapkan perilaku
tersangka yang sering menonton video porno.

""Pertama pelaku ini memang sering menonton film porno. Jadi timbul hasrat
melakukan tindakan,"" kata Kapolsek Cengkareng Kompol Ardhie saat dihubungi,
Kamis (31/3/2022).

Ardhie berujar tersangka juga memanfaatkan kesempatan korban yang sering
menginap di rumah pelaku untuk melakukan aksi bejatnya itu. Tersangka awalnya
mengimingi korban dengan uang.

""Korban ini terutama Sabtu-Minggu sering _nginep_ di rumah pelaku. Mungkin ada
hasrat, awalnya coba coba diimingi uang, Rp 5.000 buat jajan, 'ini buat
jajan', _gitu_ ,"" jelasnya.

Ardhie menambahkan, sebelum diamankan, pelaku sempat mau melarikan diri dari
kejaran kepolisian. Hingga akhirnya berhasil diamankan di wilayah Tangerang.

Saat diinterogasi, pelaku mengaku hanya melakukan pencabulan satu kali. Namun
berdasarkan hasil visum, diketahui pelaku melakukannya sebanyak lima kali.

""Awalnya dia _ngaku cuman_ sekali, setelah kita melakukan pemeriksaan lanjut
hasil visum juga robek. Dan diketahui lebih dari lima kali, kemudian dia
_ngaku_ tiga kali, diperiksa lagi baru ketahuan lima kali,"" jelasnya.

Atas kasus tersebut, pelaku dijerat Pasal 82 ayat 1 _juncto_ 76 E UU RI Nomor
17 Tahun 2016 tentang perubahan kedua atas UU RI Nomor 23 Tahun 2002 tentang
perlindungan anak dengan ancaman hukuman 15 tahun penjara.

[Gambas:Video 20detik]

  
  

 ",www.detik.com
Emak-Emak di Bima Curi Uang Tetangga Ditangkap Polisi,"Jumat, 20 Mei  2022 19:09 WIB","\-

Sebanyak empat orang emak-emak di Kota Bima, Nusa Tenggara Barat (NTB), harus
mendekam di penjara lantaran perbuatan mereka yakni mencuri uang tetangganya
sendiri berhasil diungkap oleh Polres Bima Kota.

  
Tak tanggung-tanggung, ke empat orang ibu rumah tangga itu mengondol isi tas
milik Fadli (43) Rp 7,6 juta yang disimpan di atas kasur.

  
""4 orang ibu rumah tangga ini berasal dari Kelurahan Melayu Kecamatan Asakota.
Emak-emak ini akhirnya diamankan Tim Puma pada Kamis malam,"" kata Kasat
Reskrim Polres Bima Kota, Iptu M Rayendra RAP., dalam keterangannya Jumat
(20/5/2022).

  

  
Keempat IRT yang diamankan tersebut masing-masing berinisial FZ (29), NA (32),
FT (32) dan NR (36). Mereka diamankan di rumahnya masing-masing.

  
Rayendra menjelaskan, aksi para pelaku berlangsung pada 21 April lalu. Saat
itu korban menyadari dirinya kecurian langsung melapor ke Polres Bima Kota.

  
Polisi yang mendapatkan laporan kemudian melakukan penyelidikan, setelah
kurang dari satu bulan, polisi akhirnya berhasil mengungkapnya.

  
""Awalnya emak-emak ini diamankan sebagaimana laporan korban sebulan lalu
tepatnya pada 21 April 2022,"" ujarnya.

  
Kepada polisi, korban mengaku uangnya dicuri setelah pulang berjualan pakaian
di pasar. Sebelum meninggalkan rumah, korban menyimpan tas berisikan uang
sebesar Rp 10 juta di atas kasur.

  
""Korban pergi ke pasar untuk berjualan pakaian dan meninggalkan tas di atas
tempat tidur yang berisi uang sejumlah Rp 10 juta. Sekembalinya dari pasar,
korban melihat tas berserakan di atas lantai beserta uang yang sudah tidak
utuh lagi sebagaimana jumlah awal,"" jelas Rayendra.

  
  
  
[Gambas:Video 20detik]  

 ",www.detik.com
Bejat! Pria di Palembang Dua Kali Perkosa Anak Tiri,"Kamis, 21 Apr 2022 16:40 WIB","\-

Polisi menangkap Jufri (39) terkait kasus asusila. Pria yang bekerja sebagai
buruh serabutan itu diduga memperkosa anak tirinya yang masih di bawah umur
atau masih berusia 11 tahun.

Kasat Reskrim Polrestabes Palembang, Kompol Tri Wahyudi menjelaskan
berdasarkan keterangan pelaku, perbuatan asusila tersangka terhadap anak
tirinya dilakukan sebanyak dua kali. ""Informasinya baru dua kali. Aksi
terakhir tersangka ini yakni pada Minggu (27/3) dan Jumat (8/4) di rumah
kontrakan,"" kata Tri Wahyudi, Kamis (21/4/2022).

Aksi pertama pelaku, ujar Tri, dilakukan dini hari di rumah kontrakan yang
berada di kawasan Ulu, Jakabaring, Palembang. Saat itu korban sedang bersama
tersangka dan adik tirinya di rumah. Sedangkan ibu korban sedang tidak berada
ditempat, karena berjualan. Aksi kedua dilakukan pada Jumat (8/4) lalu.

  

""(Saat itu) tersangka memanggil korban, korban pun diminta tersangka untuk
berbaring di atas paha tersangka,"" katanya.

Tri menambahkan Jufri ditangkap di kediamannya tanpa perlawanan pada Rabu
(20/4) malam. Atas perbuatannya bakal dijerat dengan Undang-Undang
Perlindungan Anak atau persetubuhan terhadap anak di bawah umur.

  
  
  
[Gambas:Video 20detik]  

 ",www.detik.com
Ayah Tiri Durjana 3 Kali Perkosa Remaja Tunarungu hingga Hamil,"Kamis, 09 Jun 2022 14:35 WIB","\-

RH (43), pria asal Cibeber, Kabupaten Cianjur dengan keji memperkosa anak
tirinya sendiri yang mengalami tunarungu hingga hamil. Bahkan aksi biadabnya
itu dilakukan sebanyak tiga kali.

Kapolsek Cibeber Kompol Falahudin mengatakan setelah diamankan dan diperiksa,
pelaku mengakui jika sudah memperkosa anak tirinya sebanyak tiga kali.

""Iya pelaku mengakui perbuatannya. Sejak Januari 2022, sudah tiga kali pelaku
menyetubuhi anak tirinya tersebut,"" ujar dia, Kamis (9/6/2022).

  

Dia menjelaskan jika pelaku memperkosa anak tirinya itu di dalam rumah, saat
sang istri yang sudah dinikahi selama 7 tahun itu pergi ke sawah.

""Pelaku dan istrinya ini sama-sama berprofesi sebagai petani. Aksi bejatnya
itu dilakukan saat istrinya pergi ke sawah, jadi kondisi rumah memang sepi.
Jadi dilakukannya itu di dalam rumah,"" katanya.

Dia menambahkan kelakuan bejat ayah tiri itu diketahui setelah ibu korban yang
curiga. Sebab anaknya kerap muntah-muntah dan bagian perutnya membesar.

Ibu korban pun membawa anaknya ke bidan dan ditemukan fakta jika anak yang
mengalami tuna rungu tersebut hamil. Setelah ditanya sang ibu, anak tersebut
mengungkapkan jika sudah beberapa kali disetubuhi oleh ayah tirinya.

""Korban awalnya ketahuan sedang hamil setelah ibunya membawa korban ke bidan
karena curiga perutnya membesar dan sering muntah. Dan setelah ditanya, korban
baru mengungkapkan jika disetubuhi oleh ayah tirinya,"" ucapnya.

Dia menyebut pelaku dijerat dengan Undang-undang nomor 35 tahun 2014 atas
perubahan Undang-undang nomor 23 tahun 2002 tentang perlindungan anak.

""Korban masih di bawah umur, kita terapkan undang-undang perlindungan anak,
termasuk karena pelaku ini orang terdekat dari korban,"" katanya.

 ",www.detik.com
Rekonstruksi Eks Kasatpol PP Makassar Bunuh Pegawai Dishub Lanjut Besok,"Kamis, 19 Mei  2022 18:56 WIB","\-

Rekonstruksi kasus pembunuhan pegawai Dishub Makassar Najamuddin Sewang yang
diotaki Kasatpol PP Makassar nonaktif Iqbal Asnan bakal dilanjutkan besok.
Polisi terpaksa menunda rekonstruksi karena kondisi hujan.

""Besok nyambung karena hujan,"" ujar Kasat Reskrim Polrestabes Makassar AKBP
Reonald Truly Sohomuntal Simanjuntak kepada wartawan usai rekonstruksi hari
ini, Kamis (19/5/2022).

AKBP Rheonald mengatakan, rekonstruksi hari ini masih separuh jalan.
Rekonstruksi masih akan dilanjutkan ke lokasi eksekusi pembunuhan korban.

  

""Baru setengah adegan dari (total) 28 adegan,"" ujar AKBP Rheonald.

Dirangkum detikSulsel, rekonstruksi hari ini dimulai dari rumah Rachma Dishub
Makassar. Rekonstruksi di lokasi ini memperagakan pertemuan Iqbal Asnan dan
Asri di rumah Rachma.

Dari rumah Rachma rekonstruksi berlanjut ke rumah korban di Jalan Sultan
Alauddin, Makassar. Di lokasi ini, tersangka Asri memperagakan pelemparan
santet berupa botol mineral dan telur ke rumah korban atas arahan tersangka
Iqbal Asnan.

Rekonstruksi kemudian berlanjut ke gerbang perumahan korban yang mana
tersangka Chaerul Akmal terlihat memantau korban yang menggunakan sepeda
motor. Selanjutnya rekonstruksi berpindah ke rumah Iqbal Asnan di Jalan
Beringin Timur, Rappocini, Makassar.

Namun rekonstruksi di rumah Iqbal ini berlangsung tertutup. Awak media hanya
diperbolehkan menunggu di depan pagar rumah yang memiliki halaman cukup luas
tersebut.

Dari sini rekonstruksi berlanjut ke rumah Iqbal yang kedua di Jalan Andi
Kumala, Makassar. Di tempat ini tersangka Asri terlihat memberikan uang Rp 20
juta kepada tersangka Sulaiman yang merupakan seorang oknum polisi.

Selanjutnya rekonstruksi berpindah ke Balai Kota Makassar, Jalan Ahmad Yani.
Rekonstruksi di lokasi ini dimulai dengan adegan Asri yang menemui tersangka
Sulaiman di Lobi Balai Kota Makassar.

Kemudian Sulaiman diminta Asri menghadap ke ruangan Iqbal Asnan. Keduanya
kemudian berbicara empat mata yang mana Iqbal curhat ke Sulaiman bahwa
istrinya Rachma Dishub Makassar kerap diganggu oleh korban.

Iqbal mengaku sudah berkali-kali memperingatkan korban agar menjaga jarak
namun korban masih mendekati istrinya. Oleh sebab itu Iqbal Asnan meminta
Sulaiman mengeksekusi korban.

""Kamu mau saya suruh eksekusi,"" kata Iqbal Asnan seperti dilihat dalam teks
adegan rekonstruksi.

Sulaiman mengaku tidak berani mengeksekusi korban. Iqbal lantas meminta
Sulaiman mencari orang lain yang belakangan diketahui orang itu adalah
rekannya di Brimob Polda Sulsel Chaerul Akmal.

Selanjutnya Sulaiman meninggalkan ruangan Iqbal dan tersangka Asri masuk
menemui Iqbal. Iqbal tampak memberikan Rp 20 juta sebagai operasional
pembunuhan.

Uang sebenarnya operasional solar Satpol PP Makassar. Namun uang itu diberikan
ke Sulaiman oleh Asri atas arahan Iqbal Asnan.

  
  
  
[Gambas:Video 20detik]  

 ",www.detik.com
Tragedi Cinta Segitiga Maut Bikin Hilang Nyawa Dini Nurdiani,"Minggu, 15 Mei  2022 07:10 WIB","\-

Polisi akhirnya mengungkap misteri hilangnya Dini Nurdiani (26), warga
Cengkareng, Jakarta Barat, pada akhir April 2022 lalu. Dini ternyata tewas
dibunuh perempuan inisial NU (24) di Jatisampurna, Kota Bekasi.

Dini Nurdiani tewas usai dihujani 5 tusukan pisau tersangka NU. Pembunuhan
sadis ini dilatari cinta segitiga yang membuat NU gelap mata.

Dini Nurdiani dibunuh NU pada 29 April 2022 di Jatisampurna, Bekasi, dan
mayatnya ditemukan warga setempat pada Minggu (1/5). Kasus terungkap setelah
dua pekan dan NU ditangkap pada Jumat (13/5) malam di Cipayung, Jakarta Timur.

![Pelaku pembunuhan Dini Nurdiani \(26\) adalah seorang perempuan, ini
tampangnya](https://akcdn.detik.net.id/community/media/visual/2022/05/14/pelaku-
pembunuhan-dini-nurdiani-26-adalah-seorang-perempuan-ini-
tampangnya-5_169.jpeg?w=620)_Pelaku pembunuhan Dini Nurdiani (26) adalah
seorang perempuan, ini tampangnya (Nahda Rizki/detikcom)_  
  
---  
  
##  
Motif Pembunuhan Dilatari Cinta Segitiga

  
Polisi mengungkap motif cinta segitiga di balik pembunuhan Dini Nurdiani (26),
wanita yang ditemukan tewas setelah dilaporkan menghilang pada 26 April 2022.
Tersangka, perempuan inisial NU (24), merasa cemburu dan menuding korban
sebagai pengganggu rumah tangga dengan suaminya.

Kapolsek Cengkareng Kompol Ardhie Dimasetyo mengatakan Dini Nurdiani dan suami
tersangka NU memiliki hubungan asmara terlarang. Hal ini menimbulkan
kecemburuan tersangka NU.

""Motifnya sendiri ternyata kecemburuan. Tersangka ini adalah istri pacar
korban,"" kata Ardhie saat jumpa pers di Mapolsek Cengkareng, Jakarta Barat,
Sabtu (14/5/2022).

Dini dan suami NU, pria inisial ID (27), sama-sama bekerja di sebuah bank di
Gatot Subroto, Jaksel, sebagai cleaning service. Keduanya sudah menjalin
hubungan asmara terlarang selama 4 bulan.

""Korban tahu. Dia mengetahui bahwa suami tersangka ini sudah berumah tangga
dan mempunyai 3 anak,"" tambahnya.

 _Baca di halaman selanjutnya: pembunuhan Dini Nurdiani direncanakan._

[Gambas:Video 20detik]

  
  

Selanjutnya __

Halaman

1  2  3  4

 ",www.detik.com
"Ketagihan Judi Online, 2 Pemuda Bobol Gudang di Lombok Barat","Kamis, 02 Jun 2022 11:04 WIB","\-

Unit Reskrim Polsek Gunungsari telah mengamankan dua tersangka pencurian di
gudang PT. MISP yang berada di wilayah Dusun Wado, Desa Kekait, Kecamatan
Gunungsari, Lombok Barat (TKP).

Kabar ini disampaikan Kapolsek Gunungsari, AKP Agus Eka Artha Sudjana, dalam
sebuah konferensi pers yang dilaksanakan di Mapolsek Gunungsari, Selasa
(31/5/2022).

Didampingi Kasi Humas Polresta Mataram, Iptu Siswoyo, Kapolsek menjelaskan
bahwa unit Reskrim Polsek Gunungsari mengamankan tersangka atas nama ZR, laki-
laki berusia 20 tahun alamat Ampenan, Kota Mataram dan RS laki-laki berusia 19
tahun, alamat Dusun Meninting, Lombok Barat, atas laporan salah satu karyawan
PT. MISP (korban) LP/B/26 tanggal 24 Mei 2022.

  

""Salah satu pelaku merupakan karyawan aktif di PT. MISP. Menurutnya ia
melakukan pencurian karena hasilnya untuk dipakai judi online,"" jelasnya.

Berdasarkan hasil olah TKP dan mendengar keterangan saksi unit Reskrim Polsek
Gunungsari mengantongi identitas tersangka, dan segera dapat diamankan di
kediamannya masing-masing. Kronologis singkat kejadian menurut Kapolsek, bahwa
pada hari tersebut (24/5/2022) sekitar pukul 15.00 Wita korban tidak berada di
rumah yang juga dijadikan gudang tersebut.

Saat sore hari ketika korban pulang, didapati beberapa alat seperti kabel
fider dan mesin MRFU merk Huawei yang ada di dalam rumah/gudang sudah tidak
ada. Saat mengecek seluruh pintu dan jendela korban melihat salah satu jendela
dalam keadaan baru habis di congkel.

""Atas peristiwa tersebut korban mengalami kerugian hingga puluhan juta rupiah.
Oleh karenanya korban langsung melaporkan peristiwa ini ke Polsek Gunungsari,""
ucap Eka.

""Salah satu pelaku mengenal betul kondisi di dalam rumah/gudang tersebut
karena ia masih aktif bekerja di perusahaan tersebut,"" kata Agus.

Menurut keterangan pelaku, bahwa barang tersebut akan dijual dan hasilnya akan
digunakan untuk judi online. Sedangkan barang bukti yang berhasil diamankan 1
gulung kabel fider, dua unit mesin MRFU merk Huawei, satu potongan besi pagar,
dan satu unit sepeda motor. Atas peristiwa ini kedua pelaku terancam pasal 363
KUHP dengan ancaman hukuman 5 tahun penjara.

  
  
  
[Gambas:Video 20detik]  

 ",www.detik.com
Kepala UPTD BLK Bekasi Sebut Pencuri 12 Komputer Pakai Topeng-Sarung Tangan,"Jumat, 06 Mei  2022 20:38 WIB","\-

Kepala Unit Pelatihan Teknis Dinas (UPTD) Balai Latihan Kerja (BLK) Kabupaten
Bekasi Ahmad Ridwan mengatakan 12 komputer di kantor raib dicuri. Ridwan
menyebut pelaku yang berjumlah dua orang terekam di kamera CCTV menggunakan
topeng.

""Belum melihat secara jelas karena mereka menutup kepala dengan topeng, tangan
pakai sarung tangan,"" ucap Ahmad kepada wartawan, Jumat (6/5/2022).

Selain itu, Ahmad menyebut kejadian pencurian begitu singkat. Terhitung hanya
butuh waktu 15 menit untuk para pelaku menggondol 12 komputer.

""Perlu waktu 15 menit untuk ambil 12 unit,"" ucapnya.

Menurut Ahmad, peristiwa ini baru pertama kali terjadi setelah BLK difungsikan
pada tahun ini. Kini pihaknya akan menambah pengamanan di UPTD BLK Kabupaten
Bekasi dengan penambahan CCTV dan meninggikan pagar.

""Kami sudah mengajukan peningkatan keamanan mulai dari sistem CCTV yang
ditambah. Kalau di luar ruangan tidak bisa dijangkau, kami juga sudah
mengajukan lanjutan pembangunan pagar seperti yang di belakang tingginya sudah
2,7 meter, yang di depan masih pendek,"" ungkapnya.

Sejumlah 12 komputer UPTD BLK dicuri di Tambun Utara, Kabupaten Bekasi, Jabar.
Polisi menyelidiki pencurian ini.

 _Simak selengkapnya, di halaman selanjutnya:_

Selanjutnya __

Halaman

1  2

 ",www.detik.com
Aksi Bandit Modus 'Mata Elang' Rampas Motor Berujung Ditangkap Polisi,"Kamis, 02 Jun 2022 06:02 WIB","\-

Aksi perampasan motor di kawasan Kembangan, Jakarta Barat, membuat heboh
warga. Pelaku merampas motor dengan modus seolah-olah _debt collector_ atau
mata elang yang akan menarik kendaraan korban dengan dalih korban menunggak
cicilan.

Peristiwa itu terjadi di Jalan Raya Joglo, Kembangan, Jakarta Barat, Jumat
(27/5) pagi. Salah satu pelaku ditangkap oleh warga setelah korban meneriaki
pelaku.

Belakangan terungkap jika pelaku cuma melakukan modus pencurian seolah-olah
sebagai 'mata elang'. Korban, pria inisial IR (24) seindiri tidak memiliki
tunggakan cicilan kendaraan.

""Ada empat terduga pelaku mata elang, satu orang sudah diamankan dan lainnya
kabur,"" kata Kapolsek Kembangan Kompol Binsar Sianturi saat dihubungi
wartawan, Sabtu (28/5/2022).

## Korban Dituduh Nunggak Cicilan

Kanit Reskrim Polsek Kembangan AKP Reno mengatakan korban awalnya dipepet dan
diberhentikan 4 pelaku yang berboncengan 2 motor di Lebak Bulus, Jakarta
Selatan. Para pelaku menuduh korban menunggak cicilan dan berpura-pura akan
membawanya ke kantor _leasing_.

""(Korban) ditanya 'kamu nunggak angsuran' katanya. Terus ditanya _leasing_
-nya dia apa ' _leasing_ saya OTO' kata korban. 'Ya sudah kira cari kantor OTO
terdekat' kata pelaku _gitu_ ,"" ujar Reno saat dihubungi, Rabu (1/6/2022).

Korban lalu dibawa menuju ke Kembangan. Korban membonceng pelaku dan selama
perjalanan itu ponselnya dikuasai para pelaku.

Setiba di Jalan Raya Joglo, mereka berhenti. Salah satu pelaku mengembalikan
ponsel milik korban lalu membawa kabur motornya.

""Jadi posisinya si korban ini berboncengan dengan orang yang tidak dikenal
(salah satu pelaku). Dia posisinya dibonceng. Kemudian dia (pelaku)
mengembalikan HP, motor korban dibawa kabur,"" jelasnya.

 _Baca di halaman selanjutnya: korban duel dengan pelaku._

 __

[Gambas:Video 20detik]

  
  
  

Selanjutnya __

Halaman

1  2  3

 ",www.detik.com
Begal Sadis Bacok-Rampas Motor Siswi di Ogan Ilir Ditangkap!,"Jumat, 22 Apr 2022 19:33 WIB","\-

Polisi menangkap begal sadis yang membacok dan merampas sepeda motor seorang
siswi di Ogan Ilir, Sumatera Selatan (Sumsel). Polisi juga menembak pelaku
berinisial DE itu karena melawan saat ditangkap.

""Iya benar, pelakunya sudah ditangkap. Diberikan tindakan tegas terukur karena
mencoba melawan anggota saat akan ditangkap,"" kata Dirreskrimum Polda Sumsel
Kombes Anwar Reksowidjojo kepada detikSumut, Jumat (22/5/2022).

Kasubdit Jatanras Ditreskrimum Polda Sumsel, Kompol Agus Prihadinika,
mengatakan pelaku ditangkap sore hari ini. Dari keterangan pelaku, dia mengaku
bekerja sebagai pemulung.

  

""Ditangkapnya saat sedang bersembunyi. Dia ini mengaku kesehariannya bekerja
sebagai pemulung,"" ujar Agus dihubungi terpisah.

Sebelumnya diberitakan, siswi di Ogan Ilir SB (15) menjadi korban begal saat
dia pulang sekolah. SB dibacok oleh pelaku dan sepeda motornya dibawa kabur.

""Kejadiannya itu, setelah dia (korban) pulang sekolah sekitar jam 12 siang
tadi. Waktu pulang sekolah itu, ada tiga orang yaitu dia dan 2 temannya. Dia
naik motor sendirian dan dua temannya laki-laki boncengan sepeda motor,"" kata
paman korban, Sadad, Kamis (21/4).

Sadad mengatakan SB dibegal saat sudah tidak lagi berjalan bersama temannya.
Dia menduga SB juga ditusuk menggunakan besi yang digunakan untuk mencari
barang rongsokan.

""Dugaannya itu, keponakan kami ditusuk pakai sajam untuk mengais rongsokan.
Terus si pelaku ini bawa kabur motor matik dan hp korban, karena dua barang
itu hilang,"" bebernya.

Polisi yang mendapat laporan kemudian melakukan penyelidikan dalam kasus ini.
Polisi juga melakukan olah tempat kejadian perkara (TKP).

""Masih lidik oleh Reserse. Tadi anggota sudah ke TKP dan mudah-mudahan pelaku
segera ditangkap,"" kata Kapolres Ogan Ilir, AKBP Yusantiyo Sandhy dihubungi
terpisah.

  
  
  
[Gambas:Video 20detik]  

 ",www.detik.com
"Curi Motor Ipar di Jembrana, Pelaku Ternyata Residivis Penganiayaan","Minggu, 22 Mei  2022 15:15 WIB","\-

Tersangka pencurian motor Hirzi Arodi (20), merupakan residivis kasus
penganiayaan yang menyebabkan korban meninggal. Penganiayaan pada tahun 2018,
tersangka masih di bawah umur di wilayah hukum Polres Buleleng.

Penganiayaan yang menyebabkan korban meninggal waktu itu, dipicu masalah
sepele. Berawal dari bersenggolan motor antara tersangka dan korban, akhirnya
terjadi cekcok di jalan. ""Korban dipukul dengan batu hingga menyebabkan korban
meninggal,"" kata Kasatreskrim Polres Jembrana AKP Muhammad Reza Pranata.

Akibat perbuatanya tersangka divonis selama 2 tahun 6 tahun penjara. Karena
masih di bawah umur, tersangka ditahan di Lembaga Pembinaan Khusus Anak (LPKA)
Kelas IIKarangasem. ""Tersangka Residivis, tahanan karena perkara
penganiayaan,""imbuhnya.

  

Diberitakan sebelumnya, tersangka Hirzi Arodi ditangkap Satreskrim Polres
Jembrana karena melakukan pencurian motor di Banjar Pebuahan, Desa Banyubiru,
Kecamatan Negara, Senin (16/5/2022).

Tersangka yang berasal dari Banjar Dinas Barat Jalan, Desa Pengayaman,
Kecamatan Sukada, Buleleng, mencuri motor milik korban yang masih ada hubungan
Ipar. ""Motif tersangka mencuri, untuk menguasai motor yang dicuri karena
memang tidak memiliki motor,"" tukasnya.

Tersangka mencuri motor menggunakan kunci cadangan yang sudah disimpan sejak
sebulan sebelumnya. Karena ada kesempatan, motor dibawa kabur ke rumahnya di
Buleleng.

  
  
  
[Gambas:Video 20detik]  

 ",www.detik.com
"Kasus Korban Begal Jadi Tersangka, Polda NTB : Kita akan Maraton","Jumat, 15 Apr 2022 13:11 WIB","\-

Polda NTB telah mengambil alih kasus Amaq Sinta alias M (34), korban begal
yang ditetapkan jadi tersangka karena melawan dan membunuh pelaku begal.
Sebelumnya, kasus ini ditangani oleh Polres Lombok Tengah.

""Kasus ini menjadi atensi pimpinan dan (agar) penanganannya lebih maksimal,""
kata Kabid Humas Polda NTB, Kombes Artanto Jumat (15/4/2022).

Pengambilalihan perkara kasus Amaq Sinta dilakukan sejak polisi mengabulkan
permintaan keluarga untuk penangguhan penahanan terhadap Amaq Sinta. Kini Amaq
Sinta sudah tidak ditahan namun tetap menjadi tersangka.

  

Kedua pelaku begal yakni Wahid dan Holidi yang sebelumnya ditahan di Polres
Lombok Tengah, kini juga telah dipindahkan ke tahanan Mapolda NTB.

Direktur Kriminal Umum Polda NTB, Kombes Hari Brata menegaskan, kasus begal
ini menjadi atensi dan akan diselesaikan secepatnya dengan melakukan proses
penegakan hukum sesuai aturan yang berlaku.

""Kasus ini sudah kita tarik, kita marathon kasus ini,"" tegas Hari Brata.

Diberitakan sebelumnya, kasus ini bermula dari penemuan mayat dua pria
bersimbah darah di Lombok Tengah Senin (11/4/2022) dinihari. Belakangan
diketahui bahwa kedua pria adalah pelaku begal yang dibunuh oleh calon
korbannya. Korban pembegalan itu, Amaq Sinta, justru dijadikan tersangka atas
kasus pembunuhan akibat aksi bela diri yang dia lakukan menyebabkan dua begal
tewas.

  
  
  
[Gambas:Video 20detik]  

 ",www.detik.com
29 Pengungsi Rohingya Didakwa Atas Pembunuhan Aktivis Bangladesh,"Selasa, 14 Jun 2022 16:26 WIB","\-

Sedikitnya 29 pengungsi Rohingya didakwa atas pembunuhan seorang aktivis di
Bangladesh. Aktivis yang dibunuh itu juga merupakan pemimpin komunitas
Rohingya.

Seperti dilansir _AFP_ , Selasa (14/6/2022), Mohib Ullah yang seorang pemimpin
kelompok hak asasi manusia (HAM) untuk Rohingya di Bangladesh ditembak mati
pada September lalu. Penembakan terjadi di salah satu kamp kumuh di Bangladesh
yang menampung nyaris 1 juta pengungsi Rohingya dari Myanmar.

Pembunuhan itu mengejutkan seluruh komunitas Rohingya, dengan keluarga Ullah
menyalahkan Tentara Pembebasan Rohingya Arakan (ARSA) sebagai dalang utamanya.
ARSA merupakan kelompok pemberontak di Rakhine, Myanmar bagian barat, yang
menjadi tempat tinggal Rohingya.

Kelompok itu juga dituduh mengelola bisnis narkotika, membunuh rival politik
dan menanamkan iklim ketakutan di kamp-kamp pengungsi Rohingya.

Jaksa penuntut Faridul Alam menuturkan kepada _AFP_ bahwa pihak Kepolisian
Bangladesh telah menyelesaikan penyelidikan dan mengajukan dakwaan terhadap 29
pengungsi Rohingya atas pembunuhan Ullah yang berusia 48 tahun itu.

""Dari 29 orang, polisi telah menangkap 15 orang dan sisanya melarikan diri.
Setidaknya empat orang yang ditangkap telah memberikan pengakuan terkait peran
mereka dalam pembunuhan,"" sebut Alam.

Dia menjelaskan bahwa polisi tidak secara langsung menuntut ARSA bertanggung
jawab atas pembunuhan itu, namun menambahkan bahwa 'pihak yang menentang
repatriasi (Rohingya kembali ke Myanmar) membunuh Mohib Ullah'.

""Beberapa dari mereka (yang didakwa) adalah anggota ARSA,"" ungkap Alam dalam
pernyataannya.

[Gambas:Video 20detik]

Selanjutnya __

Halaman

1  2

 ",www.detik.com
2 Kawanan Pelaku Begal Tombak Kanit Resmob Polda Jambi Ditangkap,"Rabu, 11 Mei  2022 11:25 WIB","\-

Tim gabungan Polda Jambi, Polresta Jambi, Polres Batanghari dan Polres Tanjung
Jabung Timur Jambi berhasil menangkap dua pelaku begal yang merupakan kawanan
dari pelaku yang menombak perwira polisi berpangkat AKP. Dua begal ini
ditangkap sebelum polisi menangkap Taufik Galing (32) yang menombak AKP Silaen
menjabat Kanit Resmob Polda Jambi.

""Untuk dua kawanan begal lainnya itu tidak dilakukan tembakan terukur, untuk
yang diberikan tembakan terukur itu hanya untuk pelaku yang melakukan
penombakan itu saja,"" kata Kasubid Penmas Bid Humas Polda Jambi, Kompol Edy
kepada , Rabu (11/5/2022).

Informasi dihimpun, dua pelaku yang ditangkap polisi itu yakni Husni dan Deny.
Mereka berdua ditangkap di wilayah hukum Polres Tanjung Jabung Timur Jambi.
Setelah berhasil menangkap dua pelaku, polisi kemudian melakukan pengembangan
dengan menuju rumah seorang DPO begal bernama Taufik Galing di Kelurahan
Tanjung Pasir, Kecamatan Danau Teluk, Seberang Kota Jambi.

  

Saat hendak akan menangkap pelaku Taufik Galing, polisi yang menggunakan
pakaian anti peluru melakukan pengepungan terhadap rumah pelaku. Lalu polisi
menggerebek rumah kediaman pelaku hingga kemudian pelaku melawan dan menombak
perut bagian kiri Kanit Resmob Polda Jambi itu.

""Kondisi AKP Silaen sudah sadar, kemarin saat operasi memang dalam di bius
total,"" ujar Edy.

Peristiwa penombakan terhadap AKP Silaen ini terjadi pada Selasa (10/5) sekira
pukul 18.00 WIB. Saat itu polisi mengetahui keberadaan pelaku yang merupakan
DPO atas kasus Curat dan Curas di 11 TKP di wilayah Jambi.

  
  
  
[Gambas:Video 20detik]  

 ",www.detik.com
"Gegara Mencuri, Pemuda Ini Dihukum Sesi Foto Sambil Gendong Babi","Rabu, 27 Apr 2022 15:56 WIB","\-

Ada ada saja. Pemuda asal Abiansemal, Badung, Bali nekat mencuri babi. Tak
hanya satu ekor, ia nekat mencuri 9 ekor anak babi sekaligus.

Selain menghadapi ancaman hukuman 7 tahun penjara, polisi juga memintanya
berpose dengan menggendong babi untuk foto dokumentasi.

Aksi pemuda usia 23 tahun, Gede Agung S alias Gobler, mencuri babi memang
tergolong nekat. Ia nyaris tepergok saat mencuri 9 anak babi atau kucit di
Desa Taro, Kecamatan Tegallalang, Gianyar, Bali, Senin (25/4/2022).

  

Kapolsek Tegallalang AKP I Ketut Sudita menjelaskan, kasus pencurian anak babi
itu bermula dari laporan saksi Wayan Latra, kerabat Korban Wayan Gatri. Saksi
saat itu curiga dengan hilangnya 9 ekor anak babi, biasa disebut kucit, milik
korban di kandang.

Mengetahui anak babinya hilang di kandang, Latra kemudian menginformasikan
kepada Gatri. Singkat cerita, mendapat informasi dari saksi, pemilik babi
lantas mengecek kandang yang berlokasi 50 meter dari rumahnya. Ternyata benar,
sembilan anak babi miliknya sudah hilang di kandang.

""Sebetulnya korban memelihara 40 ekor, terdiri dari 12 indukan dan 28 anak
babi. Atas kejadian itu, korban melapor ke polisi,"" terang AKP Sudita.

Menurut Sudita, seorang warga bernama Wayan Sumartika mengaku sempat memergoki
seseorang serta melihat mobil bak terbuka terparkir di sekitar kandang. Ketika
itu, Saksi Sumartika hendak membeli kelapa di salah satu rumah warga lainnya.
Karena merasa asing dengan mobil bak terbuka itu, ia lalu mendekatinya.

""Bahkan antara saksi dan pelaku ini sempat bercakap. Tapi saksi merasa aneh
karena wajah pelaku asing. Pelaku mengaku dari banjar setempat tapi tak ada
yang kenal,"" jelas Sudita.

Karena suasana gelap, Sumartika menyalakan lampu handphone dan mengarahkannya
ke wajah pelaku guna memastikan apakah orang itu benar berasal dari Banjar
Tatag Desa Taro.

""Tapi saat itu saksi merasa asing dan tidak kenal dengan pelaku,"" imbuh
kapolsek.

Curiga dengan pelaku, Sumartika kemudian melihat mobil bak terbuka milik
pelaku berisi kucit. Namun Sumartika memilih pergi karena pelaku meyakinkannya
bahwa ia membeli anak babi itu. Ia melanjutkan perjalanannya membeli kelapa.
Tak lama kemudian, Sumartika kembali ke kandang korban dan tidak melihat
pelaku di sana. Hingga akhirnya saksi mendengar korban kecurian, ia lantas
menceritakan hal itu kepada korban dan polisi.

Setelah menerima laporan dari korban dan keterangan saksi, polisi akhirnya
berhasil mengendus keberadaan pelaku dan menangkap pelaku di rumahnya di
Abiansemal, Badung, Selasa (26/4/2022) dinihari.

""Dia (pelaku) sempat mengelak dituduh mencuri babi. Namun setelah
diinterogasi, dia (pelaku) akhirnya mengaku dan menunjukkan babi curiannya
yang dititip di kandang babi milik temannya,""ungkap Sudita.

Atas perbuatannya, selain harus mendekam di sel tahanan Polsek Tegallalang,
Gobler juga dijerat dengan Pasal 363 KUHP tentang tindak pidana pencurian dan
terancam hukuman penjara paling lama 7 tahun.

Selain menghadapi ancaman hukuman, ia juga mendapat hukuman berpose
menggendong babi untuk keperluan foto dokumentasi. Foto dirinya bersama
beberapa anggota polisi selain sebagai dokumentasi, juga diberikan polisi
kepada media.

  
  
  
[Gambas:Video 20detik]  

 ",www.detik.com
"Pelajar di Luwu Diperkosa di Indekos, Pelaku Diburu-Rekan Korban Ditangkap","Jumat, 15 Apr 2022 03:28 WIB","\-

Seorang pelajar inisial WN (13) asal Kabupaten Luwu, Sulawesi Selatan (Sulsel)
menjadi korban pemerkosaan setelah dibawa ke sebuah indekos di Kota Palopo
oleh rekannya, FE (20). Korban diperkosa rekan FE inisial HB (21) yang kini
diburu polisi.

""Kejadiannya di Yosdar Kelurahan Ponjalae Wara Timur, Tidak ada motif
kesengajaan, dia pergi begitu lalu diperkosa,"" ucap Kasat Reskrim Polres
Palopo AKP Andi Aris saat dimintai konfirmasi , Kamis (14/4/2022).

Pemerkosaan terhadap WN terjadi di sebuah indekos di Jalan Yosudarso,
Kelurahan Ponjalae, Kecamatan Wara Timur, Kota Palopo pada Jumat (8/4). Korban
dibawa oleh FE dari Lamasi, Kabupaten Luwu.

  

Andi Aris mengungkapkan, kejadian tersebut bermula saat WN sedang berada di
luar rumah seorang diri pada malam hari di daerah Lamasi, Luwu. FE yang
melihat WN kemudian mengajaknya ke Kota Palopo.

""Ini yang bersangkutan (korban) keluar dari rumahnya jam 1 malam karena ada
masalah sama temannya. Ketemulah dengan FE, dia bonceng ke Palopo karena ini
anak tidak ada tempat tinggalnya, makanya diajaklah dia jalan ke Palopo, dia
ikut,"" tutur Aris.

WN dan FE sebelumnya sudah saling kenal. Makanya korban WN memilih ikut saat
diajak FE ke indekos rekannya, HB di Kota Palopo. Sesampainya di sana, HB
memberikan uang kepada FE untuk membeli rokok kemudian langsung melancarkan
aksinya memperkosa WN.

""Katanya dia (FE), WN itu temannya. Dia kasihan pada saat itu makanya dia ajak
ke Palopo dan waktu FE ini keluar beli rokok terduga pelaku ini melancarkan
aksinya memperkosa WN,"" kata Aris.

Aris mengatakan saat ini belum bisa memastikan apakah FE merupakan muncikari.
Sebab terduga pelaku HB sampai saat ini masih dalam pengejaran polisi.

""Sebenarnya ini belum dipastikan apakah mucikari atau bukan, ini yang sedang
kita rapatkan sekarang, karena kalau mucikari itu kan otomatis penjual, inikan
tidak menjual. Beda menjual itu dengan dikasi uang untuk beli rokok,""
jelasnya.

""Jadi kesimpulannya, ini yang bersangkutan (FE) yang kita amankan belum bisa
dikatakan sebagai mucikari, cuma dia mengantar yang bersangkutan kemudian WN
diperkosa sama ini pelaku (HB),"" pungkasnya.

  
  
  
[Gambas:Video 20detik]  

 ",www.detik.com
"Sempat Diduga Bunuh Diri, Bocah 14 Tahun di Karawang Ternyata Dibunuh","Rabu, 18 Mei  2022 16:40 WIB","\-

Polisi memastikan bocah Karawang berinisial S (14) yang ditemukan tewas
gantung diri ternyata korban pembunuhan. Polisi mengungkap fakta tersebut usai
menemukan sejumlah bekas luka lebam pada tubuh korban setelah diautopsi.

""Itu sudah dinyatakan meninggal dengan tidak wajar,"" ucap Kabid Humas Polda
Jabar Kombes Ibrahim Tompo seperti dilansir , Rabu (18/5/2022).

Ibrahim memastikan pihaknya menemukan luka yang diduga akibat penganiayaan
terhadap bocah tersebut. Jadi, polisi pun akhirnya memastikan bocah itu
dibunuh.

""Ada beberapa bekas penganiayaan di tubuhnya dan dinyatakan dibunuh,"" kata
dia.

Tak hanya itu, Ibrahim menjelaskan luka di tubuh korban terlihat pada badan
dan kepala. Menurutnya, yang paling parah adalah bagian kepala.

""Bagian kepala paling ini,"" ujarnya.

Simak selengkapnya di sini.

[Gambas:Video 20detik]

  
  

 ",www.detik.com
"Petugas PPSU Jadi Korban Begal di Jakpus, Duit THR Rp 4,4 Juta Raib","Rabu, 27 Apr 2022 16:41 WIB","\-

Petugas Penanganan Prasarana dan Sarana Umum (PPSU) menjadi korban begal di
depan RS Husada, Sawah Besar, Jakarta Pusat. Korban dibegal setelah mengambil
uang THR.

Peristiwa itu terjadi pada Rabu (27/4/2022) sekitar pukul 05.00 WIB. Kejadian
berawal ketika korban baru saja mengambil uang THR di ATM.

""Dari keterangan yang bersangkutan sih informasinya dibegal, jadi Subuh-subuh
kan baru cair THR. Yang bersangkutan ini ambil ke ATM,"" kata Lurah Mangga Dua
Selatan, Agata Bayu Putra, saat dihubungi Rabu (27/4).

Menurutnya, korban tidak sadar telah diikuti oleh pelaku. Ketika korban sampai
di zona penyapuan, korban langsung disergap oleh 10 orang.

""Mungkin dia nggak _ngeh_ kalau dia diikuti, pas dia di zona penyapuan
ternyata _udah_ disergap sama 10 orang,"" katanya.

Akibat kejadian itu, korban mengalami kerugian Rp 4,4 juta. Selain itu, korban
mengalami luka-luka.

""Nggak dirawat, cuma memar-memar _aja_ ,"" katanya.

Sementara itu, Kapolsek Metro Sawah Besar Kompol Maulana Mukarom mengatakan,
saat memperoleh informasi, pihaknya langsung mendatangi TKP. Namun sampai saat
ini korban belum membuat laporan.

""Benar infonya, anggota juga sudah melakukan cek TKP, namun korban belum buat
laporan polisi di Polsek Sawah Besar. Ketika kita mendapatkan info tadi pagi
anggota yang piket langsung mendatangi TKP,"" katanya saat dimintai konfirmasi.

Namun Maulana belum dapat memastikan pelaku berjumlah berapa orang. Dia
menyebut kasus tersebut masih dalam tahap penyelidikan.

""Untuk jumlah pelaku belum bisa kita pastikan, masih dalam penyelidikan dan
mengumpulkan bukti petunjuk,"" katanya.

 ",www.detik.com
Oditur Tetap Tuntut Seumur Hidup Bui Meski Kolonel Priyanto Minta Bebas,"Selasa, 17 Mei  2022 14:26 WIB","\-

Oditur militer tetap menuntut Kolonel Inf Priyanto seumur hidup penjara dalam
kasus pembunuhan sejoli Handi Saputra (18) dan Salsabila (14) di Nagreg, Jawa
Barat. Oditur tetap pada pendiriannya meski Priyanto meminta dibebaskan.

""Oditur militer tinggi berpendapat tidak ada kekeliruan dalam pembuktian unsur
dan penerapan hukum dalam tuntutan kami, sehingga oditur militer tinggi tetap
pada tuntutan yang dibacakan pada hari Kamis, tanggal 21 April 2022,"" kata
oditur militer Kolonel Sus Wirdel Boy saat membacakan replik di Pengadilan
Militer Tinggi II Jakarta, Cakung, Jakarta Timur, Selasa (17/5/2022).

Wirdel Boy membantah jika dikatakan dakwaan yang disusunnya itu keliru. Dia
menyebut surat dakwaan sudah sesuai dengan ketentuan dan cara pengambilan alat
bukti yang sah yang diatur dalam perundang-undangan.

""Kami pastikan bahwa kesimpulan tim penasihat hukum tersebut adalah keliru,
oditur militer tinggi dalam upaya membuktikan dakwaan terikat pada ketentuan
dan tata cara pengambilan alat bukti yang sah yang ditentukan oleh undang-
undang sebagaimana diatur dalam Pasal 172 Undang-Undang 31 Tahun 1997 tentang
Peradilan Militer,"" kata Wirdel Boy.

Wirdel menilai nota pembelaan atau pleidoi yang disusun penasihat hukum
Priyanto kurang hati-hati. Hal itu, kata Wirdel, terlihat dari adanya
kesimpulan atau pernyataan yang tidak konsisten.

""Setelah membaca dan meneliti nota pembelaan diajukan penasihat hukum terdakwa
dalam perkara ini, maka oditur militer tinggi dapat menarik kesimpulan bahwa
pleidoi ini disusun secara kurang hati-hati karena terdapat pernyataan dan
kesimpulan yang tidak konsisten,"" ungkapnya.

Wirdel membeberkan pernyataan yang tidak konsisten dari penasihat hukum
Priyanto yakni terdakwa menyangkal keterangan saksi 4-12 yang menerangkan
bahwa Saudara Handi Saputra masih hidup di tempat kejadian perkara. Kemudian,
penasihat hukum Priyanto menyatakan karena dakwaan oditur militer tinggi
disusun secara kumulatif, maka karena dakwaan kesatu primer dan dakwaan
alternatif pertama oditur militer tinggi tidak terbukti secara sah dan
meyakinkan.

""Akan tetapi pada halaman 33, tim penasihat hukum bermohon majelis hakim
menyatakan bahwa terdakwa Kolonel Inf Priyanto tidak terbukti bersalah
melakukan tindak pidana sebagaimana yang didakwakan oleh oditur militer tinggi
pada dakwaan kesatu primer Pasal 340 _juncto_ Pasal 55 ayat 1 ke-1 dan dakwaan
kedua alternatif pertama Pasal 328 _juncto_ Pasal 55 ayat 1 ke-1, tanpa
menyebutkan Pasal 181 KUHP _juncto_ Pasal 55 ayat 1 ke-1 KUHP,"" katanya.

Sebelumnya, Kolonel Inf Priyanto meminta majelis hakim yang mengadili
perkaranya membebaskan dari dakwaan dan tuntutan terkait kasus pembunuhan
sejoli ini. Kolonel Priyanto meminta hakim menolak dakwaan dan tuntutan oditur
militer.

Melalui penasihat hukumnya, Kolonel Priyanto meminta majelis hakim membebaskan
dirinya dari dakwaan Pasal 340 _juncto_ Pasal 55 ayat 1 ke-1 KUHP tentang
Pembunuhan Berencana dan dakwaan Pasal 328 KUHP _juncto_ Pasal 55 ayat 1 ke-1
KUHP tentang Penculikan.

""Membebaskan terdakwa Kolonel Inf Priyanto dari segala dakwaan dan tuntutan
pada dakwaan ke satu primer dan dakwaan alternatif pertama atau setidak-
tidaknya melepaskan terdakwa dari segala tuntutan hukum pada dakwaan kesatu
primer dan dakwaan alternatif pertama,"" kata penasihat hukum Kolonel Priyanto,
Letda Aleksander Sitepu, di Pengadilan Militer Tinggi II Jakarta Timur, Selasa
(10/5).

[Gambas:Video 20detik]

  
  

 ",www.detik.com
"Viral Dibegal-Adu Silat Diduga Rekayasa, Polisi Panggil Ustaz di Lampung","Senin, 25 Okt 2021 10:50 WIB","\-

Video seorang pria di Lampung dibegal ramai beredar di media sosial (medsos).
Dalam video, pria yang dikenal dengan panggilan 'Ustaz Nasihin' itu dihadang
sejumlah orang.

Video tersebut disertai tulisan 'Perjalanan di Lampung Ustad Nasihin Kena
Begal'. Sejumlah orang yang menghadang menggunakan penutup muka.

Video tersebut ternyata juga diunggah di kanal YouTube Ustaz Nasihin pada 13
Oktober 2021. Video tersebut telah ditonton sebanyak 234.621 kali.

Video di YouTube itu berdurasi 16 menit 36 detik. Sedangkan pada video yang
beredar, durasinya jauh lebih pendek, yakni 3 menit 30 detik.

Dalam video yang beredar, tampak Nasihin yang menumpangi mobil dihadang
sejumlah orang. Nasihin dihampiri sejumlah orang yang meminta uang.

Kelompok penghadang tersebut meminta uang senilai Rp 100 ribu. Nasihin tidak
terima dimintai uang Rp 100 ribu karena dia melintas di jalan umum.

Kemudian orang-orang yang menghadang itu meminta ponsel dan tas Nasihin.
Nasihin lalu diminta turun dari jalan jika tidak memberi uang atau mobilnya
akan dirusak.

Nasihin lalu turun dari mobil dan terlibat keributan dengan pihak yang
menghadangnya. Nasihin menggunakan silat dan membuat lawannya mental, bahkan
hingga kaku tak bergerak.

Polda Lampung akan memanggil Nasihin terkait video tersebut. Dia dijadwalkan
dipanggil hari ini di Ditreskrimum Polda Lampung.

""Pemanggilan (untuk) melakukan klarifikasi kebenaran atas peristiwa dalam
video tersebut,"" kata Kabid Humas Polda Lampung, Kombes Zahwani Pandra Arsyad,
Senin (25/10/2021).

Polisi ingin meminta konfirmasi terkait video yang viral tersebut. Polisi
memanggil Nasihin sebagai upaya menjaga keamanan dan ketertiban masyarakat
(kamtibmas).

""Bahwasanya dengan video tersebut bukan mendidik, melainkan penuh rekayasa,
yang membuat citra Lampung menyeramkan dan merugikan masyarakat Lampung pada
umumnya,"" ungkapnya.

Pandra mengatakan polisi terus melakukan tindakan preventif dengan berpatroli
demi menciptakan keamanan hingga penindakan terhadap pelaku kejahatan. Dia
menjelaskan pemanggilan terhadap Nasihin ini sebagai bagian dari langkah
presisi.

""Pemanggilan yang bersangkutan sebagai upaya prediksi terhadap potensi
kejahatan, responsif ini makanya kita lakukan klarifikasi, dan transparansi
yakni proses dilakukan dengan keterbukaan,"" ujar dia.

""Kalau hanya untuk tingkatkan konten atau _follower_ , jangan membuat gaduh.
Dengan dia membuat konten seperti itu kan muncul kesan Lampung tidak aman,""
imbuhnya.

 ",www.detik.com
"Komplotan Begal Bersajam di Bekasi Dibekuk, Diotaki Anak di Bawah Umur","Selasa, 24 Mei  2022 18:33 WIB","\-

Komplotan begal dengan senjata tajam di Bekasi berhasil ditangkap aparat
kepolisian. Mirisnya, kelompok itu diketuai anak di bawah umur.

Total ada empat pelaku yang ditangkap. Para pelaku berinisial DAR (21), AP
(21), DA (21), dan A, yang masih di bawah umur.

""Satu pelaku yang tidak kita tampilkan inisial A ini anak di bawah umur.
Perannya dia yang memiliki ide atau niat untuk merencanakan pencurian dengan
kekerasan,"" kata Kabid Humas Polda Metro Jaya Kombes E Zulpan di Mapolda Metro
Jaya, Jakarta, Selasa (24/5/2022).

Aksi pembegalan kelompok itu terjadi pada Sabtu (21/5) di daerah Kabupaten
Bekasi sekitar pukul 05.00 WIB. Adapun korban berinisial M.

Pelaku anak di bawah umur berinisial A selaku kepala komplotan begal itu
diketahui berperan sebagai eksekutor. Pelaku secara paksa mencabut kunci
kendaraan motor korban sambil mengancam dengan senjata tajam.

""Pelaku ini yang mengambil dengan mencabut kunci kontak sepeda motor korban
dan mengancam korban dengan celurit,"" ungkap Zulpan.

Menurut Zulpan, hasil pemeriksaan para pelaku diketahui telah berulang kali
melakukan aksi pembegalan. Para pelaku lainnya, yang berinisial DA, DAR, dan
AP, telah melakukan pembegalan dengan senjata tajam sebanyak 4-6 kali.

""Jadi modus operandinya secara random atau acak mencari parkir orang yang
menggunakan sepeda motor, kemudian dilakukan pemepetan dan perampasan,"" beber
Zulpan.

Dia menambahkan, para pelaku tidak segan-segan melukai korban.

""Bila melawan, mereka tidak segan menggunakan senjata tajam yang sudah
disiapkan,"" katanya.

Empat pelaku tersebut kini telah ditetapkan sebagai tersangka. Mereka dijerat
dengan Pasal 365 KUHP soal pencurian dengan kekerasan dan terancam 9 tahun
penjara.

 ",www.detik.com
Pembunuh Penjaga Gudang Mebel Pakai Martil Ditangkap di Humbahas,"Rabu, 01 Jun 2022 16:11 WIB","\-

Polisi menangkap Arjuna (36) diduga pelaku pembunuh Kisen (38) seorang penjaga
gudang mebel. Kisen yang warga Kecamatan Medan Deli itu tewas usai kepalanya
dipukul martil diduga oleh Arjuna hingga dua kali.

""Jadi pada Rabu (25/5) sekitar pukul 03.00 WIB Arjuna ditangkap di Humbang
Hasundutan (Humbahas). Arjuna saat itu bersembunyi di rumah saudaranya di Desa
Silaban,"" kata Kanit Reskrim Polsek Medan Labuhan, Iptu Agus Purnomo ketika
dikonfirmasi, Rabu (1/6/2022).

Agus pun menjelaskan peristiwa pemukulan itu terjadi pada Senin (23/5) sekitar
pukul 20.00 WIB di Desa Helvetia. Saat itu keduanya minum minuman keras
bersama rekan lainnya.

  

""Jadi mereka berdua itu sempat mabuk sama,"" ucapnya.

Kemudian, Arjun dan Kisen terlibat cekcok karena urusan jaga malam. Menurut
dia, Arjun sakit hati karena tidak diajak Kisen untuk jaga malam di gudang
mebel.

""Keduanya pun langsung saling memaki soal lahan jaga malam. Tak lama, si Arjun
pulang ke rumahnya. Ternyata si Kisen ini mengikuti dari belakang,"" sebutnya.

""Lalu Kisen mengejek Arjun karena selalu mengalah ketika dipukul. Mendengar
itu, Arjun emosi dan mengambil palu di rumahnya. Arjun langsung menyerang
dengan mengantuk kan palu dua kali ke kepala Kisen sampai tak sadarkan diri.
Setelah itu Arjun melarikan diri,"" sambungnya.

Agus menjelaskan Arjun saat ini telah ditahan. Pasal yang dikenakan 338 Subs
pasal 351 ayat 3 KUHPidana. Ada pun satu buah martil hijau hitam turut
diamankan sebagai barang bukti.

Sebelumnya diberitakan, Abang Kisen bernama Sures mengatakan adiknya tewas
karena dipikul oleh tetangga pakai martil dua kali.

""Nah, Kisen kan sedang jaga malam di gudang itu. Jadi saat si Arjun ini
seperti tidak terima (diduga iri hati) karena Kisen jadi penjaga malam di
gudang tersebut. Tiba - tiba, kepala adik saya dihantam pakai martil dua kali
di dekat bagian otak,"" katanya saat dijumpai di RS Bhayangkara, Selasa (24/5).

Usai mendapatkan pukulan dengan martil di kepala, Sures mengatakan Kisen
sempat mendapatkan perawatan di rumah sakit. Akan tetapi, kondisi Kisen terus
memburuk sehingga tidak bisa diselamatkan lagi.

  
  
  
[Gambas:Video 20detik]  

 ",www.detik.com
Kisah Pemandu Lagu di Surabaya yang Ngaku Diperkosa Oknum Satpol PP,"Rabu, 30 Mar 2022 09:43 WIB","\-

Seorang pemandu lagu di Surabaya mengaku diperkosa oknum Satpol PP. Ia sudah
melaporkan kasus pemerkosaan itu ke polisi.

Mawar (bukan nama sebenarnya), merupakan wanita pemandu karaoke di kawasan
Rungkut. Ia melapor ke Polrestabes Surabaya pada Minggu (27/3/2022).

Dalam keterangannya, Mawar mengaku menjadi korban pemerkosaan yang dilakukan
oknum Satpol PP Kota Surabaya. Laporan tersebut bernomor
LP/B/439/III/2022/SPKT/Polrestabes.SBY.

Perihal laporan Mawar dibenarkan Kasat Reskrim Polrestabes Surabaya AKBP
Mirzal Maulana. Terkait laporan tersebut, Mawar sudah menjalani visum di RSUD
dr Soewandhie.

""Iya (laporan sudah diterima),"" kata Mirzal saat dikonfirmasi detikJatim,
Selasa (29/3/2022).

Menurutnya, pihaknya masih melakukan penyelidikan. ""Masih dalam penyelidikan,
karena lagi dimintai keterangan si pemandu lagu,"" imbuhnya.

Mirzal juga menjelaskan, dugaan pemerkosaan tersebut terjadi di salah satu
tempat karaoke di Surabaya. Pihaknya masih mendalami dan memeriksa room
karaoke sesuai keterangan korban.

""Itu kan kejadiannya di salah satu room. Nah ini lagi didalami oleh penyidik
untuk melihat bagaimana kronologis kejadiannya,"" ujarnya.

Mirzal mengungkapkan, di TKP, polisi juga memeriksa rekaman CCTV. ""Iya (CCTV)
didalami. Mohon waktu, masih dalam proses penyelidikan,"" tambahnya.

Terduga pelaku merupakan anggota Satpol PP Kecamatan Semampir. Itu seperti
yang disampaikan Kasatpol PP Kota Surabaya Eddy Christijanto. Ia membenarkan,
terduga pelaku merupakan anggotanya.

""Iya, anggota Kecamatan Semampir. Informasinya, sudah diberhentikan,"" kata
Eddy.

  
  
  
[Gambas:Video 20detik]  

 ",www.detik.com
Durjana! Bapak di Jepara Perkosa Anak Kandungnya yang Sedang Sakit,"Senin, 04 Apr 2022 14:40 WIB","\-

Seorang pria berinisial S (35) di Kabupaten Jepara, Jawa Tengah ditangkap
polisi. S diduga telah memperkosa anak kandungnya sendiri yang masih berusia
12 tahun.

""Korban berusia 12 tahun, tersangka S (35) bapak kandung korban,"" jelas Kasat
Reskrim Polres Jepara, AKP M Fahrur Rozi, dalam keterangan tertulis kepada
wartawan, Senin (4/4/2022).

Rozi mengatakan modus tersangka memaksa dan mengancam korban untuk menuruti
nafsu bejatnya. Kronologi kejadian pilu itu berawal saat korban berada di
rumahnya pada Jumat (29/10/2021) pukul 11.00 WIB. Korban pada saat itu sedang
sakit dan kondisi rumah sedang sepi.

""Saat itu tersangka tak lainnya bapak kandungnya menghampiri korban dan
langsung memaksa hubungan layaknya suami istri,"" terang dia.

Menurutnya, kasus ini terungkap setelah korban bercerita kepada ibu
kandungnya. Ibu korban langsung melaporkan suaminya ke polisi. Namun tersangka
S sempat melarikan sebelum tertangkap pada Senin (28/3) lalu.

""Penangkapan Senin (28/3) tim Resmob Sat Reskrim Polres Jepara mendapatkan
informasi bahwa tersangka berada di rumah sempat kabur sejak dilaporkan
istrinya,"" terang dia.

""Dari informasi tersebut kemudian polisi melakukan penyelidikan dan didapati
benar bahwa tersangka berada di rumah dan langsung dilakukan penangkapan untuk
proses lebih lanjut,"" sambung Rozi.

Tersangka saat ini mendekam di tahanan Mapolres Jepara. Atas perbuatannya, S
terancam hukuman kurungan 15 tahun.

""Pasal 81 dan atau pasal 82 UU No 17/2016 tentang perlindungan anak dengan
ancaman hukuman penjara paling lama 15 tahun,"" pungkas Rozi.

  
  
  
[Gambas:Video 20detik]  

 ",www.detik.com
Melihat Lagi Kasus 6 Polisi Tersangka Tewasnya Pria Makassar Usai Ditangkap,"Kamis, 16 Jun 2022 07:00 WIB","\-

Enam polisi di Makassar, Sulawesi Selatan (Sulsel) ditetapkan menjadi
tersangka kasus tewasnya Muhammad Arfandi Ardiansyah (18) usai ditangkap pada
pertengahan Mei 2022 lalu. Keenam tersangka merupakan mantan anggota
Satresnarkoba Polrestabes Makassar yang kemudian dimutasi ke Polda Sulsel.

""Sudah saya tetapkan tersangka itu 6 orang,"" ungkap Dirkrimum Polda Sulsel
Kombes Onny Trimurti Nugroho kepada , Rabu (15/6/2022) malam.

Penetapan tersangka dilakukan Ditreskrimum Polda Sulsel pada Jumat (10/6)
pekan lalu. Selanjutnya keenam oknum polisi tersebut menjalani pemeriksaan
perdana sebagai tersangka, Rabu (15/5).

  

""Jumat kalau tidak salah (gelar penetapan tersangka). Ada 1 alat bukti
kemudian ada alat bukti lain. Jadi 2 alat bukti yang cukup,"" kata Kombes Onny.

""Dengan 2 alat bukti itu mengarah kepada perbuatan (yang menyebabkan tewasnya
korban) mengarah kepada beberapa orang itu,"" imbuhnya.

## Peristiwa Arfandi Tewas Usai Ditangkap Polisi

Kasus ini berawal saat Arfandi ditangkap di wilayah Kelurahan Rapokalling,
Kecamatan Tallo, Makassar, sekitar pukul 03.00 Wita, Minggu (15/5). Arfandi
ditangkap terkait dugaan kepemilikan 2 gram sabu.

Penangkapan ini kemudian berbuntut panjang karena Arfandi tewas tak lama
setelah ditangkap. Namun Satresnarkoba Polrestabes Makassar saat itu
mengklarifikasi korban tewas karena sesak napas dan meninggal saat dibawa ke
Biddokkes Polda Sulsel.

""Saat kita amankan (pelaku) ke posko, kendalanya saat itu sesak napas dan kita
bawa ke Dokkes karena saat itu meninggal dalam perjalanan,"" kata kata Kasat
Narkoba Polrestabes Makassar Kompol Doli Martua kepada wartawan, Minggu (15/5)
malam.

Kendati menyebut korban sesak naps, polisi juga menyampaikan bahwa ada luka
lebam di tubuh korban. Namun polisi saat itu mengaku belum bisa menjelaskan
lebih lanjut karena luka lebam itu masih dalam pemeriksaan.

""Karena luka memar lebam, yang bisa ambil keputusan (menjelaskan penyebabnya)
adalah Dokkes,"" kata Doli.

## 6 Polisi Ditahan Propam

Propam Polda Sulsel mengamankan 6 (sebelumnya disebut 8) anggota Satresnarkoba
Polrestabes Makassar. keenamnya ditahan buntut tewasnya Arfandi.

""(6 polisi narkoba) sementara diamankan di Propam,"" ujar Kabid Humas Polda
Sulsel Kombes Komang Suartana kepada , Rabu (18/5).

Selain diamankan, ponsel milik enam polisi narkoba tersebut disita Propam.
Suartana juga memastikan tak akan ada lagi penambahan polisi yang diperiksa
dalam kasus ini.

""Sementara handphone-handphone mereka dicek sama Pak Kabid Propam. enggak ada
(yang akan diperiksa),"" jelasnya.

## Keluarga Minta Autopsi, Makam Arfandi Dibongkar

Keluarga meyakini Arfandi tewas dibunuh. Ayah Arfandi, Mukram lantas meminta
jenazah putranya itu diautopsi.

""Rencananya begitu (mengajukan permintaan autopsi). Ini saya tunggu pengacara
saya, saya sementara ajukan otopsi di Polda Sulsel,"" kata ayah kandung
Arfandi, Mukram kepada , Selasa (17/5).

Polisi kemudian memenuhi permintaan autopsi oleh pihak keluarga. Makam Arfandi
dibongkar pada Kamis (19/5).

""Iya dibongkar,"" ujar Kombes Suartana saat dimintai konfirmasi, Jumat (20/5)
siang.

Makam Arfandi yang dibongkar berada di Pemakaman Arab, Kecamatan Bontoala,
Kota Makassar. Suartana menyebut jenazah langsung dibawa ke Biddokkes Polda
Sulsel.

Suartana saat itu mengatakan autopsi akan membuktikan apakah benar korban
mengalami kekerasan hingga meninggal atau tidak.

""Kan dari pihak keluarga korban tau tersangka itu awalnya tidak ingin
diautopsi. Tapi (belakangan mau) diautopsi karena mereka ingin tahu apakah
benar ada tindak kekerasan yang dilakukan oleh anggota,"" ujar Suartana.

  
  
  
[Gambas:Video 20detik]  

 ",www.detik.com
Pria Ancam Patahkan Leher Walkot Bobby Dilaporkan ke Polisi,"Minggu, 24 Apr 2022 14:09 WIB","\-

Pria yang ancam patahkan leher Wali Kota Medan Bobby Nasution resmi dilaporkan
ke polisi. Laporan itu teregistrasi di Polsek Medan Kota.

""Saya tadi malam mendampingi jukir itu langsung membuat pengaduan ke
kepolisian, ke Polsek Medan Kota"" ujar Kepala Dinas Perhubungan Medan, Iswar
Lubis dikonfirmasi , Minggu (24/4/2022).

Iswar mengatakan dirinya mendukung penuh yang dilakukan oleh jukir yang
diketahui bernama Anugrah Ichsan. Sebab, sesuai aturan jukir e-parkir tidak
diperkenankan menerima uang tunai untuk pembayaran retribusi parkir.

  

""Jadi memang itu pertama ingin memberikan dukungan kepada jukir kita baik yang
di sana maupun lokasi lain, agar tetap memegang SOP, yang dilakukannya sudah
benar,"" katanya.

Kepada masyarakat Kota Medan Iswar meminta dukungan untuk mensukseskan program
e-parkir. ""Kami selaku instansi pemerintah mengimbau masyarakat, ayoklah kita
support untuk perubahan Kota Medan menjadi kota lebih baik sebagai mana visi
misi Pak Wali Kota Medan,"" tuturnya.

Sebelumnya, video aksi pria mengancam akan mematahkan leher Wali Kota Medan
Bobby Nasution itu viral di media sosial. Pria itu melakukan pengancaman
karena menolak membayar parkir secara elektronik (e-parking).

Dilihat , Sabtu (23/4/2022), dalam video terlihat pria yang melakukan
pengancaman itu sedang di dalam sebuah mobil. Terdengar dia sedang berdebat
dengan seseorang yang diduga petugas e-parking.

Pria dalam mobil itu meminta agar petugas parkir memanggil bosnya untuk
datang. Dia juga mengeluarkan kata-kata ancaman kepada petugas parkir itu.

""Kau panggil bos kau kemari,"" kata pria dalam mobil.

""Ini yang nyuruh Pak Bobby (Wali Kota Medan),"" jawab tukang parkir.

""Kau panggil Pak Bobby itu kemari, biar kupatahkan batang leher Pak Bobby itu
sekalian. Mau kau? Atau kau aja kupatahkan batang leher kau mau,"" kata pria
dalam mobil itu.

Kabid Parkir Dishub Kota Medan Nikmal Fauzi Lubis mengatakan pihaknya sudah
mendapatkan informasi terkait hal itu. Namun hingga kini Dishub belum
mengetahui siapa pria yang melakukan pengancaman itu.

""Belum (tahu identitas pria yang mengancam mematahkan leher Bobby),"" kata
Nikmal kepada wartawan.

  
  
  
[Gambas:Video 20detik]  

 ",www.detik.com
"Eksepsi Polisi Sulsel AKBP Mustari, Bantah Perkosa ABG-Bantu Sekolah Korban","Kamis, 26 Mei  2022 12:15 WIB","\-

Perwira Polda Sulawesi Selatan (Sulsel)AKBP Mustari didakwa melakukan
pemerkosaan berkali-kali terhadap remaja putri. Terdakwa AKBP Mustari lantas
mengajukan eksepsi atau pembelaan yang membantah pemerkosaan dan mengatakan
dirinya selama ini justru membantu membayar biaya sekolah korban.

Eksepsi AKBP Mustari dibacakan di Ruangan Sidang Kartika Pengadilan Negeri
(PN) Sungguminasa, Gowa, Rabu (25/5). Terdakwa menuding tuduhan pemerkosaan
yang dialamatkan kepadanya bersifat sepihak atau tak sesuai prinsip hukum.

""Itu (eksepsi) dinyatakan tidak sesuai prinsip hukum atau dengan kata lain
hanya berdasarkan yang bersifat berdiri sendiri, atau bersifat kata-kata
omongan dari saksi (korban) sendiri,"" ujar jaksa penuntut umum (JPU) Andi
Ichlazul Amal menjelaskan eksepsi terdakwa, Kamis (26/5/2022).

  

Terdakwa Mustari disebut menegaskan ancaman dan pemerkosaan itu hanyalah
omongan korban saja. Sementara terkait visum, AKBP Mustari juga membantah
bahwa luka itu akibat perbuatannya melainkan luka itu sudah lama.

""Ada visum yang dia bantah itu karena di hasil visum kan ada luka bekas robek
yang lama. Jadi dia berusaha mengaburkan bahwa eksepsi bahwa apakah si Mustari
ini yang melakukan persetubuhan. Sehingga ada visum luka robek, artinya luka
lama,"" jelasnya.

Kemudian dalam eksepsi selanjutnya, Mustari mengaku awalnya ia menolak korban
untuk bekerja di rumahnya sebagai asisten rumah tangga. Alasannya karena
korban masih di bawah umur.

""Akhirnya dia jelaskan bahwa awalnya si terdakwa menolak anak itu bekerja di
situ. Dikarenakan masih anak-anak,"" ungkapnya.

Namun karena merasa iba, Mustari pun memperkerjakan korban dan akan dibantu
dibayarkan uang sekolahnya. Akan tetapi, korban hanya diperintahkan untuk
membersihkan di area luar rumah AKBP Mustari saja di Kecamatan Barombong,
Kabupaten Gowa.

""Tetapi tetap (dipekerjakan) tapi dibantu untuk bayar uang sekolahnya dan anak
itu tidak pernah masuk di dalam rumahnya (terdakwa AKBP Mustari),"" terangnya.

Selain itu, Mustari juga tidak mengikat jam kerja korban selama bekerja
sebagai asisten rumah tangga di rumahnya. Bila selesai waktu sekolah, korban
dibolehkan datang ke rumah Mustari untuk bekerja.

""Dia (AKBP Mustari) bilang datang saja kapan ada waktumu. Datang saja ke rumah
kalau ada waktu mu, kamu datang. Tetap saya biayai sekolahmu Rp 350 ribu per
bulan. Dia katanya hanya membersihkan di pekarangan rumah. Tidak masuk ke
rumah,"" jelasnya.

""Intinya membantah. Pekan depan Tanggapan dari JPU atas eksepsi dari
terdakwa,"" tandasnya.

## AKBP Mustari Didakwa Melakukan Pemerkosaan Berkali-kali

Pada sidang sebelumnya dengan agenda dakwaan, Rabu (18/5) lalu, AKBP Mustari
didakwa jaksa penuntut umum (JPU) memperkosa gadis ABG berkali-kali. Jaksa
meyakini AKBP Mustari melanggar Pasal 81 Ayat 1 dan Ayat 2 UU 17 tentang
Perlindungan Anak.

Asrul menjelaskan pemerkosaan yang dilakukan AKBP Mustari terjadi lebih dari
satu kali alias berkali-kali. Dalam dakwaan jaksa perbuatan AKBP mustari dapat
dikatakan sebagai perbuatan berlanjut.

""Pemerkosaannya beberapa kali, makanya ada Juncto di Pasal 65 dan 64 (KUHP)
perbuatannya berlanjut beberapa perbuatan,"" kata Asrul.

  
  
  
[Gambas:Video 20detik]  

 ",www.detik.com
"Kasihan Kali, Motor Kawan Babe Cabita Hilang di Medan","Senin, 13 Jun 2022 19:53 WIB","\-

Komika asal Medan Babe Cabita membuat laporan ke Polsek Medan Baru terkait
hilangnya sepeda motor milik temannya di Cafe Sempatin, Jalan Mangonsidi,
Kecamatan Medan Polonia, Kota Medan Sumatera Utara.

Babe menjelaskan kejadiannya Minggu (12/6/2022) sekitar pukul 20.00 WIB. Saat
itu kawannya datang ke Cafe Sempatin menggunakan sepeda motor jenis Beat BK
5417 RAL.

""Jadi kawan aku itu datang setelah memberi rokok. Sampai ke sini dia
memarkirkan sepeda motor tapi lupa mencabut kuncinya. Lalu, kami makan bareng
sekitar 30 menitan. Baru kawan aku sadar kuncinya tidak ada dipegang,"" kata
Babe saat diwawancara, Senin (13/6/2022).

  

""Setelah dicek keluar motornya sudah hilang. Saat dilihat CCTV rupanya ada
orang yang ambil. Tapi ada keanehan. Karena dari CCTV depan kelihatan orang
datang dan langsung menargetkan sepeda motor kawanku,"" tambahnya.

Sementara, lanjutnya, CCTV yang mengarah ke jalan menunjukkan pencuri tersebut
tidak naik motor melainkan jalan kaki dari jauh. Demikian, ia menilai seolah -
olah ada kawan dari pencuri yang berada di sekitar lokasi untuk memberikan
informasi.

""Makanya pencuri jalan dari jauh terus tiba - tiba langsung tahu ada sepeda
motor yang kuncinya lengket. Memang saat itu tukang parkir kami pas tidak di
lokasi,"" ujarnya.

Di lain pihak Kapolsek Medan Baru, Kompol Ginanjar Fitriadi membenarkan bahwa
pihak Babe Cabita telah membuat laporan.

""Ia laporannya Babe sudah kami terima. Saat ini kami sedang proses
penyelidikan terkait kasus tersebut,"" tutupnya.

  
  
  
[Gambas:Video 20detik]  

 ",www.detik.com
"Modus Tanya Alamat, Pria di Maros Perkosa Pelajar di Kebun Ubi","Senin, 28 Mar 2022 16:44 WIB","\-

Seorang pria berinisial AN (30) ditangkap polisi atas kasus pemerkosaan siswi
SMP di Kabupaten Maros, Sulawesi Selatan (Sulsel). Pelaku memperkosa korban di
kebun ubi setelah berpura-pura bertanya alamat kepada korban.

""Iya, pelaku sudah ditangkap,"" ujar Kasat Reskrim Polres Maros AKP Haris
Sumarsono saat dimintai konfirmasi , Senin (28/3/2022).

Haris mengatakan, pemerkosaan terjadi pada Januari 2022. Namun pelaku baru
tertangkap tiga bulan kemudian, yakni pada Minggu (20/3).

  

""Jadi ini korban kan janjian sama temannya kasi kembali buku. Tapi dia lewat
pematang kebun ubi dan sementara menunggu datang temannya datang pelaku,""
tutur Haris.

Awalnya pelaku hanya bertanya alamat kepada korban. Namun tanpa diduga pelaku
menyeret korban ke dalam kebun ubi dan memperkosanya.

""Awalnya dia tanya alamat. Sementara bicara tiba-tiba langsung dicekik
korbannya sampai nggak sadar. Begitu sadar korban sudah tidak pakai celana,""
kata Haris.

Menurut Haris, pelaku masih di lokasi saat korban tersadar. Pelaku mengancam
korban jika melaporkan kejadian pemerkosaan.

""Kemudian pelaku mencuri handphone korban lalu pergi,"" katanya.

  
  
  
[Gambas:Video 20detik]  

 ",www.detik.com
Pelaku Berdalih Gorok Pria di Bekasi untuk Keluarkan Ilmu Kanuragan Korban,"Jumat, 20 Mei  2022 16:57 WIB","\-

Polisi mengungkap kasus pembunuhan pria bernama Darsan di Cibitung, Kabupaten
Bekasi. Kepada polisi, pelaku mengaku menggorok korban atas permintaan korban
untuk mengeluarkan ilmu kanuragan yang ada di tubuhnya.

""Menurut pengakuan daripada tersangka bahwa pembunuhan itu atas permintaan
korban untuk mengeluarkan ilmu kanuragan yang ada di dalam diri korban. Itu
pengakuannya,"" ujar Kabid Humas Polda Metro Jaya Kombes Zulpan kepada wartawan
di Polda Metro Jaya, Jakarta, Jumat (20/5/2022).

Dalam kasus pembunuhan ini, polisi menyita barang bukti berupa golok dan
bolpoin berbentuk keris. Berdasarkan pengakuan tersangka, bolpoin itu
dipersiapkan untuk menampung darah korban sebagai ritual dalam upaya
mengeluarkan ilmu kanuragan tersebut.

""Terkait (dalih) ilmu kanuragan ini, memang di dalam barang bukti ini ada
bolpoin berbentuk keris. Ini berdasarkan pemeriksaan awal yang kita dapatkan
dari pemeriksaan Tersangka bahwa sedianya, setelah melakukan pembunuhan, darah
itu dimasukkan ke dalam bolpoin itu,"" ujar Zulpan.

Menurut pengakuan tersangka, dengan cara begitu, ia bisa 'menghidupkan
kembali' korban. Tetapi polisi tidak begitu saja mempercayainya.

""Itu pengakuannya, nanti katanya orangnya hidup lagi, tapi tidak dilakukannya.
Itu pengakuannya ya, tapi kan tentunya tidak mempercayai hal itu. Mana ada
orang bisa hidup lagi,"" kata Zulpan.

Polisi juga tidak mempercayai pengakuan tersangka yang berdalih membunuh
korban 'atas permintaan korban' ini. Polisi masih akan mendalami motif
tersangka membunuh korban.

""Itu pengakuan tersangka. Tentunya penyidik tidak bisa mempercayai pengakuan
tersangka 100 persen tanpa didukung bukti lain. Kemudian (ada pertanyaan),
apakah korban bisa dijerat pidana, tentu kalau korban sudah meninggal tidak
bisa dipidana,"" tuturnya.

Pelaku ditangkap tim gabungan Subdit Jatanras Ditreskrimum Polda Metro Jaya
dan Satreskrim Polres Metro Bekasi yang dipimpin oleh AKBP Awaludin Amin dan
AKBP Aris Timang. Pelaku ditangkap berikut barang buktinya di Jatiasih, Kota
Bekasi, Rabu (18/5) dini hari.

Mayat Darsan ditemukan pada Selasa (17/5) pukul 19.00 WIB. Polisi telah
melakukan olah tempat kejadian perkara (TKP) di lokasi kejadian dan menemukan
adanya luka terbuka di bagian leher pria bertato itu.

 ",www.detik.com
4 Fakta Begal Sasar Bumil di Bekasi Ternyata Dipimpin Remaja,"Sabtu, 12 Mar 2022 08:40 WIB","\-

Begal sadis yang menyasar ibu hamil di Mustika Jaya, Bekasi, akhirnya
terungkap. Pelaku berjumlah enam orang, rata-rata berusia belasan tahun, dan
kini telah ditangkap polisi.

Aksi begal perampas motor milik FR alias S (31) ini terjadi pada Selasa (8/3)
sekitar pukul 05.00 WIB. S dibegal saat hendak berangkat bekerja.

S diketahui sedang hamil 4 bulan. Dia sempat terjatuh dari motor karena
didorong para pelaku.

  
Berikut fakta aksi begal yang kami rangkum:

## 1) Diketuai Seorang Remaja

Kabid Humas Polda Metro Jaya Kombes Endra Zulpan mengatakan ada enam pelaku
yang ditangkap. Komplotan ini diketuai oleh remaja RAF alias R (16).

""RAF orang yang mengajak para pelaku untuk melakukan pencurian. Dia inisiator
sekaligus mendorong korban hingga terjatuh dan menodongkan senjata tajam jenis
celurit kepada korban,"" kata Kabid Humas Polda Metro Jaya Kombes E Zulpan
kepada wartawan, Jumat (11/3/2022).

## 2) Peran Para Tersangka

Komplotan ini diketuai oleh remaja RAF (15). Sebagai inisiator, RAF jugalah
yang mendorong korban.

""RAF orang yang mengajak para pelaku melakukan pencurian. Dia inisiator
sekaligus mendorong korban hingga terjatuh dan menodongkan senjata tajam jenis
celurit kepada korban,"" kata Zulpan.

Berikut peran keenam tersangka:

  1. MP alias M (20) berperan mengambil motor korban dan menodongkan senjata tajam jenis golok ke korban.
  2. IZ (20) berperan menodongkan golok ke korban
  3. MAH alias A (15) berperan mengendarai motor Honda Beat dan memboncengkan tersangka MP
  4. RAF (15) berperan sebagai inisiator, mendorong korban hingga jatuh, dan menodongkan celurit. Tersangka RAF diboncengkan tersangka AS (17)
  5. AS (17) berperan mengendarai motor Honda Beat berboncengan dengan tersangka RAF
  6. MD (16) berperan mengendarai motor Honda Beat dan berboncengan dengan tersangka IZ.

  

[Gambas:Video 20detik]

  
  

Selanjutnya __

Halaman

1  2

 ",www.detik.com
"Baru Diisi 800 Juta, ATM di Minimarket Sleman Dibobol Maling","Kamis, 21 Apr 2022 14:33 WIB","\-

Mesin ATM di dalam minimarket Jalan Godean KM 4, Banyuraden, Gamping, Sleman,
DIY, dibobol maling, Kamis (21/4) dini hari. Selain menguras uang dari mesin
ATM, maling yang diperkirakan lebih dari satu orang itu juga menggondol
sejumlah barang.

Kanit Reskrim Polsek Gamping AKP Fendi Timur mengatakan, pencurian ini
diketahui pertama kali oleh karyawan saat hendak membuka minimarket sekitar
pukul 07.30 WIB. Diduga, tindak pencurian berlangsung pada pukul 03.00 WIB.

""Tadi jam 3 dini hari itu kita dapat informasi masyarakat, ada TKP pencurian.
Kami datang ke TKP dan memang ditemukan barang-barang ini, yang sudah bukan di
tempatnya dan tidak seperti posisinya,"" kata Fendi saat dihubungi wartawan,
Kamis (21/4/2022).

Dijelaskan Fendi, di dalam minimarket itu terdapat empat mesin ATM. Salah satu
mesin ATM itu sudah dalam keadaan terbuka. Fendi menyebut ATM itu baru saja
diisi uang tunai pada hari sebelumnya. Total uang tunai sekitar Rp 800 juta.

""Di lihat dari 4 boks (mesin) ATM yang ada itu, salah satunya sudah terbuka.
Jadi pada tanggal 20 April jam 11.56 WIB memang diisi dari vendor pengisian
ATM itu Rp 800 juta. Tapi sudah diambil berapa ya belum tahu,"" jelas Fendi.

Selain menguras uang di mesin ATM, maling juga menggondol beberapa barang
dagangan di minimarket itu. ""Ada seperti rokok, kayak barang-barang lain itu.
Tapi belum semuanya didata, jadi jumlahnya belum bisa dipastikan,"" ucap Fendi.

Dari hasil olah TKP sementara, diketahui maling itu masuk minimarket dengan
cara menjebol plafon. ""(Masuk) lewat atas. Pastinya (pelaku) lebih dari satu.
Ini masih olah TKP,"" pungkasnya.

  
  
  
[Gambas:Video 20detik]  

 ",www.detik.com
Pria dalam Karung Korban Pembunuhan di Tangerang Seorang Pedagang,"Rabu, 01 Jun 2022 18:21 WIB","\-

Kasus pembunuhan pria inisial S yang jasadnya ditemukan dalam karung di bekas
galian pasir di Legok, Tangerang, telah terungkap. Korban diketahui merupakan
seorang pedagang.

""(Korban) pedagang biasa,"" kata Kapolres Tangerang Selatan AKBP Sarly Sollu
saat dihubungi, Rabu (1/6/2022).

Jasad korban awalnya ditemukan warga pada Selasa (31/5). Korban ditemukan
dengan kondisi tanpa busana.

Polisi lalu melakukan penyelidikan. Kurang dari 24 jam pelaku berhasil
ditangkap.

""Pelaku sudah diamankan,"" kata Sarly.

Sarly mengatakan ada dua pelaku yang ditangkap. Kedua pelaku masing-masing
berinisial YM dan T alias N ditangkap hari ini sekitar pukul 10.00 WIB.

Pelaku ditangkap tim gabungan Polres Tangsel dan Polda Metro Jaya yang
dipimpin Kasubdit Resmob Ditreskrimum Polda Metro Jaya AKBP Handik Zusen,
Kasubdit Jatanras Ditreskrimum Polda Metro Jaya AKBP Awalaudin Amin, Kanit 2
Resmob Kompol Maulana Mukarom, Kanit 2 Jatanras Kompol Abd Rohim, Kanit 5
Jatanras Kompol Rensa, Kanit 3 Resmob Kompol Widi Irawan dan Kasat Reskrim
Polres Tangsel AKP Aldo Primananda Putra, serta Katimsus 2 Resmob Ipda Adin
Rifai.

Sarly mengatakan motif pembunuhan itu dipicu pelaku yang ingin mengambil mobil
dari korban. Polisi kini tengah menyelidiki kronologis pelaku dalam menghabisi
nyawa korban.

""Masih didalami penyidik,"" katanya.

Polisi sebelumnya mengungkap identitas dari korban. Pria inisial S itu
diketahui bertempat tinggal di Kelurahan Bojong Nangka, Kecamatan Kelapa Dua,
Kabupaten Tangerang.

Mayat pria dalam karung ini sempat mengggerkan warga Legok, Tangerang, pada
Selasa (31/5). Korban ditemukan dalam keadaan tanpa busana.

Korban ditemukan dalam kondisi kepala tertutup plastik dan mulutnya dilakban.
Tangan dan kakinya diikat pemberat dari barbel.

[Gambas:Video 20detik]

  
  

 ",www.detik.com
"Sekap Pegawai, Perampok Dikepung di Jaksel Pura-pura Hendak Gadai Laptop","Selasa, 14 Des 2021 14:38 WIB","\-

Pria berinisial D (22) ditangkap polisi setelah sempat dikepung warga usai
melakukan perampokan di gerai 'Indo Gadai' di Jagakarsa, Jakarta Selatan.
Pelaku merampok setelah berpura-pura hendak menggadaikan laptop.

""Dia pura-pura akan menggadaikan laptop dan HP miliknya di pegadaian
tersebut,"" ujar Kabid Humas Polda Metro Jaya Kombes E Zulpan saat konferensi
pers di Polres Metro Jaksel, Selasa (14/12/2021).

Zulpan menyebut tersangka melakukan penodongan terhadap salah satu pegawai,
UKH, saat pegawai lainnya menutup toko. Ia lalu memaksa korban membuka brankas
berisi uang.

""Pada saat dua karyawan yang lain akan menutup toko, pada saat itu posisinya
di dalam akan menutup toko. Kemudian tersangka menodongkan _airsoft gun_ dan
memerintahkan UKH untuk membuka brankas yang ada di situ,"" terang Zulpan.

###  
Merusak Server CCTV

Pelaku juga berusaha menghilangkan jejaknya setelah berhasil menggasak uang
puluhan juta rupiah. Dia merusak server CCTV di toko gadai tersebut.

""Kemudian setelah itu tersangka juga merusak server dan mengambil server CCTV
serta memasukannya ke dalam tas hitam. Nah kemudian setelah kejadian tersebut,
tersangka ini berniat meninggalkan gadai,"" jelasnya.

Saat pelaku bersiap melarikan diri, rupanya kejadian ini telah diketahui
warga. Warga kemudian ramai-ramai mengepungnya.

""Masyarakat pada saat tersangka akan keluar ini disaksikan oleh banyak
masyarakat. Nah pada saat bersamaan ada dua anggota Polsek dari Polsek
Jagakarsa yang melintas kebetulan berpatroli melihat ada keramaian di Indo
Gadai tersebut dan melihat tersangka mengancam orang-orang di sekitarnya,""
papar Zulpan.

Polisi tersebut kemudian menggagalkan aksi pelaku. Polisi sempat melepaskan
tembakan peringatan karena pelaku saat itu membawa pistol yang belakangan
diketahui adalah pistol mainan.

D pun gagal melarikan diri. Dia sempat menjadi sasaran amukan massa. Atas
perbuatannya itu tersangka dikenakan tindak pidana pasal 365 KUHP ayat (2)
dengan kurungan penjara maksimal 12 tahun.

[Gambas:Video 20detik]

 ",www.detik.com
"Perumahan di Makassar Diserang Pencuri HP, 1 Warga Dibacok-Paha Nyaris Putus","Selasa, 26 Apr 2022 16:43 WIB","\-

Perumahan di Jalan Toddopuli, Kota Makassar, Sulawesi Selatan (Sulsel)
diserang pencuri handphone (HP) berinisial B bersama sejumlah rekannya. Satu
remaja warga perumahan bernama Reski Mubarak dibacok pelaku hingga paha
kirinya nyaris putus.

""Korban luka tebas pada bagian kaki atau pada bagian paha sebelah kiri (nyaris
putus) dan betis sebelah kanan yang dilakukan oleh pelaku,"" kata Kapolsek
Manggala Kompol Supriadi Idrus saat dimintai konfirmasi , Selasa (26/4/2022).

Supriadi mengatakan, pihaknya mengantongi identitas salah satu pelaku B
tersebut berdasarkan keterangan warga perumahan. Dia mengatakan B sebelumnya
sempat dicegat warga perumahan karena melakukan pencurian handphone.

  

""(Pelaku B sebelumnya) datangi orang yang sementara main Joker lalu diburu
oleh warga di situ karena ambil ponsel lalu kabur. Begitu diburu, ada (warga
sekitar) yang tahan motornya,"" tutur Supriadi.

kemudian pada malam berikutnya, Minggu (24/4), pelaku B mengajak rekan-
rekannya kembali mendatangi perumahan warga untuk melakukan penyerangan. B
diduga dendam karena sepeda motornya ditahan warga.

""Nah datang lagi (besoknya). Yang datang menyerang itu salah satunya dikenal
oleh orang yang ada di situ (dalam kompleks),"" katanya.

Singkat cerita, aksi pembacokan itu membuat korban bernama Reski yang ada di
lokasi mengalami luka tebas di kaki sebelah kirinya. Korban dibacok saat
bermain kartu bersama sejumlah rekannya.

""Pelaku berteman datang ke TKP dengan menggunakan beberapa unit sepeda motor,
kemudian para pelaku menyerang korban dengan saksi yang saat itu sedang
bermain Joker,"" jelasnya.

Korban pun melaporkan ini ke Polsek Manggala. Kemudian polisi melakukan
penyelidikan dan masih mengejar pelaku.

  
  
  
[Gambas:Video 20detik]  

 ",www.detik.com
Kapolda Metro-Pangdam Jaya Beri Award 2 Prajurit TNI yang Gagalkan Begal,"Selasa, 17 Mei  2022 14:13 WIB","\-

Kapolda Metro Jaya Irjen Fadil Imran dan Pangdam Jaya Mayjen TNI Untung
Budiharto memberikan penghargaan kepada 2 prajurit TNI Yonarhanud 10/ABC,
Prada Ardian Sapta dan Prada Junior Noval. Penghargaan diberikan karena 2
prajurit TNI ini berhasil menangkap begal di Kebayoran Baru, Jakarta Selatan.

""Ucapan terima kasih dan apresiasi setinggi-tingginya kepada 2 prajurit TNI
karena telah membantu Kepolisian dalam memberantas kejahatan serta turut
menjaga keamanan dan ketertiban masyarakat di wilayah hukum Polda Metro Jaya,""
kata Irjen Fadil dalam keterangannya, Selasa (17/5/2022).

Dia mengatakan aksi Prada Ardian dan Prada Junior merupakan bukti nyata
kolaborasi Polri dan Kodam Jaya. Penghargaan itu berlangsung di Aula
Soedirman, Markas Komando Daerah Militer Jaya/Jayakarta (Makodam
Jaya/Jayakarta).

""Dalam satu tahun setengah menjadi Kapolda Saya merasakan betul kolaborasi
lahir batin antara Polda Metro Jaya dengan Kodam Jaya terjalin begitu kuat,
terjalin lebih erat nyata di lapangan, ini adalah sesuatu yang tidak hanya
luar biasa tapi juga akan dicatat oleh sejarah bahwa TNI Polri, khususnya
Polda Metro Jaya bersama Kodam Jaya, begitu konsisten menjaga keamanan,""
tuturnya.

Selain itu, Irjen Fadil menyampaikan terima kasih kepada jajaran Polda Metro
Jaya dan Kodam Jaya. Apresiasi itu diberikan atas dedikasi seluruh anggota
dalam pengamanan selama bulan Ramadan.

""Saya juga mengucapkan terima kasih kepada seluruh jajaran baik Polda Metro
Jaya maupun Kodam Jaya atas dedikasi dan pengabdian selama ini khususnya dalam
tahapan pengamanan bulan suci Ramadan kemarin,"" ujarnya.

Dia mengatakan tidak ditemukan aksi kriminalitas yang menonjol di wilayah
Jakarta. Dia menyebut pengamanan aksi unjuk rasa yang sempat terjadi dapat
ditangani dengan baik oleh Polri dan Pangdam Jaya.

""Alhamdulillah di Jakarta sangat kondusif tidak ada tawuran tidak ada kejadian
menonjol, pengamanan aksi unjuk rasa berhasil dilalui dengan baik, hal
tersebut dapat terwujud karena saya dan Pangdam Jaya sudah berkomitmen satu
dalam jiwa,"" pungkasnya.

 _Baca di halaman selanjutnya: aksi prajurit TNI tangkap begal._

Selanjutnya __

Halaman

1  2

 ",www.detik.com
Apes! Begal di Sukabumi Babak Belur Dikeroyok Korbannya,"Kamis, 03 Sep 2020 21:54 WIB","\-

Nasib apes dialami pelaku pembegalan inisial I di Kampung Babakan Jampang RT
04 RW 02 Kelurahan Cisarua Kecamatan Cikole, Kota Sukabumi. Bukannya mendapat
hasil buruan, pelaku malah terkapar babak belur dihajar korbannya.

Peristiwa itu bermula saat korban seorang pria inisial Ra (24) melintasi
lokasi kejadian menggunakan motor bersama teman-temannya Kamis (3/9/2020)
siang. Pelaku tiba-tiba mencegat korban dengan membawa batang bambu dan golok.

""Pada saat itu ada yang mencegat korban dengan menggunakan batangan pohon dan
menyuruh korban dan teman-temannya turun dari motor. Pelaku saat itu
mengeluarkan golok dan membacok korban,"" kata Kapolres Sukabumi Kota AKBP
Sumarni kepada .

Tidak tinggal diam, korban Ra melawan dengan menangkis setiap serangan golok
pelaku. Namun upaya perlawanan itu sempat sia-sia sehingga korban menderita
luka di tangan dan pipi sebelah kiri. Melihat kawannya terluka, teman-teman
korban kemudian melawan dan melumpuhkan pelaku.

""Teman korban pun membantu melawan dan akhirnya pelaku kalah. Dengan adanya
kejadian tersebut korban mengalami luka memar pada bagian pipi sebelah kiri
dan bibir , selanjutnya korban melaporkan kejadian tersebut kepada pihak
Kepolisian guna pengusutan lebih lanjut,"" kata Sumarni.

Selain mengamankan pelaku, polisi juga mengamankan bambu sepanjang 2 meter dan
sebilah golok yang dipakai pelaku untuk melumpuhkan korbannya.

 ",www.detik.com
Penampakan Tersangka Pemerkosa Anak Tetangga hingga Hamil di Bekasi,"Selasa, 19 Apr 2022 16:00 WIB","\-

Pria berinisial SRB alias S (47) ditangkap setelah dilaporkan memperkosa anak
tetangga berusia 14 tahun hingga hamil di Cibitung, Bekasi. S kini telah
ditetapkan sebagai tersangka.

S dihadirkan dalam konferensi pers di Mapolres Metro Bekasi, Selasa
(19/4/2022). S terlihat memakai baju tahanan warna oranye dan wajahnya ditutup
sebo.

Kapolres Metro Bekasi Kota Kombes Gidion Arif mengatakan pihaknya menetapkan S
sebagai tersangka dan menahannya di kasus pemerkosaan ini.

""Kami menetapkan seorang tersangka, melakukan penyidikan, serta melakukan
penahanan atas Tersangka untuk proses penyidikan lebih lanjut, yaitu satu
tersangka bernama SBR,"" ujar Gidion dalam jumpa pers, Selasa (19/4/2022).

Gidion mengatakan tersangka S memperkosa korban sejak Januari 2021. Korban
kini hamil dengan usia kandungan 5 bulan lebih.

""Berkaitan dengan perkara persetubuhan dengan anak di bawah umur yang
sesungguhnya sudah terjadi di sekitar bulan Januari 2021 sampai dengan
Desember 2021,"" sambungnya.

Sebelumnya, polisi menangkap pria inisial S, pelaku pemerkosaan anak usia 14
tahun hingga hamil di Cibitung, Kabupaten Bekasi, Jawa Barat. S ditangkap di
rumahnya setelah hampir 4 bulan berkeliaran bebas.

Gidion mengatakan pelaku akhirnya mengakui perbuatannya. Selain itu, kata
Gidion, polisi kini memiliki alat bukti lain sehingga memiliki dasar yang kuat
untuk menangkap pelaku.

""Kita menemukan kesaksian yang terbuktilah, yang tidak bisa mengelak, kemudian
dia mengaku, setelah ditangkap. Bukan ngaku dulu baru ditangkap,"" ucapnya.

[Gambas:Video 20detik]

 _Baca di halaman selanjutnya: korban hamil._

Selanjutnya __

Halaman

1  2

 ",www.detik.com
Hanya Butuh 4 Menit Maling Ini Curi Motor di Dalam Rumah Warga Probolinggo,"Sabtu, 12 Mar 2022 03:05 WIB","\-

Komplotan pencurian motor (curanmor) kembali beraksi di Probolinggo dan
terekam kamera CCTV. Kali ini, mereka terekam di Perumahan Griya Kencana, di
Jalan Kalirejo, Kecamatan Dringu.

Dari rekaman CCTV, komplotan curanmor itu tampak datang dengan berboncengan
dengan sebuah motor. Tak lama mereka langsung turun di depan salah satu rumah.

Memanfaatkan kondisi yang sepi, pelaku langsung masuk ke rumah dengan membuka
pagar. Para pelaku hanya membutuhkan waktu 4 menit dan langsung membawa motor
dari dalam rumah.

Motor yang dicuri adalah Honda BeAT. Motor dengan nopol N 6880 MU ini
diketahui merupakan milik Pasutri Kristianto Suryo Wisudo (55) dan Wijayati
Ramah Sri Susanti (54) warga Perumahan Griya Kencana Blok G-9.

Wijayanti, pemilik motor mengatakan pencurian itu terjadi pada Rabu (9/3)
siang. Saat itu memang dirinya tengah beristirahat dan motor dalam keadaan
terkunci ganda. Namun para pencuri rupanya berhasil menjebol kunci dan
membawanya kabur.

Mengetahui motornya dicuri, Wijayati kemudian berinisiatif melaporkan ke
polisi. Ia berharap mereka segera tertangkap. Sebab kejadian ini kerap terjadi
di lingkungannya.

""Motor dikunci, cuma pagar tidak di kunci, pelakunya 3 orang, di sini sering
terjadi kejahatan, dan berharap pelaku segera ditangkap oleh polisi, biar
warga bisa hidup tenang,"" ujar Wijayanti, Jumat (11/3/2022).

Kasi Humas Polres Probolinggo, Bripka Muhtar membenarkan kompolotan curanmor
telah beraksi Perumahan Griya Kencana. Pihaknya juga telah menerima laporan.

Saat ini, lanut Muhtar, Satreskrim Polres Probolinggo dan Polsek Dringu telah
membentuk tim untuk memburu komplotan tersebut. Ia juga menyebut petugas juga
tElah datang ke lokasi olah TKP serta memeriksa saksi-saksi termasuk memeriksa
rekaman CCTV.

""Petugas kepolisian dari Polsek Dringu, sudah melakukan olah TKP dan memeriksa
saksi - saksi di lokasi kejadian,"" terang Mukhtar""

""Satreskrim Polsek Dringu bekerjasama dengan Satreskrim Polres Probolinggo
sudah bentuk tim khusus untuk mengejar komplotan pelaku curanmor itu,"" tandas
Muhtar.

  
  
  
[Gambas:Video 20detik]  

 ",www.detik.com
Polisi Tangkap Begal Sadis yang Bacok Kepala Korban di Depok,"Kamis, 02 Jun 2022 17:16 WIB","\-

Tim Subdit Resmob Ditreskrimum Polda Metro Jaya menangkap dua begal di Tajur
Alam, Depok. Pelaku menggasak _handphone_ dan sepeda motor korban.

Kabid Humas Polda Metro Jaya Kombes E Zulpan mengatakan peristiwa itu terjadi
pada Selasa (31/5). Pelaku yang berjumlah dua orang ini memepet kendaraan
pelaku hingga melakukan pembegalan.

""Tersangka yang kita amankan ini inisial MI sebagai eksekutor dan RR selaku
joki dan A berperan sebagai perantara penjual hasil curian,"" kata Zulpan di
Mapolda Metro Jaya, Jakarta, Kamis (2/6/2022).

Para pelaku diketahui merupakan komplotan yang kerap beraksi di daerah Depok.
Zulpan mengatakan korban terakhir pelaku bahkan sempat dibacok di bagian
kepala. Beruntung korban saat itu mengenakan helm.

""Ini helm korban, bagian depannya sempat diserang pelaku. Ada bekas luka
bacokan,"" jelas Zulpan.

Dua pelaku selaku eksekutor dan joki ini memang selalu beraksi dengan berbekal
senjata tajam. Keduanya tidak segan melukai korban jika korban melakukan
perlawanan.

""Modus yang digunakan pelaku berkeliling gunakan motor mencari korban.
Selanjutnya, apabila lihat korban, langsung dipepet dan diambil barang korban.
Apabila ada perlawanan, para pelaku tidak segan melakukan kekerasan,"" katanya.

Polisi kemudian melakukan penyelidikan terkait peristiwa begal di Depok
tersebut. Pelaku lalu ditangkap pada Selasa (31/5) malam di daerah Bogor.

Para pelaku kini telah ditetapkan sebagai tersangka. Mereka dijerat dengan
Pasal 365 KUHP tentang perampokan.

[Gambas:Video 20detik]

 ",www.detik.com
Wanita Asal Jepang Jadi Korban Pencurian Disertai Kekerasan di Jakbar,"Senin, 13 Jun 2022 23:49 WIB","\-

Seorang perempuan asal Jepang menjadi korban kejahatan di Tambora, Jakarta
Barat. Polisi mengungkapkan korban mengalami luka akibat kejadian itu.

Kapolsek Tambora Kompol Rosana Albertina Labobar membenarkan adanya WN Jepang
yang menjadi korban kejahatan. Dia mengatakan pihaknya akan menggelar jumpa
pers terkait kejadian tersebut.

""Iya ada (WN Jepang korban pencurian dengan kekerasan), nanti kita rilis ya,""
kata Rosana saat dihubungi , Senin (13/6/2022).

Polwan yang akrab disapa Ocha ini mengatakan korban menderita luka, namun
tidak serius. Kerugian korban yang dilaporkan adalah sebuah ponsel.

""Ada luka, dia luka tapi nggak papa, artinya nggak dirawat. (Kerugiannya) HP,""
katanya.

Sementara itu, Kasie Humas Polres Metro Jakarta Barat Kompol Taufik Ikhsan
mengatakan korban adalah pekerja proyek MRT. Korban mengalami tindakan
pencurian dengan kekerasan dari pelaku.

""Kasus 365 (Pasal pencurian dengan kekerasan), korban perempuan WNA Jepang
karyawati proyek MRT,"" kata Taufik.

Taufik tidak menjelaskan lebih lanjut soal kasus ini. Ia hanya mengatakan
pencurian dengan kekerasan yang dialami WN Jepang ini terjadi pada Senin
(13/6) dini hari.

Peristiwa itu terjadi sekitar pukul 03.00 WIB. Korban merupakan WNA Jepang,
berprofesi sebagai karyawati proyek MRT.

""Besok dirilis,"" imbuh Taufik.

 ",www.detik.com
Penjual Kue Pasar Ini Berkomplot Curi Motor Spesialis di Area Masjid,"Rabu, 15 Jun 2022 17:55 WIB","\-

Seorang pedagang kue di pasar, inisial HS (42), ditangkap Satreskrim Polres
Boyolali. Pria ini terlibat kasus pencurian sepeda motor di belasan TKP lintas
provinsi.

""Kami berhasil menangkap pelaku pencurian sepeda motor jaringan antarprovinsi.
Karena TKP-nya ada di Bantul, Yogyakarta. Kemudian di wilayah Jawa Tengah ada
di Sukoharjo, Boyolali dan Wonogiri,"" kata Kapolres Boyolali AKBP Asep
Mauludin saat jumpa pers di Mapolres Boyolali, Rabu (15/6/2022).

HS warga Ceper, Klaten itu beraksi dengan komplotannya pria inisial S (45)
warga Piyungan, Bantul. Tersangka HS kini ditahan di Mapolres Boyolali,
sedangkan tersangka S ditahan, dan diproses hukum di Polres Sukoharjo.

""Kita dalam ungkap kasus ini juga kerja sama antarpolres,"" jelas Asep.

Kedua tersangka ditangkap di dua lokasi berbeda. HS ditangkap di Klaten dan S
di Magelang.

Dari hasil interogasi, jelas Asep, kedua tersangka mengakui telah melakukan
pencurian sepeda motor di beberapa wilayah. Di Boyolali, di tiga TKP yaitu di
wilayah Kecamatan Simo, Kecamatan Musuk dan Kecamatan Mojosongo.

""Selain di Boyolali, kedua tersangka juga melakukan pencurian sepeda motor di
wilayah Kabupaten Sukoharjo 11 TKP, di Wonogiri satu TKP dan di wilayah
Bantul, Yogyakarta 2 TKP,"" terang Asep.

Asep juga menyebutkan kedua tersangka ini merupakan pencuri motor spesialis
halaman masjid. Sebagian besar aksinya yang mencapai belasan TKP itu,
dilakukan di halaman masjid.

""Iya, dari hasil pengembangan TKP curanmor pelaku ini spesialis halaman masjid
karena sebagian besar TKP-nya ada di halaman masjid atau musala. Dengan
memanfaatkan kelengahan korban saat korban memarkir sepeda motornya kemudian
ditinggal menjalankan ibadah salat,"" katanya.

Dalam ungkap kasus ini, Polres Boyolali menyita sejumlah barang bukti. Antara
lain beberapa unit sepeda motor, kunci dan sepeda motor sebagai sarana
mencuri.

Tersangka dikenakan Pasal 363 KUHP tentang pencurian dengan pemberatan
(curat). Ancaman hukumannya maksimal 7 tahun penjara.

Tersangka HS yang dihadirkan dalam jumpa pers mengaku sehari-hari bekerja
berjualan kue di pasar wilayah Klaten. HS mengaku dalam aksinya dia sebagai
joki. Dia mengantar tersangka S ke lokasi sasaran.

""Jualan kue di pasar. Saya mengantar (S) terus saya tinggal, dia yang kerja
cari sasaran. Kalau sudah dapat, telepon saya suruh pulang,"" kata HS.

Setelah dapat, motor curian pun dijual bersama-sama. ""Sekali mengantar saya
dapat Rp 500 ribu,"" akunya.

  
  
  
[Gambas:Video 20detik]  

 ",www.detik.com
Warga Majalengka Hilang Sepeda Motor Usai Ditepuk Punggung,"Minggu, 27 Feb 2022 20:55 WIB","\-

Ricky Maulana, warga Desa/Kecamatan Kadipaten, Kabupaten Majalengka, Jawa
Barat, kehilangan sepeda motor setelah punggungnya ditepuk seorang pria yang
merupakan tetangga bloknya. Ricky diduga jadi korban aksi hipnotis.

Insiden ini awal mula dilihat detikJabar, saat salah satu akun Facebook,
ElisaNs, membagikan peristiwa tersebut ke di grup Pecinta Kuliner Majalengka.

Dalam keterangannya, korban tak hanya kehilangan sepeda motor, STNK kendaraan
juga raib digondol pelaku pada peristiwa Sabtu (26/2/2022) kemarin itu. Adapun
nasib nahas yang dialami Ricky itu, saat dirinya dalam perjalanan di daerah
Kecamatan Dawuan.

  

""Awalnya saya kan mau pulang dari Perum Sawala (Kecamatan Dawuan). Nah, gak
sengaja ketemu si pelaku, dia masih 1 desa cuma beda blok. tiba² dia teh naik
terus tepuk punggung saya terus saya sadar² teh di jatiwangi jam 09:00 itupun
gara² ibu warung menanyakan masalah uang kopi sedangkan sebelumnya ak gak
pesen kopi disitu ak kaget motor, stnk, helm saya teh gak ad saya ditinggalin
di jatiwangi,"" kata Ricky, dikutip detikJabar dari unggahan di Facebook,
Minggu (27/2/2022).

Lantaran lumayan kenal, Ricky mengaku langsung mencari tahu keberadaan pelaku.
Namun, pelaku sudah tidak ada di rumahnya.

""Dia kabur dari rumahnya bersama istri dan anak²nya sampai sekarang blm tau
lokasinya dimana, tolong bgt minta bantuannya,"" tulis dia.

Unggahan tersebut mendapat banyak tanggapan dari warganet. Banyak warganet
yang mengaku mengalami nasib sama dengan Ricky.

Dari beberapa komentar, pelaku diketahui pernah masuk penjara. ""Teu kapok-
kapok. Pan kara kaluar ti penjara (enggak kapok-kapok. Kan baru keluar dari
penjara),"" tulis salah satu warganet.

""Dya mh udh sering kyk gitu.udh pernh msuk penjara.dn gk ada kapok ny .jangan
kan punya org lain.punya sodara ny sendiri motor ny dbawa kabur sm istri ny
.pdhal istrinya adik dr mamah ny s korban,"" tulis warganet lainnya.

""Ya allah dia yang nipu aku juga.. Kalo gak slah 6 tahun lalu dia udah aku
laporin ke polsek kadipaten .. Tapi aneh nya kabur...,"" kata warganet lainnya,
merespons unggahan itu.

Dihubungi detikJabar, pengunggah status ElisaNs mengaku, korban kejahatan
tersebut adalah kakaknya. Saat ini, korban juga sudah melaporkan kasus itu ke
pihak kepolisian. Laporannya dibuat di dua Polsek berbeda.

""Yang dihipnotisnya mah si aa (Ricky). Udah laporan ke Polsek Kadipaten sama
Polsek Jatiwangi. Mudah-mudahan kalau banyak yang share, segera ketangkap.
Jangan ada korban lagi,"" kata dia.

Ricky mengaku sudah tidak asing dengan muka pelaku. Pasalnya, pelaku tinggal
di desa yang sama, tapi beda blok. ""Sering lewat depan rumah saya juga"" ungkap
dia.

  
  
  
[Gambas:Video 20detik]  

 ",www.detik.com
Kondisi Kanit Resmob Polda Jambi Membaik Usai Kritis Ditombak Begal,"Rabu, 11 Mei  2022 16:47 WIB","\-

Kondisi Kanit Resmob Polda Jambi, AKP Johan Silaen sudah mulai membaik setelah
sempat kritis terkena tombak pelaku begal. AKP silaen pun sudah dipindahkan ke
RS Bhayangkara Polda Jambi untuk pemulihan.

Direktur Reserse Kriminal Umum Polda Jambi, Kombes Kaswandi Irwan mengatakan
usai menjadi korban penombakan AKP Silaen sempat mendapat perawatan insentif
di RSUD Raden Mataher.

""Saya mengucapkan terima kasih yang sebesar-besarnya kepada pihak rumah sakit
yang sudah merespon cepat sehingga nyawa dari kanit saya akhirnya bisa
diselamatkan. Sekarang kanit saya kondisi sudah membaik dan dipindahkan ke
Rumah Sakit Bhayangkara,"" katanya, Rabu (11/5/2022).

  

Peristiwa penombakan terhadap AKP Silaen ini terjadi pada Selasa (10/5) sekira
pukul 18.00 WIB. Saat itu, polisi mengetahui keberadaan pelaku yang merupakan
DPO atas kasus Curat dan Curas di 11 TKP di wilayah Jambi.

Keberadaan pelaku itu diketahui polisi setelah polisi lebih dulu berhasil
tangkap dua kawanannya bernama Husni dan Deny di Kabupaten Tanjabtim Jambi.
Dari pengembangan itu, polisi mengepung rumah pelaku hingga akhirnya Kanit
Resmob itu di tombak pelaku.

Kaswandi juga menyebutkan jika sejauh ini anggotanya itu sudah membaik,
kondisi bagian perut yang ditusuk oleh pelaku begal kini juga sudah
dibersihkan dan ditangani pihak Rs Bhayangkara Polda Jambi demi keselamatanan
anggota setelah ditombak.

""Kondisinya kini sudah mulai sadar, sudah bisa diajak bicara juga. Apalagi kan
luka tombaknya itu juga sempat ditangkis pakai tangannya kan jadi tidak sampai
dalam tombakan pelaku itu,"" ujar Kaswandi.

  
Sebelumnya, pelaku begal yang menombak Kanit Resmob Polda Jambi itu bernama
Taufik Galing (32). Dia merupakan DPO polisi lantaran melakukan aksi tindak
pidana baik di Polresta Jambi, Polres Batanghari, dan Polres Tanjabtim.

Taufik Galing (32) akhirnya tewas saat melawan petugas saat hendak ditangkap.
""Pelaku tewas dengan luka tembak di bagian dada saat melawan dan menombak
bagian perut anggota kita,"" kata Direktur Reserse Kriminal Umum Polda Jambi,
Rabu (11/5/2022).

  
  
  
[Gambas:Video 20detik]  

 ",www.detik.com
Ulah Keji Pria Bekasi Bacok Calon Kakak Ipar Gegara Rokok,"Selasa, 24 Mei  2022 21:05 WIB","\-

Pria di Bekasi, Jawa Barat, berinisial AY (29) tega membunuh MYS (32), kakak
ipar pacarnya sendiri. Motif pembunuhan itu adalah pelaku sakit hati karena
ditegur merokok.

Menurut Kapolres Metro Bekasi Kota Kombes Hengki, pelaku ditegur korban pada
Sabtu (21/5/2022), sekitar pukul 23.00 WIB, saat mengunjungi rumah pacarnya
karena merokok di dalam rumah.

""Jadi tersangka merasa tersinggung akibat ditegur oleh korban yang menyinggung
perasaan yang mengena kepada hal yang lebih sensitif lagi,"" ujar Kombes Hengki
dalam jumpa pers, Selasa (24/5).

##

## Pelaku Datangi Korban

Keesokan harinya, Minggu (22/5), pelaku kembali mendatangi korban pada pukul
11.00 WIB. Namun saat itu korban tidak ada di rumah.

Pelaku kembali ke rumah korban pada pukul 22.00 WIB dan menemui korban. Pelaku
dan korban sempat cekcok.

 _Selengkapnya di halaman berikutnya_

[Gambas:Video 20detik]

Selanjutnya __

Halaman

1  2

 ",www.detik.com
"Pria Gagal Curi Motor Dihajar Warga Pasuruan, Pakaian Dilucuti-Telanjang","Sabtu, 16 Apr 2022 03:47 WIB","\-

Seorang pria diduga maling motor dihajar warga Desa Warungdowo, Kecamatan
Pohjentrek, Kabupaten Pasuruan, hingga babak belur. Pakaian pria itu dilucuti
hingga telanjang bulat.

Aksi massa ini direkam salah seorang warga dan diunggah ke facebook lalu viral
di medsos. Dalam video yang tersebar, tampak warga menyeret pria telanjang
bulat dalam kondisi tidak bergerak.

""Rencananya mau ambil motor yang diparkir di pinggir jalan. Pelaku sudah
diamankan Polsek Pohjentrek,"" tulis dalam video yang dilihat , Jumat
(15/4/2022).

Peristiwa pencurian kepergok warga itu disebut terjadi selepas salat tarawih.
Rupanya saat akan mencuri motor kepergok warga dan akhirnya dihajar massa.

Kasat Reskrim Polres Pasuruan Kota AKP Bima Sakti Pria Laksana membenarkan
peristiwa itu. Terduga pelaku berjumlah 2 orang. 1 Tertangkap massa dan yang
lain lolos.

""Indikasinya curanmor. Dua orang, satu diamankan warga, pelaku lain kabur,""
kata Bima saat dikonfirmasi, Sabtu (16/4/2022).

Bima mengatakan, terduga maling motor yang dihajar tersebut sudah diamankan
polisi. Pelaku pencurian di Pasuruan itu dibawa ke rumah sakit untuk mendapat
perawatan.

""Sudah dirawat di Purut (RSUD dr R Soedarsono Kota Pasuruan),"" jelasnya.

Kini pihaknya menunggu pelaku yang tertangkap menjalani pemeriksaan untuk
memburu pelaku lain yang berhasil kabur.

  
  
  
[Gambas:Video 20detik]  

 ",www.detik.com
Buruh Pengantar Telur Dibegal di Medan Amplas,"Jumat, 22 Apr 2022 15:16 WIB","\-

Aksi begal seperti tidak berhenti terjadi di Medan. Kejahatan sadis ini
kembali menimpa seorang buruh bernama Hutri Mardiko Lumban Gaol (26) di
kawasan Amplas, Kamis (22/4/2022) sekitar pukul 23:30 wib. Sehari sebelumnya,
kasus begal terjadi di kawasan Medan Labuhan yang berujung hilangnya nyawa
seorang pria.

Kepada detiksumut, Hutri yang sehari - hari bekerja sebagai buruh pengantar
telur, mengatakan dia dibegal geng motor. Peristiwa mengerikan itu dialami
Hutri saat pulang dari tempat kerjanya di kawasan Jalan Sisingamangaraja
Medan. Hutri melaju menuju rumahnya di kawasan Mandala. Ketika melintasi fly
over di kawasan Amplas Hutri melewati sekumpulan pemotor.

Hutri tidak menaruh curiga, dia terus melintas menuju kawasan Pertahanan
Amplas. Setelah melewati para pemotor itu, Hutri ternyata diikuti oleh
kelompok bermotor itu sampai ke kawasan terminal.

  

""Karena tujuan saya ke Perumnas Mandala maka saya lewat dari bawah flyover.
Ternyata saya dibuntuti. Setelah sampai menuju terminal Amplas saya langsung
dihadang dan disuruh untuk menyerahkan sepeda motor sambil diancam pakai
senjata tajam,"" terangnya usai membuat pengaduan di Polrestabes Medan, Jumat
(22/4/2022).

Hutri mengaku sempat melakukan perlawanan. Ia mencoba mempertahankan sepeda
motornya. Perlawanan itu Ia lakukan karena sepeda motor itulah satu-satunya
kendaraan miliknya untuk mencari nafkah. Mulanya Hutri hanya melawan satu
orang dari anggota komplotan pembegal. Namun perlawanan Hutri tidak
berlangsung lama, karena anggota kelompok lain datang menyerangnya. Mereka
mengancam membunuh Hutri.

""Sayakan baru baca berita pembunuhan oleh begal di Medan Labuhan. Jadi saya
ketakutan. Setelah ketakutan wajah saya dipukul mereka pakai gagang senjata
tajam tersebut, dan akhirnya saya terjatuh dan dilempar ke pinggir parit, dan
pelaku berhasil membawa lari sepeda motor saya,"" katanya.

Atas peristiwa tersebut, Hutri kehilangan satu unit sepeda motor. Ia juga
mendapat kekerasan sehingga meninggalkan luka diwajahnya.

Saat ini kasus yang dialami Hutri telah dilaporkan ke pihak kepolisian dengan
nomor pelaporan STTLP/1321/IV/YAN.2.5/2022/SPKT/POLRETABES MEDAN/POLDA SUMUT.
Sesuai dengan pelaporan yang dibuat Hutri, dia mengaku kehilangan sepeda motor
jenis Vario 110 cc tahun 2014 dengan nomor polisi BK 6600 AFH.

  
  
  
[Gambas:Video 20detik]  

 ",www.detik.com
Pasutri Alami Luka Bacok Usai Duel Lawan Maling di Ciamis,"Senin, 09 Mei  2022 12:36 WIB","\-

Pasangan suami istri (Pasutri) di Desa Sukasenang, Kecamatan Sindangkasih,
Kabupaten Ciamis, mengalami luka bacok usai berduel dengan pencuri yang
merangsek masuk ke rumahnya, Senin (9/5/2022) dini hari.

Akibatnya Herman pemilik rumah mengalami luka sobek di sekitar telinga dan
tangan. Kini dirawat di Puskesmas Sindangkasih. Istrinya Ai Nurjanah mengalami
luka sobek di tangannya. Bahkan anak perempuannya Hana sempat mendapat cakaran
di leher. Sedangkan anaknya yang laki-laki bernama Agung berhasil selamat.

Sementara itu pelaku pun mengalami luka diamuk massa usai ditangkap oleh
pemilik rumah. Pelaku kini dirawat di RSUD Ciamis.

  

Kejadian itu bermula ketika pelaku masuk ke dalam rumah korban dengan
mencongkel jendela menggunakan golok kecil. Kemudian anak pemilik rumah bangun
dan mengetahui ada orang yang masuk ke rumahnya.

Selanjutnya membangunkan orang tuanya yang sedang tertidur bahwa ada orang
yang masuk rumah dari jendela. Keduanya kemudian bangun hingga memergoki
pelaku yang sudah di dalam rumahnya. Kemudian terjadi perkelahian antara
pemilik rumah dan pelaku.

Korban yang melawan hanya dengan menggunakan tangan kosong mengalami luka di
bagian telinga dan lengan akibat sabetan golok. Istrinya pun mengalami luka
lengan kiri juga akibat sabetan. Sedangkan anaknya Hana luka lecet cakaran
saat akan dicekik oleh pelaku. Sementara pelaku mengalami luka di kepala dan
wajah.

Kasi Humas Polres Ciamis Iptu Magdalena membenarkan kejadian tersebut. Pelaku
masuk ke rumah korban, kemudian kepergok pemiliknya dan terjadi perkelahian.
Saat ini kasus tersebut ditangani oleh Satreskrim Polres Ciamis.

""Kami sudah mendapat laporan. Ada 3 korban mengalami luka-luka, seorang
diantaranya dirawat di Puskesmas. Laporan di Polsek Cikoneng dan ditangani
oleh Satreskrim Polres Ciamis,"" ujar Kasi Humas Polres Ciamis Iptu Magdalena.

Sejauh ini pelaku yang masuk ke rumah korban belum bisa dimintai keterangan
oleh petugas kepolisian, mengingat masih dirawat di RSUD Ciamis.

 ",www.detik.com
Kanit Resmob Polda Jambi Sudah Bisa Tersenyum Lagi,"Jumat, 13 Mei  2022 14:43 WIB","\-

Kondisi Kanit Resmob Polda Jambi AKP Johan Silaen membaik. Bahkan Silaen sudah
bisa kembali tersenyum ceria walau masih terbaring di rumah sakit. Padahal
sebelumnya Silaen sempat kritis usai ditombak begal.

""Alhamdulilah, kondisinya sudah semakin membaik, sudah bisa tersenyum dan bisa
tertawa lagi ya, tidak seperti awal pertama kemarin, makin membaik lah
kondisinya,"" kata Direktur Reserse Kriminal Umum Polda Jambi, Kombes Kaswandi
Irwan kepada , Jumat (13/5/2022).

Kaswandi mengatakan Sialen sempat menjalani operasi untuk menyembuhkan luka
bekas tusukan di perutnya. Saat ini Silaen juga sudah bisa diajak berbicara.

  

""Bicara sudah lancar, kalau pihak keluarga atau rekan sesama polisi yang hadir
menjenguk, sudah enakan menjawab bicaranya,"" ujarnya.

Mantan Kapolres Pelalawan Polda Riau itu menyebut Silaen juga sudah
dipindahkan dari ruangan ICU ke ruangan inap di RS Bhayangkara.

""Dia juga sudah bisa duduk kan kalau kemarin belum bisa karena masih terbaring
lantaran baru habis dioperasi. Tetapi alhamdulilah intinya yang bersangkutan
udah jauh lebih sehat,"" terang Kaswandi.

Sejauh ini, polisi juga sudah berhasil mengamankan dua orang jaringan begal
itu di Tanjabtim Jambi. Dua orang itu ditangkap polisi sebelum melakukan
penangkapan terhadap begal penombak perwira polisi tersebut.

Diketahui sebelumnya, dari catatan kepolisian, pelaku penombakan Kanit Resmob
Polda Jambi ini sudah melakukan tindak pidana pencurian dengan kekerasan
(curas) maupun pencurian dengan pemberatan (curat) sebanyak 11 kali. Dia juga
merupakan DPO polisi lantaran melakukan kejahatan itu di beberapa daerah di
Jambi.

DPO ini akhirnya ditangkap, saat akan ditangkap DPO itu melakukan perlawanan,
hingga menombak polisi AKP Silaen. Tombak yang digunakan pelaku itu pun
berkarat dengan panjang 118 cm.

Pelaku bernama Taufik Galing (32) warga Kelurahan Tanjung Pasir, Kecamatan
Danau Teluk, Seberang Kota Jambi ini akhirnya tewas usai melakukan penombakan
terhadap polisi. Dia tewas setelah melakukan perlawanan ketika akan ditangkap
dengan ditembak sebanyak tiga kali oleh polisi.

  
  
  
[Gambas:Video 20detik]  

 ",www.detik.com
Pemandu Lagu Diduga Diperkosa Oknum Satpol PP Surabaya dalam Room Karaoke,"Selasa, 29 Mar 2022 21:32 WIB","\-

Seorang pemandu lagu di Surabaya mengaku diperkosa oknum Satpol PP. Hari ini,
polisi sudah olah TKP dan memeriksa korban.

Itu seperti yang disampaikan Kasat Reskrim Polrestabes Surabaya, AKBP Mirzal
Maulana. Menurutnya, pihaknya masih melakukan penyelidikan.

""Masih dalam penyelidikan, karena lagi dimintai keterangan si pemandu lagu,""
kata Mirzal, saat dikonfirmasi detikJatim, Selasa (29/3/2022).

Mirzal juga menjelaskan, dugaan pemerkosaan tersebut terjadi di salah satu
tempat karaoke di Surabaya. Pihaknya masih mendalami dan memeriksa room
karaoke sesuai keterangan korban.

""Itu kan kejadiannya di salah satu room. Nah ini lagi didalami oleh penyidik
untuk melihat bagaimana kronologis kejadiannya,"" ujarnya.

Mirzal mengungkapkan, di TKP, polisi juga memeriksa rekaman CCTV. ""Iya (CCTV)
didalami. Mohon waktu, masih dalam proses penyelidikan,"" pungkasnya.

Sebelumnya diberitakan, Mawar (bukan nama sebenarnya) merupakan wanita pemandu
karaoke di kawasan Rungkut. Ia melapor ke Polrestabes Surabaya pada Minggu
(27/3/2022).

Dalam keterangannya, Mawar mengaku menjadi korban pemerkosaan yang dilakukan
oknum Satpol PP Kota Surabaya. Laporan tersebut bernomor
LP/B/439/III/2022/SPKT/Polrestabes.SBY. Terkait laporan tersebut, Mawar sudah
menjalani visum di RSUD dr Soewandhie.

  
  
  
[Gambas:Video 20detik]  

 ",www.detik.com
Pria di Banyuwangi Ditangkap Usai Bawa Kabur-Perkosa Santri,"Selasa, 05 Apr 2022 03:29 WIB","\-

Gara-gara membawa kabur dan memperkosa gadis di bawah umur, MIL (20), pemuda
asal Cluring, Banyuwangi harus mendekam di jeruji tahanan. Ia diduga telah
membawa kabur dan memperkosa seorang santriwati yang masih di bawah umur.

Ironinya, MIL membawa kabur korban saat korban masih berada di salah satu
pondok pesantren di Banyuwangi.

Kapolsek Tegalsari AKP Pudji Wahyono mengatakan peristiwa itu bermula saat
pelaku membawa kabur korban yang saat itu tengah menimba ilmu di salah satu
pondok pesantren di Tegalsari.

""Pelaku membawa lari korban tanpa izin dari ponpes sejak tanggal 6 Maret
hingga 25 Maret 2022,"" ungkap Pudji, Senin (4/4/2022).

Saat membawa kabur korban inilah pelaku membujuk rayu korban untuk melayani
nafsu bejatnya.

""Persetubuhan anak di bawah umur itu terjadi pada tanggal 9 Maret 2022, di
rumah teman pelaku,"" ungkap Pudji.

Saat pulang ke rumah, korban mengadukan kepada orang tuanya atas apa yang
dialaminya tersebut. Orang tua korban pun tak terima dan langsung melaporkan
tersangka kepada polisi.

""Karena merasa dirugikan pihak keluarga kemudian melaporkan kejadian ini di
tanggal 26 Maret 2022 ke Polsek Tegalsari,"" ungkap Pudji.

Polisi langsung melakukan pemeriksaan saksi-saksi termasuk melakukan visum
terhadap korban hingga akhirnya polisi berhasil menangkap pelaku.

""Pelaku sudah kita tangkap dan kita tetapkan sebagai tersangka. Kita juga
lakukan penahanan,"" ungkapnya.

Untuk mempertanggungjawabkan perbuatannya, penyidik menerapkan pasal berlapis
kepada tersangka. Yakni Pasal 81 Ayat (2) UU RI Nomor 35 tahun 2014 tentang
Perubahan UU 23 Tahun 2002 tentang Perlindungan Anak dan Pasal 332 KUHP.

  
  
  
[Gambas:Video 20detik]  

 ",www.detik.com
Santainya Maling di Pasuruan Ini Curi Motor Karyawan,"Sabtu, 19 Feb 2022 21:29 WIB","\-

Maling motor di Kota Pasuruan kembali beraksi. Kali ini motor karyawan salah
satu kantor penyedia internet di Jalan dr Wahidin Sudiro Husodo, Kelurahan
Purutrejo, Kecamatan Purworejo, berhasil dicuri.

Pencurian yang dilakukan dua orang ini terekam CCTV. Pelaku terlihat sangat
santai saat beraksi.

""Tadi pukul 10.53 WIB kejadiannya,"" kata Muhammad Hilmi, salah satu karyawan,
Sabtu (19/2/2022).

Dalam rekaman video CCTV yang dilihat detikJatim, dua pria mengendarai motor
Honda BeAT nopol 5780 IA masuk ke parkir kantor. Mereka mengenakan setelan
yang mirip dengan para karyawan. Mereka juga membawa tas dada dan helm.

Satu pelaku 'berakting' mencari ruang untuk parkir, satu pelaku mendekati
motor sasaran, yakni Honda Vario nopol N 2884 TDY. Setelah utak-atik sekitar
satu menit, motor korban berhasil dibawa kabur.

Menurut Hilmi, penampilan pelaku tidak nampak seperti pencuri. Mereka
berpenampilan seperti karyawan.

""Sempat bunyi alarm, saya kira karyawan juga ternyata bukan. Tampilannya emang
bukan pencuri,"" ungkap Hilmi.

Sementara Adam, pemilik kantor mengatakan pihaknya akan segera menambah kamera
CCTV secara live. Sehinggga semua kondisi di beberapa tempat tetap terpantau
setiap saat.

""Saya akan menambah kamera CCTV secara live nanti,"" katanya.

Pemilik sepeda motor mengaku sudah melaporkan aksi pencurian ke polsek. Ia
berharap agar pelaku pencurian segera tertangkap.

  
  
  
[Gambas:Video 20detik]  

 ",www.detik.com
Oknum yang Dilaporkan Perkosa Pemandu Lagu Anggota Satpol PP Semampir,"Selasa, 29 Mar 2022 15:59 WIB","\-

Seorang pemandu lagu di Surabaya mengaku diperkosa oknum Satpol PP. Terduga
pelaku merupakan anggota Satpol PP Kecamatan Semampir.

Itu seperti yang disampaikan Kasatpol PP Kota Surabaya Eddy Christijanto. Ia
membenarkan, terduga pelaku merupakan anggotanya.

""Iya, anggota Kecamatan Semampir,"" kata Eddy saat dikonfirmasi, Selasa
(29/3/2022).

Dalam data yang diperoleh detikJatim diterangkan, oknum Satpol PP tersebut
berinisial KTI. Eddy menyebut, KTI merupakan staf di Kecamatan Semampir.

""Itu (KTI) staf Kecamatan Semampir,"" imbuhnya.

Sebelumnya diberitakan, Mawar (bukan nama sebenarnya) merupakan wanita pemandu
karaoke di kawasan Rungkut. Ia melapor ke Polrestabes Surabaya pada Minggu
(27/3/2022).

Dalam keterangannya, Mawar mengaku menjadi korban pemerkosaan yang dilakukan
oknum Satpol PP Kota Surabaya. Laporan tersebut bernomor
LP/B/439/III/2022/SPKT/Polrestabes.SBY.

Perihal laporan Mawar dibenarkan Kasat Reskrim Polrestabes Surabaya AKBP
Mirzal Maulana. Terkait laporan tersebut, Mawar sudah menjalani visum di RSUD
dr Soewandhie.

""Iya (laporan sudah diterima),"" kata Mirzal saat dikonfirmasi detikJatim.

  
  
  
[Gambas:Video 20detik]  

 ",www.detik.com
Drama Perampokan Guru SD Rp 150 Juta yang Ternyata Hanya Sandiwara,"Rabu, 23 Feb 2022 08:44 WIB","\-

Seorang guru SD di Mojokerto mengaku jadi korban perampokan. Uang deposito Rp
150 juta yang baru saja diambilnya dari bank dibawa kabur empat pelaku.

Namun itu semua hanya sandiwara si guru. Nyatanya, tidak pernah ada perampokan
yang terjadi. Semua hanyalah sandiwara untuk menutupi kebohongan sang guru.

Polisi menerima laporan perampokan dari Sri Wahyuliati Ningsih (42). Sri
mengaku dirampok di Desa Tanjangrono, Ngoro, Mojokerto. Uang Rp 150 juta
miliknya amblas.

Saat melintas di Jalan Raya Desa Tanjangrono, Kecamatan Ngoro, tepatnya di
Jembatan Tanjangrono, Sri mengaku dihadang perampok berjumlah 4 orang. Para
pelaku mengendarai sepeda motor Honda Vario warna hitam dan Yamaha RX King
warna hitam.

""Dia (Sri) mengaku usai mencairkan uang deposito miliknya di Bank Jatim Cabang
Pembantu Mojosari, Mojokerto senilai Rp 150 juta. Saat dia (Sri) berhenti,
salah seorang pelaku merampas tas miliknya berisi uang Rp 150 juta.
Selanjutnya para pelaku kabur ke arah Sidoarjo,"" kata Kasat Reskrim Polres
Mojokerto AKP Tiksnarto Andaru Rahutomo kepada wartawan, Selasa (22/2/2022).

Polisi pun segera melakukan penyelidikan termasuk datang ke lokasi kejadian.
Namun dalam penyelidikan, polisi mendapati kejanggalan. Pihak Bank Jatim yang
turut dikonfirmasi mengenai kasus itu mengaku tak pernah mencairkan deposito
di hari perampokan itu terjadi.

""Kejanggalan pertama, hasil pengecekan kami di bank tidak ada penarikan
deposito yang dilakukan SWN (Sri) sebesar Rp 150 juta. Rekening SWN hanya
tersisa kurang lebih Rp 3 juta saja,"" kata Andaru.

Polisi kemudian kembali menggali keterangan dari Sri. Kali ini, guru salah
satu SDN di Kecamatan Ngoro, Mojokerto itu mengubah ceritanya.

""Kejanggalan kedua, keterangan dia (Sri) berubah, dia mengaku kehilangan tas
berisi uang Rp 500 ribu lebih, kartu ATM dan SIM saat pulang dari sekolah
tempatnya mengajar,"" terangnya.

Sejurus kemudian, kata Andaru, Sri mendadak pingsan. Sehingga perempuan asal
Desa Jiken, Kecamatan Tulangan, Sidoarjo itu dilarikan ke RS Dharma Husada,
Ngoro. Ternyata, Sri hanya berpura-pura sakit untuk mengelabui polisi.

Dari situ kebohongan Sri terbongkar. Ia mengaku membuat laporan palsu karena
uang deposito titipan orang tuanya telah ia habiskan.

Sri mendapat titipan uang Rp 150 juta dari orang tuanya sekitar 3 tahun lalu.
Uang tersebut merupakan pesangon ayahnya yang merupakan pensiunan satpam
sebuah BUMN di Sidoarjo.

Saat itu, Sri diminta orang tuanya untuk mendepositokan uang tersebut ke bank.
Sehingga bunga depositonya bisa dinikmati setiap bulan.

Namun, tanpa sepengetahuan orang tua dan suaminya, guru SD berstatus PNS ini
justru menghabiskan uang itu untuk kebutuhan pribadinya. Sehingga ia
kelimpungan saat orang tuanya menanyakan keberadaan uang Rp 150 juta tersebut
beberapa waktu lalu.

""Yang bersangkutan (Sri) mengarang cerita telah dirampok karena ditanya orang
tuanya masalah uang Rp 150 juta yang pernah diberikan kepada dirinya apakah
masih tersimpan. Dia malu dengan orang tuanya karena uang tersebut telah dia
habiskan untuk kepentingan pribadinya,"" terang Andaru.

Beruntung, Sri mendapatkan maaf dari kedua orang tuanya. Sehingga guru asal
Desa Jiken, Kecamatan Tulangan, Sidoarjo itu tidak diproses hukum.

""Kasus ini kami anggap sebagai sebuah pembelajaran berharga bagi yang
bersangkutan. Terlebih lagi uang itu milik orang tuanya sendiri dan orang
tuanya sudah memaafkan perbuatannya,"" terang Andaru.

Sri pun mengakui perbuatannya. Ia meminta maaf kepada Polsek Ngoro dan Polres
Mojokerto karena telah membuat laporan perampokan palsu. Perempuan berjilbab
ini juga meminta maaf kepada kedua orang tuanya.

""Saya telah melaporkan ke Polsek Ngoro kejadian perampasan uang Rp 150 juta.
Padahal, kejadian itu tidak ada. Jadi, laporan saya di polsek itu palsu, tidak
benar,"" kata Sri.

  
  
  
[Gambas:Video 20detik]  

 ",www.detik.com
Dua Begal Amaq Sinta di Lombok Terancam 12 Tahun Bui,"Selasa, 19 Apr 2022 16:43 WIB","\-

Kasus korban begal jadi tersangka di Nusa Tenggara Barat (NTB) yang sempat
jadi sorotan kini telah rampung. Polda NTB mendapat apresiasi karena telah
menghentikan penyidikan atas Amaq Sinta, korban pembegalan yang sempat
dijadikan tersangka pembunuhan karena membunuh dua di antara 4 begal yang
menyerangnya.

Kepolisian kini fokus pada proses hukum dua pelaku begal yang selamat, Wahid
dan Holidi. Keduanya kini terancam hukuman 12 tahun penjara atas upaya
pembegalan yang dilakukan terhadap Murtade alias Amaq Sinta.

""Pelaku terancam dijerat dengan Pasal 365 KUHP dengan ancaman 12 tahun
penjara,"" kata Kabid Humas Polda NTB, Kombes Artanto dalam keterangannya
seperti dikutip dari , Selasa (19/4/2022).

Kepada polisi, keduanya mengakui hendak melakukan pencurian dengan kekerasan
atau begal bersama dua orang rekannya yang meninggal. Baik Wahid maupun Holidi
telah ditahan polisi sejak awal kasus ini karena pengakuan mereka.

Meski kesaksian mereka juga sempat dijadikan dasar oleh Kepolisian Resor
Lombok Tengah untuk menetapkan Amaq Sinta sebagai tersangka pembunuhan
terhadap dua rekan mereka.

Direktur Reserse Kriminal Umum Polda NTB Kombes Hari Brata mengatakan,
berdasarkan keterangan saksi yang termasuk dua orang tersangka yang selamat,
mereka telah merencanakan aksi pembegalan ketika sedang minum minuman keras di
sebuah pasar di Praya Timur, Lombok Tengah.

Silakan baca berita selengkapnya di sini.

[Gambas:Video 20detik]

 ",www.detik.com
Kronologi 8 Pemuda Biadab Perkosa Gadis ABG Bergiliran di Jepara,"Rabu, 06 Apr 2022 13:06 WIB","\-

Seorang gadis ABG berusia 15 tahun di Kabupaten Jepara, Jawa Tengah menjadi
korban pemerkosaan oleh delapan pemuda. Polisi mengungkap kronologi kejadian
tersebut.

""Modus para tersangka melakukan bujuk rayu kemudian memaksa hingga membuat
mabuk korban, hingga akhirnya korban disetubuhi oleh para tersangka,"" jelas
Kasat Reskrim Polres Jepara, AKP M Fachrur Rozi dalam keterangan tertulis
kepada wartawan di Jepara, Rabu (6/4/2022).

Saat ini, lima dari delapan pemuda pelaku perkosaan sudah ditangkap dan
mendekam di tahanan. Mereka inisial AA (18), MA (18), MS (18), AS (16), dan MF
(18). Sementara tiga pelaku lain saat ini masih dalam pengejaran.

Berikut ini kronologinya:

## Jumat 18 Maret

Rozi dalam keterangan tertulisnya mengatakan kronologi kejadian ini berawal
pada hari Jumat (18/3) lalu. Pada saat itu korban sedang bermain di rumah
tersangka berinisial AA.

""Korban main ke rumah tersangka berinisial AA, kemudian tersangka AA merayu
korban hingga korban mau diajak berhubungan layaknya suami istri di kamar
tersangka AA,"" jelas dia.

Tak henti di situ, kata dia, tersangka MA mendatangi korban selepas dengan AA.
MA juga memaksa korban untuk berhubungan layaknya suami istri. Setelah itu
korban diantarkan pulang.

## Sabtu 19 Maret

Lanjutnya, keesokan harinya Sabtu (19/3) pukul 23.00 WIB korban bersama
temannya datang ke rumah milik tersangka MS. Korban diundang oleh tersangka
MS. Pada saat itulah para tersangka sedang berpesta miras. Korban lantas
diajak mabuk oleh para tersangka.

""Saat itu tersangka MS, AA, dan MA sedang pesta miras. Selanjutnya korban
dipaksa untuk minum miras tersebut. Kemudian datang tersangka N, RA, RI, AS,
dam MF ikut meramaikan TKP,"" ungkap dia.

Setelah korban mabuk, para tersangka pun memperkosa korban dengan bergilir.

""Saat itu korban merasa pusing dan dibawa ke salah satu kamar pada rumah
tersebut. Pada rumah tersebut korban disetubuhi secara bergilir oleh para
tersangka mulai dari MS, AA, N, RA, RI, AS, dan yang terakhir MF,"" sambung
Rozi.

## Minggu 20 Maret

Dia menambahkan setelah itu korban diajak menginap oleh MS di rumah tersangka
AS. Korban pun kembali diperkosa oleh tersangka MS.

""Keesokan harinya pada Minggu (20/3) saat bangun pagi tersangka MS kembali
menyetubuhi korban, setelah itu korban pulang sendiri,"" terang dia.

## Selasa 22 Maret

Kasus ini terungkap setelah keluarga korban mendapatkan laporan dari teman
korban. Orang tua korban pun kemudian melaporkan kepada polisi.

""Pada hari Selasa (22/3) salah satu keluarga korban diberitahu oleh temannya
bahwa korban telah disetubuhi oleh para tersangka, kemudian keluarga korban
mencari para tersangka dan membawa tersangka ke Polres Jepara untuk diproses
lebih lanjut,"" ungkap Rozi.

Para tersangka kini mendekam di tahanan Mapolres Jepara Para tersangka
terancam kurungan penjara 15 tahun.

""Pasal 81 dan/atau pasal 82 UU No 17/2016 tentang perlindungan anak dengan
ancaman hukuman penjara paling lama 15 tahun,"" pungkas dia.

  
  
  
[Gambas:Video 20detik]  

 ",www.detik.com
"Duel Lawan Petugas, Terdakwa Curanmor di Gresik Berhasil Kabur","Jumat, 03 Des 2021 19:53 WIB","\- Seorang terdakwa kasus curanmor di Gresik berhasil kabur. Ia bahkan berduel
dengan petugas yang menghalanginya kabur hingga si petugas babak belur
dibuatnya.

Terdakwa itu adalah Yosep Bao Open alias Wilhelmus (38). Ia kabur pada Kamis
(3/12) saat berada di Polsek Driyorejo.

""Kami membenarkan, kejadian itu terjadi memang antara petugas kami dengan
seorang terdakwa atas nama Yosep Bao Open, perkara 362 Jo 480,"" kata Kasi
Intel Kejari Gresik Deni Niswansyah kepada wartawan di Kejari Gresik, Jumat
(3/11/2021).

Deni mengatakan kejadian itu berawal saat Yosep dibawa kembali ke Polsek
Driyorejo setelah sebelumnya mengikuti sidang tuntutan secara daring di Rutan
Gresik. Sesampai di Polsek Driyorejo, Yosep meminta izin hendak ke toilet.

""Dia ini beralasan pergi ke toilet. Dia bilang, pak saya pingin BAB,"" ungkap
Deni.

Setelah petugas memberikan izin, kata Deni, borgol yang mengikat Yosep pun
dibuka. Namun, saat itulah Yosep mulai berulah dan mulai untuk kabur.

""Akhirnya kami kasih izin. Borgol dibuka, masuk ke kamar mandi. Pada saat dia
keluar, dibuka langsung mendorong (pintu) brakk, kabur. Kemudian dikejar
petugas kami, sampai kemudian terjadi perkelahian,"" ujar Deni.

""Anggota kami, jujur ini visumnya keluar Jam 5, ada luka sampai dia berdarah-
darah sampai akhirnya, dia (terdakwa) kabur, dia lompat,"" lanjut Deni.

Deni menjelaskan alasan terdakwa dibawa kembali ke Polsek Driyorejo karena
yang bersangkutan belum dilakukan vaksinasi. Sedangkan kasus terdakwa sendiri
sudah disidangkan dan sudah menjalani sidang putusan.

""Dibawa ke Polsek karena belum vaksin. Tahap duanya sudah lama, ini proses
sudah sidang, sudah tuntutan. Inikan penahanan hakim,"" lanjut Deni.

Deni mengungkapkan Yosep telah menjalani persidangan dengan agenda tuntutan.
""Diduga terdakwa membeli motor Honda Beat Nopol L 6114 HE tahun 2020 hasil
curian. Sehingga, dituntut hukuman selama satu tahun dan delapan bulan
penjara,"" kata Deni.Saat ini petugas gabungan berusaha mengejar keberadaan
terdakwa yang kabur. Semua akses keluar Gresik diawasi oleh petugas untuk
mencari pelaku.

""Kami harapkan masyarakat yang melihat untuk melaporkan, kami tidak akan
berhenti untuk pencarian. Kami sedang menutup akses keluar terdakwa, usaha
apapun kami laksanakan,"" tandas Deni.

 ",www.detik.com
Waspada! Perampok Sasar Mobil Rental Saat Lebaran di Jabar,"Senin, 25 Apr 2022 21:15 WIB","\-

Polres Sukabumi berhasil mengungkap kawanan sindikat pecurian dengan kekerasan
dan penggelapan spesialis mobil rental di Sukabumi. Polisi juga mengungkap
modus perempuan muda sebagai umpan dan memanfaatkan kelengahan sopir hingga
mobil bisa berpindah tangan ke kawanan pelaku.

Kapolres Sukabumi AKBP Dedy Darmawansyah berharap para pemilik usaha rental
mobil untuk mewaspadai modus serupa kembali terulang, terlebih menjelang
Ramadan permintaan sewa atau rental mobil akan banyak diserbu pelanggan. Dedy
berharap para pemilik usaha untuk memperketat persyaratan penyewaan untuk
menghindari modus-modus yang dilakukan pelaku kejahatan.

""Persyaratan menyewa diperketat, bisa dengan foto copy identitas diri bisa KTP
atau SIM dengan syarat identitas asli diperlihatkan. Kemudian pada mobil bisa
dipasang GPS yang disembunyikan agar posisi kendaraan bisa terpantau,"" kata
Dedy kepada , Senin (25/4/2022).

  

Seperti diketahui, 11 pelaku yang berhasil dibekuk polisi salah satunya
memanfaatkan wanita muda sebagai umpan. Mereka juga memanfaatkan kelengahan
sopir mobil rental hingga dengan mudah unit mobil rental berpindah tangan.
Dedy berharap, sopir tidak mudah menyerahkan kunci kepada penyewa.

""Modus mereka ini kan salah satunya dengan memanfaatkan kelengahan sopir,
memesan dua kamar satu untuk sopir dan satu lagi untuk pelaku. Pelaku kemudian
berpura-pura meminjam kunci untuk mengambil barang atau meminjam kendaraan.
Ketika situasi seperti itu, sopir diharapkan waspada dan memilih untuk
langsung menemani penyewa saat mengajukan permintaan itu,"" ujar Dedy.

Diberitakan sebelumnya, Satuan Reserse dan Kriminal Polres Sukabumi berhasil
membekuk belasan pelaku sindikat pecurian dengan kekerasan dan penggelapan
spesialis mobil rental di Sukabumi. Para pelaku berjumlah 11 orang, salah satu
di antaranya adalah seorang perempuan muda.

Kasat Reskrim Polres Sukabumi AKP I Putu Asti Hermawan mengatakan pelaku
beraksi di 15 Tempat Kejadian Perkara (TKP) tidak hanya di Sukabumi tapi juga
di Bogor, Banten hingga Jakarta.

""Pengakuan mereka beraksi di 15 TKP, di Jabar, Jakarta. Peranan mereka
berbeda, ada yang memesan ada yang beraksi memetik dan ada yang berperan
sebagai penadah. Jumlah pelaku keseluruhan, 14 pria dan 1 perempuan inisial RS
(24),"" kata Putu kepada detikJabar, Senin (25/4/2022).

 ",www.detik.com
"Viral Pengamen di Bekasi Diam-diam Masuk Rumah-Curi HP, Polisi Selidiki","Rabu, 01 Jun 2022 10:41 WIB","\-

Sebuah video yang memperlihatkan sekelompok pengamen yang memasuki rumah
hingga mencuri barang, viral di media sosial. Polisi menyebut tengah
menyelidiki hal tersebut.

Dalam narasi video yang tersebar, disebutkan peristiwa tersebut terjadi di
kawasan Pondok Gede, Bekasi. Dalam video juga terlihat tiga orang pengamen
yang terekam kamera.

Salah seorang di antaranya, yang mengenakan baju putih dan membawa gendang
dari pipa bekas tampak memasuki salah satu rumah warga yang pintunya terbuka.

Awalnya dia terlihat melihat-lihat situasi sekitar. Setelah itu, dia tampak
masuk ke dalam rumah dan membawa beberapa barang di dalam rumah tersebut.

Kanit Reskrim Polsek Pondok Gede, Iptu Tamat mengatakan, hingga kini pihaknya
belum menerima laporan terkait hal tersebut.

""Sampai saat ini belum ada laporan,"" kata Tamat saat dihubungi, Rabu
(1/6/2022).

Tamat menambahkan, pihaknya segera akan melakukan penyelidikan dan menangkap
para pelaku pencurian

""Kami akan melakukan penyelidikan,"" ujarnya.

 ",www.detik.com
Kriminolog Nilai Kepala HRD Putus Asa hingga Rampok Bank di Jaksel,"Minggu, 10 Apr 2022 08:55 WIB","\-

Kriminolog FISIP UI Iqrak Sulhin menganalisis tindakan kepala HRD bank swasta
berinisial BS (43) merampok bank di kawasan Jakarta Selatan. Iqrak menyebut BS
merampok karena putus asa.

""Kelihatan sekali kalau itu bukan perampokan yang dilakukan oleh profesional (
_criminal career_ ), lebih sebagai perampokan oleh orang yang putus asa,"" kata
Iqrak, saat dihubungi, Sabtu (9/4/2022).

Setelah membaca kronologi perampokan oleh BS, Iqrak bisa langsung mengetahui
bahwa perampokan itu dilakukan bukan oleh yang terbiasa merampok. Khususnya BS
yang bertindak sendirian dan gunakan _airsoft gun_.

""Perampok karier nggak akan semudah itu dilumpuhkan. Untuk merampok bank, yang
diasumsikan berada di kawasan ramai dan terjaga, para karir, setidaknya dari
pola yang selama ini terjadi, akan memilih melakukan secara berkelompok dan
menggunakan senjata api. Jarang sekali perampokan dilakukan solo,"" katanya.

Iqraq mengatakan biasanya orang yang memiliki jabatan menghindari merampok
yang merupakan kejahatan jalanan. Jadi, jika ada yang merampok, berarti
terlihat sudah putus asa. Terlebih BS menyebut memiliki utang lebih dari Rp 5
miliar.

""Para _white collar_ (kelas atas, profesional, orang-orang dengan jabatan) itu
bila melakukan kejahatan akan lebih cenderung melakukan korupsi, bukan
perampokan yang berciri kejahatan jalanan. Itulah mengapa saya sebut ini
kejahatan karena putus asa,"" katanya.

""Ditambah lagi dengan situasi yang dihadapi pelaku saat ini yang turut menjadi
motif,"" ucapnya.

Diketahui, perampokan yang dilakukan BS terjadi pada Selasa (5/4). BS sempat
meletuskan senjata _airsoft gun_ saat melakukan perampokan tersebut. Namun
aksi BS ini digagalkan oleh petugas satpam bank.

Pelaku kini telah ditahan di Polres Metro Jakarta Selatan. Dia dijerat dengan
Pasal 365 _juncto_ Pasal 53 KUHP dan UU Darurat dengan ancaman hukuman hingga
10 tahun penjara.

Polisi terus menyelidiki kasus perampokan Bank BJB Cabang Fatmawati, Cilandak,
Jakarta Selatan, yang dilakukan oleh BS. Hasil pemeriksaan sejauh ini
diketahui BS merupakan kepala HRD sebuah bank swasta.

""Dia kepala HRD, pejabat tinggi di HRD,"" ujar Ridwan.

Polisi menyebut BS sebagai staf bank dengan penghasilan Rp 60 juta tiap bulan.
Polisi menegaskan jabatan dari BS bukan pegawai biasa.

""Bukan staf biasa. Orang pejabat tinggi di HRD dan kelas banknya bank swasta,""
jelas Ridwan.

[Gambas:Video 20detik]

  
  

 ",www.detik.com
"Perkosa Anak Tiri hingga Hamil, Ayah Bejat di Kalsel Dihukum Kebiri Kimia","Rabu, 13 Apr 2022 13:46 WIB","\-

Pengadilan Negeri (PN) Banjarmasin, Kalimantan Selatan (Kalsel), menjatuhkan
hukuman kebiri terhadap ayah inisial M, selain hukuman 15 tahun bui. M
terbukti memperkosa anak tirinya yang baru berusia 13 tahun.

Hal itu tertuang dalam putusan Pengadilan Negeri (PN) Banjarmasin yang
dilansir di _website-_ nya, Rabu (13/4/2022).

""Menjatuhkan pidana kepada Terdakwa oleh karena itu dengan pidana penjara
selama 15 tahun, dan denda sebesar Rp 1 miliar dengan ketentuan apabila denda
tersebut tidak dibayar diganti dengan pidana kurungan selama 6 bulan.
Menjatuhkan pidana tambahan kepada terdakwa berupa tindakan kebiri kimia
selama 1 (satu) tahun,"" kata ketua majelis Heru Kuntjoro dengan anggota Jamser
Simanjuntak dan Febrian Ali.

Diuraikan majelis hakim, tindak pemerkosaan itu dilakukan selama 2019-2021.
Setelah memperkosa anak tirinya, si ayah bejat mengancam akan membunuh korban.
Pemerkosaan itu menyebabkan kehamilan dan si bayi lahir 9 bulan setelahnya.

""Terdakwa yang merupakan orang tua tiri korban seharusnya melindungi dan
menjaga korban selaku anaknya, namun justru melakukan perbuatan yang tercela,""
ucap majelis.

Hukuman ini lebih ringan dari tuntutan jaksa, yaitu selama 20 tahun penjara,
termasuk kebiri yang diminta selama 2 tahun.

""Terdakwa bersikap sopan selama di persidangan. Terdakwa mengakui terus terang
dan menyesali atas perbuatannya serta berjanji tidak mengulangi lagi ,"" beber
majelis.

Hukuman kebiri ini bukan yang pertama dijatuhkan PN Banjarmasin. Pada Juli
2021, majelis hakim menjatuhkan hukuman 20 tahun penjara dan hukuman kebiri ke
seorang ayah yang memperkosa anak kandung yang berusia 14 tahun.

 ",www.detik.com
"Pencurian di Rumah Chef Aiko, Pelaku Diduga Sudah Incar Motor Saugi","Rabu, 17 Nov 2021 11:59 WIB","\-

Motor trail CRF Rally 250 cc milik suami _chef_ Aiko, Ahmad Saugi Balfas, raib
dicuri di rumahnya di Kembangan, Jakarta Barat. Pelaku diduga sudah mengincar
motor di rumah _chef_ Aiko.

""Kalau kata polisi dalam pengembangan, ini _udah_ orang baca (situasi), _udah
ditargetin_ ,"" kata Saugi kepada wartawan, Rabu (17/11/2021).

Saugi menjelaskan, dari rekaman CCTV, terlihat pelaku mondar-mandir sekitar
pukul 04.00 WIB. Pelaku terlihat sedang mencari alamat.

""Karena di CCTV itu kayak 'salah alamat _nih' gitu_ , mereka jam 04.00 WIB
_udah_ kayak _mantau_ , _muter-muter_. Dari CCTV mereka kayak lagi _nyari_
alamat,"" katanya.

### Pelaku Rusak Gembok Pagar

Pencurian terjadi pada Senin (15/11) sekitar pukul 04.30 WIB saat seluruh
penghuni rumah tidur. Saugi mendapati motornya raib pada pukul 06.30 WIB saat
bangun tidur.

""Iya bangun tidur jam 06.30 WIB saya ke depan, kondisi motor _udah_ nggak ada.
Kondisi gerbang _udah_ dikunci (semalam),"" ujar Saugi.

Dari rekaman CCTV, pelaku terlihat berjumlah dua orang mengenakan topi.
Menurut Saugi, pelaku membobol pagar gerbang rumahnya dengan cairan kimia.

""Itu gemboknya dirusak, tapi dia pakai cairan. Jadi sekali gedor langsung
lepas,"" imbuhnya.

Setelah berhasil membobol pagar rumahnya, pelaku membidik motor trail yang
terparkir di teras rumah. Dalam hitungan detik, pelaku berhasil membobol kunci
setang motornya dan membawanya keluar.

[Gambas:Video 20detik]

  
  

 ",www.detik.com
"Lucu, Maling Ini Nyletuk 'Ora Duwe Perasaan' ke Warga yang Menangkapnya","Senin, 22 Nov 2021 19:28 WIB","\- Sebuah video penangkapan seorang maling di Tulungagung viral. Dalam video
berdurasi 29 detik itu seorang pria disebut-sebut sebagai pelaku pencurian HP
di Tulungagung.

Sang terduga pencuri sempat melontarkan kata-kata memelas saat dibawa warga
dari area persawahan. ""Kowe ora duwe perasaan,"" kata terduga pelaku yang
disambut umpatan warga.

Bagaimana kebenaran video viral tersebut?

Kasat Reskrim Polres Tulungagung AKP Christian Kosasih membenarkan jika video
itu adalah kejadian di Desa Karangrejo, Kecamatan Boyolangu, Tulungagung.
Namun kasusnya bukan pencurian telepon genggam, melainkan sepeda motor.

""Kejadian satu bulan yang lalu, itu pencurian sepeda motor, bukan HP.
Sedangkan pelakunya itu Tholib, dia diduga mengalami gangguan jiwa atau ODGJ,""
kata Christian kepada detikcom, Senin (22/11/2021).

Hal Senada disampaikan Kanit Reskrim Polsek Boyolangu Aiptu Totok Wicaksono.
Menurut Totok, pelaku yang mengalami gangguan jiwa itu sering kali berulah di
antaranya membawa kabur sepeda angin hingga sepeda motor.

""Memang sering seperti itu kalau kambuh, apa yang ada di dekatnya dia bawa,
nah saat itu dia bawa kabur sepeda motor, tapi setelah dibawa ditaruh di rumah
tetangganya,"" ujar Totok.

Pascakejadian itu pelaku telah dikembalikan ke pihak keluarganya. ""Korbannya
siapa juga sudah tidak tahu, karena kendaraannya sudah diambil pulang,"" tandas
Totok.

 ",www.detik.com
Polisi Buru 3 Pria Terduga Pelaku Penculikan Gadis di Tabanan,"Selasa, 03 Mei  2022 08:18 WIB","\-

Petugas dari Polsek Kediri kini sedang memburu tiga orang pria yang diduga
melakukan penculikan, penganiayaan dan percobaan pemerkosaan seorang gadis di
Tabanan.

""Masih dikejar (ketiga pelaku),"" ujar Kapolsek Kediri Kompol I Kadek Ardika
yang dikonfirmasi, Selasa (3/5/2022).

Seperti diwartakan sebelumnya, seorang gadis di Desa Pandak Gede di Kecamatan
Kediri, berinisial DA (19), diduga menjadi korban penculikan. Selain diculik,
korban juga diduga mengalami percobaan pemerkosaan dan penganiayaan.  
  
Mengenai kronologi penculikan tersebut, Kompol I Kadek Ardika belum bersedia
menjelaskannya.

  

Ia hanya menyebutkan korbannya dalam keadaan selamat, namun masih syok.

""Korbannya masih sakit belum bisa diminta keterangannya untuk BAP (berita
acara pemeriksaan),"" sebutnya.

Informasi yang diperoleh detikBali, korban diculik pada Sabtu (30/4/2022)
sekitar pukul 18.00 Wita.

Waktu itu korban lagi mencari buah pepaya untuk dipakai sebagai sayur.

Tidak lama kemudian ketiga pelaku mendekati korban. Kemudian membekap mulut
korban dan membawanya ke dalam mobil.

Di dalam mobil, mulut korban diikat dengan kain putih. Sementara tangan dan
kakinya diikat pakai tali.

Korban kemudian diajak ke satu tempat di wilayah Badung. Di tempat itu, ketiga
pelaku memaksa korban untuk berhubungan badan.

Namun korban melakukan perlawanan sehingga ia dipukul menggunakan botol bir
dan dicekik.

Karena terus mendapatkan perlawanan, ketiga pelaku membawa korban ke sebuah
lokasi yang tidak jauh dari tempat pertama kali ia diculik.

Tragisnya, korban ditinggalkan begitu saja dalam posisi masih terikat selama
seharian lebih.

Baru pada Senin (2/5/2022), korban ditemukan oleh seseorang yang kebetulan
melintasi lokasi kejadian.

Orang itu membantu menghubungi keluarga korban hingga peristiwa itu dilaporkan
ke pihak Kepolisian.

  
  
  
[Gambas:Video 20detik]  

 ",www.detik.com
Terlalu! ABG di Brebes Tega Perkosa Balita Tetangganya Sendiri,"Rabu, 15 Jun 2022 21:42 WIB","\-

Seorang balita di Brebes, Jawa Tengah, menjadi korban perkosaan yang diduga
dilakukan oleh tetangganya sendiri. Adapun tersangka perkosaan itu juga masih
di bawah umur.

Saat ini polisi sudah menangkap NR (17) yang diduga memerkosa bocah yang
tinggal di depan rumahnya itu.

Kanit Reskrim Polsek Brebes Iptu Iwan Sujarwadi ditemui di kantornya
menjelaskan, penangkapan pelaku NR setelah pihak orang tua korban melaporkan
kasus tersebut. Pihak kepolisian kemudian melakukan penyelidikan dengan
memintai keterangan sejumlah pihak.

""Kami mendapatkan laporan dari orang tua korban jika anaknya telah menjadi
korban perkosaan tetangganya sendiri,'"" ujar Iwan Sujarwadi, Rabu (15/6/22)
siang.

Dijelaskan lebih lanjut, peristiwa itu terjadi pada Selasa (14/6) sekitar
pukul 08.45 WIB. Saat itu, ibu korban sedang bekerja mengupas bawang di depan
rumah. Sedangkan korban, KN (4) dibiarkan pergi bermain.

Beberapa saat kemudian KN pulang ke rumah. Dia mengeluh bagian organ intimnya
sakit. Kepada ibunya, balita itu menceritakan apa yang telah diperbuat NR
kepadanya.

Dari cerita itu, orang tua KN langsung melaporkan pemerkosaan itu. Polisi
lantas bergerak cepat dan menangkap tersangka.

Saat ini, kasus tersebut telah ditangani oleh Unit Perlindungan Perempuan dan
Anak (PPA) Polres Brebes.

Berdasarkan pemeriksaan sementara, pelaku mengaku melakukan perbuatannya
karena terpengaruh film porno.

""Dari pengakuannya, karena sering nonton film porno di HP,"" ungkapnya.

  
  
  
[Gambas:Video 20detik]  

 ",www.detik.com
Kisah Pengacara Wanita di Bangladesh yang Tangani Kasus Pembunuhan Ayahnya,"Sabtu, 21 Mei  2022 18:04 WIB","\-

Shagufta Tabassum Ahmed menuruti arahan keluarganya untuk kuliah hukum,
meskipun dirinya tidak ada keinginan menjadi pengacara. Namun, tekadnya
berubah ketika ayahnya dibunuh. Kepada Megha Mohan selaku koresponden BBC di
bidang gender dan identitas, Shagufta memaparkan perjuangannya selama 16 tahun
demi keadilan terhadap para pembunuh ayahnya.

Kenangan pada hari saya mendengar ayah, Dr Taher Ahmed, dibunuh bercampur
antara jernih sebening kristal dan keruh seperti lumpur.

Saya mengingat sebuah ruangan, tapi saya tidak ingat siapa yang berada di
dalamnya. Saat itu hari Jumat, tapi saya tak ingat jam berapa. Saya ingat
mendengar dering telepon, namun saya tidak ingat siapa di antara keluarga saya
yang mengangkatnya.

Abang saya yang menelepon.

""Mereka telah menemukannya. Dia dibunuh.""

### Baca juga:

   Bagaimana para perempuan ini, termasuk di Aceh, hidup di bawah Syariah 
   'Lelaki yang saya hukum sekarang mengancam balas dendam' - Kisah jaksa perempuan Afghanistan ketika Taliban berkuasa 
   Hakim perempuan Afghanistan yang bersembunyi dari kejaran Taliban

Saya tidak yakin siapa yang menyampaikan kata-kata dari abang saya, namun saat
itu saya langsung paham bahwa orang yang saya sayangi telah tiada.

Ibu saya sontak menangis kencang. Kemudian kami duduk termangu saat kami
mendengar informasi tambahan: jenazah ayah saya ditemukan di dalam septic tank
Universitas Rajshahi, tempat dia bekerja sebagai profesor fakultas geologi dan
pertambangan.

Segenap keluarga besar kami saat itu berkumpul di rumah abang saya di Ibu Kota
Bangladesh, Dhaka. Adapun abang saya tidak bersama kami karena sehari
sebelumnya dia harus berkendara selama enam jam ke Kota Rajshahi, dekat
perbatasan Bangladesh-India, demi mencari ayah.

Berbagai anggota keluarga saling berbicara dan menyela satu sama lain.

Bagaimana bisa? Mengapa?

Siapa yang ingin membunuh ayah?

Ayah saya adalah seorang akademisi yang lebih memilih berjalan kaki atau naik
kendaraan umum ketimbang membeli mobil mewah, seorang profesor universitas
yang tampaknya dicintai para mahasiswanya, suami yang berbagi belanja makanan
dan masakan saat hal itu masih dianggap kurang wajar di Bangladesh, ayah yang
tangannya masih saya pegang di usia 18 tahun ketika menyeberang jalanSiapa
yang menginginkan pria seperti itu tewas?

Pertanyaan ini hanyalah permulaan mimpi buruk keluarga kami.

![Short presentational grey
line](https://c.files.bbci.co.uk/72FB/production/_112953492__90021446_test_grey_line_new-
nc.png)BBC

Dua hari sebelumnya, pada Rabu 1 Februari 2006, ayah saya menumpang bus dari
Dhaka ke Universitas Rajshahi.

Dia menyukai kampus tersebut, yang merupakan rumah saya pada masa kanak-kanak.
Kami tinggal di rumah kecil yang disediakan universitas dan segala yang kami
perlukan berada di dekat situ.

Saya dan abang saya, Sanzid, berjalan ke sekolah pada pagi hari dan
menghabiskan malam hari bersama anak-anak dosen lainnya di taman bermain dekat
kampus. Kami mengenal semua orang di kampus. Tempat itu adalah tempat yang
aman dan menyenangkan bagi kami.

![Shagufta Ahmed, perempuan,
hukum](https://c.files.bbci.co.uk/00FB/production/_124715200_photos.jpg)

 _Sejumlah potret Shagufta dan ayahnya dalam foto album milik keluarga mereka.
(Salman Saeed)_

Tatkala kami tumbuh dewasa, saya dan Sanzid pindah ke Dhaka. Sanzid bekerja di
bagian SDM sebuah perusahaan multinasional besar.

Atas sarannya, yang seperti nubuat mengingat apa yang terjadi berikutnya di
kehidupan kami, saya kuliah hukum di universitas. Padahal, saya tidak berniat
menjadi pengacara. Saya pikir mungkin setelah meraih gelar, saya akan
bergabung dengan LSM internasional atau menjadi seorang akademisi.

Namun, pada saat itu ayah sepertinya tahu apa yang terbaik untuk keluarga
kami. Saya mulai kuliah pada 2006 dan ibu saya ikut tinggal bersama saya di
Dhaka.

Pada pekan dia meninggal dunia, ayah saya datang ke Dhaka dan mengunjungi kami
selama beberapa hari. Dia lantas berangkat ke Rajshahi pada Rabu 1 Februari
2006. Dia menelepon ibu saya untuk memberitahu dia telah tiba dengan selamat.

Beberapa jam kemudian, sebelum pukul 21.00 malam, ayah menelepon ibu lagi.
Saya mengira dia lantas bersiap tidur. Tak berapa lama setelah panggilan
telepon itu, nyawanya berakhir. Belakangan petugas autopsi mengatakan ayah
dibunuh sebelum pukul 22.00 malam.

Ayah saya kembali ke Rajshahi untuk menghadiri sebuah rapat mengenai masa
depan seorang kolega, Dr Mia Mohammad Mohiuddin. Dr Mohiuddin pernah menjadi
teman dekat ayah, tapi hubungan dia dan ayah mendadak putus. Ayah saya
menemukan beberapa insiden penjiplakan atau plagiarisme pada makalah Dr
Mohiuddin dan dia melaporkannya ke fakultas.

Sebuah rapat digelar untuk mendiskusikan bagaimana fakultas menangani
kontroversi ini.

Akan tetapi ayah saya tidak menghadiri rapat tersebut, dia juga tidak menjawab
panggilan telepon kami. Pengurus akomodasi kampus, Jahangir Alam, mengatakan
ayah tidak berada di dalam rumah seraya menambahkan dia sama sekali tidak
melihat kedatangan ayah.

Ibu saya lantas meminta abang saya pergi ke Rajshahi malam itu untuk
mencarinya. Keesokan harinya, pada 3 Februari 2006, abang saya menemukan
jenazah ayah di dalam septic tank yang berada di area akomodasi kampus.
Misteri di mana ayah saya berada kemudian berubah menjadi investigasi
pembunuhan. Petugas autopsi menemukan bahwa ayah diserang secara fisik sebelum
dibunuh.

![Short presentational grey
line](https://c.files.bbci.co.uk/72FB/production/_112953492__90021446_test_grey_line_new-
nc.png)BBC

Tiba-tiba mata dunia tertuju pada keluarga saya. Kematian ayah menjadi topik
besar sekaligus misteri pembunuhan. Wajah ayah ditayangkan di televisi dan
dicetak pada surat kabar. Media lokal dan internasional mencari rincian yang
bisa memberi penjelasan kepada khalayak, mengapa pria baik-baik, sehat, dan
populer meninggal dalam keadaan demikian?

Tragedi keluarga kami berubah menjadi drama dengan banyak pertanyaan tak
terjawab. Siapa yang membunuh seorang profesor terhormat? Apakah karena dendam
pribadi? Kelompok Islam garis keras? Apa makna pembunuhan ini bagi masyarakat
Bangladesh?

   Kisah pengacara yang menolak gaji besar demi memperjuangkan keadilan mantan budak seks ISIS
   Lion Mama: Cerita seorang ibu yang membunuh pemerkosa putrinya
   'Saya dipukuli suami karena memberi tahu nama saya ke dokter'

Di tengah kekacauan ini, saya kagum pada abang dan ibu saya. Mereka langsung
beraksi. Ibu menjumpai abang di Rajshahi untuk membantu kepolisian dengan
memberikan informasi mengenai kronologi dan para tersangka.

Beberapa pekan kemudian, Dr Mia Mohammad Mohiuddinkolega ayah yang dituduh
melakukan plagiarismepengurus akomodasi kampus, Jahangir Alam, serta empat
orang lainnya, termasuk adik dan adik ipar Alam, ditahan dan dituduh membunuh
ayah saya.

![Shagufta Ahmed, perempuan,
hukum](https://c.files.bbci.co.uk/15C3F/production/_124715198_familyportrait.jpg)

 _Shagufta yang masih balita dipotret bersama ayah, ibu, dan saudara laki-
lakinya. (Salman Saeed)_

Dalam persidangan, Jahangir Alam dan kerabatnya bersaksi bahwa Mohiuddin
membujuk mereka untuk membunuh ayah saya dengan iming-iming uang, komputer,
dan pekerjaan di universitas. Mohiuddin membantah tudingan itu.

Pada 2008, empat di antara mereka dinyatakan bersalah oleh Pengadilan Negeri
Rajshahi dan divonis hukuman mati. Adapun dua lainnya dibebaskan. Seharusnya
itulah akhir cerita, tapi tidak demikian. Keempat pria tersebut naik banding
ke Pengadilan Tinggi Bangladesh.

Ibu dan abang saya bekerja tanpa henti demi keadilan untuk ayah. Tapi, saya
justru merasa tidak berguna. Ketika putusan Pengadilan Negeri dijatuhkan, saya
baru keluar dari masa remaja dan belum dewasa sama sekali.

Keluarga saya senantiasa menjadi bantalan bagi saya, bahkan setelah ayah
meninggal. Mereka berkeras bahwa satu-satunya fokus saya adalah menyelesaikan
kuliah. Mereka mendukung saya, baik secara emosional maupun keuangan. Saya pun
menekuni pendidikan hukum, walau masih belum yakin apa yang harus dilakukan
dalam hidup.

Pada 2011, kasus pembunuhan ayah mencapai Pengadilan Tinggi. Pengadilan
memberikan pembebasan bersyarat selama masa persidangan kepada Dr Mia Mohammad
Mohiuddin, kolega ayah yang dituduh melakukan plagiarisme. Dia lalu menunjuk
lebih dari 10 pengacara dan pembelaannya jelas akan canggih.

Tiba-tiba, saya langsung fokus pada masa depan. Saya tahu apa yang harus
dilakukan kelak. Saya bisa menggunakan gelar sarjana hukum untuk membantu
proses dakwaan terhadap pembunuh ayah.

Saya berada dalam posisi unik. Saya bisa membantu keluarga saya, menerjemahkan
dokumen hukum untuk mereka. Di sisi lain, saya mengenal polisi, saya mengenal
ayah, saya mengenal dua di antara terdakwa. Saya bisa berperan penting dalam
kasus ini sehingga ada keadilan untuk ayah.

![Shagufta Ahmed, perempuan,
hukum](https://c.files.bbci.co.uk/4F1B/production/_124715202_shagufta_legal.jpg)

 _Shagufta Ahmed mengenakan toga advokat sesaat sebelum menjalani persidangan.
(Salman Saeed)_

Saya lulus kuliah pada 2012 dan memulai membantu pengacara penuntut. Di
Bangladesh, tidak banyak perempuan pengacara di pengadilan pidana, namun semua
orang bisa melihat nilai saya dan menyambut saya sebagai bagian dari tim. Di
sinilah saya menghabiskan semua waktu. Saya menolak kasus-kasus lain agar bisa
berfokus pada kasus pembunuhan ayah.

Pada 2013, Pengadilan Tinggi mengeluarkan putusan. Vonis hukuman mati terhadap
Dr Mia Mohammad Mohiuddin dan Jahangir Alam tetap diberlakukan. Namun dua
kerabat Alam, dikurangi hukumannya dari hukuman mati ke penjara seumur hidup.
Hakim menyatakan mereka hanya membantu aksi pembunuhan, sedangkan Mohiuddin
dan Alam adalah dalangnya.

Akan tetapi, itu belum akhir cerita.

Jahangir Alam dan dua kerabatnya mengaku telah membunuh ayah saya setelah
didekati dan dibayar Mohiuddin. Beberapa saat kemudian, pengacara Mohiuddin
kembali mengajukan banding, kali ini ke Mahkamah Agung Bangladesh.

Saya meneliti sejumlah dokumen, menyiapkan berkas-berkas, menyusun lini waktu,
menggambarkan profil kriminal, berdiskusi dengan para pengacara, serta menjaga
semangat abang dan ibu.

Dari siang sampai larut malam, akhir pekan, hingga beberapa kali Ramadan, kami
berdoa dan menjaga tujuan kami keadilan dan kedamaian untuk ayah.

Pada saat itu, saya telah menjadi pengacara berusia 30-an tahun dengan sebuah
misi dan bukanlah gadis remaja yang dunianya berakhir pada 2006.

Namun, kami terbelenggu oleh waktu sidang di pengadilan. Kami menunggu delapan
tahun sampai sidang banding digelar.

![Shagufta, perempuan,
hukum](https://c.files.bbci.co.uk/9D3B/production/_124715204_shagufta_mother.jpg)

 _Shagufta dan ibunya melihat koran yang memberitakan persidangan pembunuhan
ayah dan suami mereka. (Salman Saeed)_

Dr Mohiuddin adalah seorang pria kaya dan punya banyak koneksi. Saudara
iparnya adalah seorang politisi Bangladesh yang berpengaruh. Dia memiliki
sumber daya dan tim pengacara.

Para pengacara ini berargumen bahwa Dr Mohiuddin tiada sangkut-pautnya dengan
pembunuhan ayah saya, bahwa dia dan ayah saya selalu berteman dekat dan tidak
ada bukti fisik yang mengarah padanya.

Tapi argumen itu berbeda dengan pengakuan detil ketiga pria dalam persidangan.
Perilakunya juga bukan tergolong sebagai seorang sahabat. Dr Mohiuddin, pria
yang kerap mengunjungi kami selama bertahun-tahun, tidak datang saat ayah saya
dimakamkan. Dia adalah satu-satunya staf fakultas yang tidak hadir. Dia pun
tidak pernah menjumpai kami untuk menawarkan sokongan.

Mahkamah Agung, dengan begitu banyak tumpukan kasus, tidak menggelar kasus
ayah saya sampai akhir tahun lalu. Baru pada 5 April 2022, panelis enam hakim
pimpinan Hakim Hasan Foez Siddique menyimpulkan Dr Mia Mohammad Mohiuddin
bersalah atas pembunuhan ayah saya dan meneguhkan vonis hukuman mati
terhadapnya.

Setelah putusan dijatuhkan, saya merilis pernyataan atas nama keluarga saya
yang berisi kegembiraan kami dengan vonis tersebut. Tapi saya tidak yakin
""gembira"" adalah kata yang tepat.

Saya tidak punya kata-kata untuk menjelaskan apa yang terjadi pada keluarga
kami selama 16 tahun. Rasa sakitnya tidak terbayangkan. Kadang kala saya
bertanya apakah saya bisa merasakan kedamaian mengingat ayah saya meninggal
dengan cara seperti itu.

Perjuangan demi keadilan dan kedamaian bagi ayah telah mendominasi masa dewasa
saya, sampai-sampai kehidupan pribadi saya tertunda. Orang-orang bertanya
apakah saya mau membentuk rumah tangga dan keluarga sendiri.

Mungkin saya mengincar tujuan agar para pembunuh ayah saya mati. Mungkin itu
adalah akhir cerita. Ayah adalah dunia saya. Dia adalah pria yang baik,
sederhana, dan bijak.

Yang dilakukan para pembunuh terhadap ayah saya, hanya karena Dr Mohiuddin
berisiko kehilangan pekerjaan, tidak masuk akal. Namun, untuk ayah, saya akan
meneruskan kehidupan, berjuang demi keadilan, dan hidup yang layak.

![](https://a1.api.bbc.co.uk/hit.xiti/?s=598346&p=indonesia.magazine.story.61522254.page&x1=%5Burn%3Abbc%3Acps%3Acurie%3Aasset%3A189a4506-8d31-4aeb-9fea-a3caf5d03d2a%5D&x4=%5Bid%5D&x5=%5Bhttps%3A%2F%2Fwww.bbc.com%2Findonesia%2Fmajalah-61522254%5D&x7=%5Barticle%5D&x8=%5Bsynd_nojs_ISAPI%5D&x9=%5BKasus+pembunuhan+ayah+saya+sendiri+adalah+kasus+pertama+saya+-+Kisah+perempuan+pengacara+di+Bangladesh%5D&x11=%5B2022-05-21T01%3A11%3A52Z%5D&x12=%5B2022-05-21T01%3A11%3A52Z%5D&x19=%5Bdetik.com%5D)

 ",www.detik.com
"Berawal dari Jeratan Pinjol, Ibu Bunuh Anak Balitanya di Semarang","Minggu, 15 Mei  2022 08:26 WIB","\-

Seorang ibu di Semarang bernama Riska (34) tega menghabisi nyawa anak
balitanya sendiri dalam kamar hotel. Kasus ini berawal lilitan tagihan
pinjaman online (pinjol) yang menyebabkan Riska berkonflik dengan suami dan
berujung maut untuk anaknya.

Riska ditemukan dalam kondisi pingsan oleh petugas tergeletak dalam kamar
hotel di salah satu hotel di kawasan Gajahmungkur, Semarang pada Selasa (10/5)
petang. Sementara anaknya yang masih berusia 3 tahun 7 bulan sudah meninggal
dunia saat ditemukan.

Diduga setelah membunuh anaknya, Riska berusaha bunuh diri.

Kapolrestabes Semarang, Kombes Irwan Anwar, saat jumpa pers kasus di
Mapolrestabes Semarang, Jalan DR Sutomo, Batursari, Semarang, Rabu (11/5/2022)
menjelaskan motif di balik kasus ini.

""Si tersangka ini merasa takut karena telah menggunakan uang milik mereka
suami istri,"" kata Kapolrestabes Semarang, Kombes Irwan Anwar, saat jumpa pers
kasus di Mapolrestabes Semarang, Jalan DR Sutomo, Batursari, Semarang, Rabu
(11/5/2022).

Irwan menyebut berdasarkan keterangan Riska, suaminya itu sosok yang baik dan
tak pernah marah. Oleh karenanya ketika ditegur suaminya, Riska menjadi kalut.

Setelah ditegur suaminya, Riska lalu kabur dan pergi ke salah satu hotel
bersama anak balitanya. Secara spontan, Riska berusaha melakukan upaya bunuh
diri setelah membekap anaknya hingga tewas.

Kepada polisi Riska mengaku nekat mengambil uang tabungan senilai puluhan juta
dan ditegur oleh suaminya. Uang puluhan juta itu akan dia gunakan untuk
melunasi pinjol.

""Rekeningnya kosong dari 39 juta sisa sejuta oleh istrinya disebut uang
tersebut telah digunakan oleh yang bersangkutan untuk membayar cicilan
(pinjaman) online,"" jelasnya.

Riska menyebut pihak yang meminjam di pinjol adalah temannya berinisial SS.
Tagihan itu dialamatkan kepadanya karena terlanjur meminjamkan identitasnya ke
SS.

Dengan identitas Riska, SS meminjam uang sebanyak Rp 12 juta. Namun, karena
tak pernah dibayar tagihan itu membengkak dan kini mencapai Rp 38 juta.

Polisi kemudian melacak keberadaan SS. Selain itu teror pinjol yang diterima
Riska juga didalami polisi.

  
  
  
[Gambas:Video 20detik]  

 ",www.detik.com
Sopir Truk Sawit Dirampok di Asahan Lalu Dibuang ke Labuhanbatu,"Senin, 09 Mei  2022 14:32 WIB","\-

Polisi menemukan seorang pria dengan kondisi tubuh terikat di Labuhanbatu,
Sumatera Utara. Pria yang merupakan warga Asahan itu, mengaku sebagai sopir
truk yang menjadi korban perampokan yang dibuang ke lokasi tersebut.

""Kita temukan setelah menerima informasi dari masyarakat, yang mengaku
mendengar suara minta tolong dari tempat itu,"" kata Kapolsek Bilah Hulu AKP
Ramses Panjaitan kepada , Senin (9/5/2022).

Ramses mengatakan pria tersebut ditemukan di Desa N-3, Kecamatan Bilah Hulu,
pada Minggu (8/5) pukul 23.40 WIB. Bernama Sapdam Sandi Zulfikar (27), warga
Aek Bange, Kecamatan Aek Loba, Asahan.

  

Saat ditemukan kaki, tangan dan mulutnya ditutup lakban serta diikat dengan
tali plastik. Selain itu celana pendeknya juga diturunkan ke bawah, dengan
tujuan untuk mempersulit gerak.

Kepada polisi, Sapdam mengaku merupakan seorang sopir truk bermuatan sawit,
yang telah dirampok sekelompok orang. Perampokan itu terjadi diAek Loba,
Asahan, pada Minggu (8/5) sore kemarin.

""Berdasarkan pengakuannya, perampokan itu dilakukan di Aek Loba, Asahan oleh
enam orang. Pelaku menggunakan alat seperti senjata api. Setelah ditodong dan
dilumpuhkan, perampok itu kemudian mengambil alih truknya dan kabur bersama
sawit sebanyak 8 ton tersebut,"" ujar Ramses.

Saat peristiwa terjadi, Sapdam sedang mengantarkan buah sawit dari Aek Bange
menuju pabrik, yang berada di Aek Loba. Ketika itu, dia berkendara seorang
diri tanpa didampingi kernet.

""Sedangkan dia, dipindahkan perampok ke mobil mereka, hingga akhirnya dibuang
di Desa N-3, Labuhanbatu. Mobilnya Terios warna silver,"" imbuhnya.

Kapolsek mengatakan hingga siang ini, Sapdam masih berada di Polsek Bilah
Hulu. Menurutnya polisi masih mendalami keterangan yang diberikan Sapdam.

  
  
  
[Gambas:Video 20detik]  

 ",www.detik.com
"Menantu Kades di Bone Ditangkap, Curi Mesin Traktor Bantuan Kementan","Senin, 13 Jun 2022 23:40 WIB","\-

Seorang pria inisial IH (28) di Kabupaten Bone, Sulawesi Selatan (Sulsel)
diringkus polisi atas kasus pencurian mesin traktor tangan (hand tractor) yang
merupakan bantuan Kementerian Pertanian (Kementan). IH diketahui merupakan
menantu seorang kepala desa (kades).

""Pelaku pencurian mesin traktor sudah ditahan di Mapolres Bone. Masih
dilakukan penyelidikan terkait motifnya,"" kata Paur Humas Polres Bone IPDA
Rayendra Muhtar, saat dikonfirmasi, Senin (13/6/2022).

IH dilaporkan mencuri mesin hand tractor milik kelompok tani di Desa Matajang,
Kecamatan Dua Boccoe, pada Sabtu (28/5). Selanjutnya pelaku IH diamankan pada
Senin (30/5).

  

Rayendra menyebut, dari hasil pemeriksaan sementara, IH menjual hasil
curiannya itu kepada salah seorang penada di Desa Tawaroe, Kecamatan Dua
Boccoe dengan harga Rp 41 juta. Barang itu kemudian dijual lagi ke Kabupaten
Sinjai.

""Untuk saat ini (motif pencurian) sementara mendapatkan keuntungan pribadi
saja,"" sebutnya.

Menurutnya, kasus ini akan didalami dengan meminta keterangan dari Kepala Desa
Matajang. Sebab, mesin traktor tangan yang dicuri tersebut merupakan bantuan
Kementan.

""Kita akan periksa. Kaitannya tentunya karena barang tersebut bantuan maka
perlu ada keterangan tentang itu dari Pak Desa,"" jelasnya.

Sementara itu, anggota Kelompok Tani Desa Matajang, Hendri mengungkapkan
pelaku diduga beraksi saat tengah malam. Kasus ini pun diharapkan dapat diusut
tuntas termasuk terkait keterlibatan pihak lain.

""Alhamdulillah sudah ditangkap. Pelakunya ternyata menantu Kades Matajang.
Kami berharap kepada polisi agar mengungkap siapa-siapa oknum lain yang
terlibat termasuk motif dari pencurian mesin traktor bantuan pertanian
tersebut,"" ucapnya.

  
  
  
[Gambas:Video 20detik]  

 ",www.detik.com
"Diduga Curi Mobil Penjual Kue Keliling, Oknum Polisi di Sulut Dilaporkan","Minggu, 29 Mei  2022 02:40 WIB","\-

Oknum polisi Briptu RG dilaporkan ke Polres Kotamobagu, Sulawesi Utara (Sulut)
atas tuduhan pencurian dan penggelapan mobil minibus milik wanita penjual kue
keliling. Briptu RG dipolisikan oleh Muktar selaku suami penjual kue keliling
tersebut.

Laporan polisi milik Muktar teregistrasi di Polres Kotamobagu dengan nomor
LP/B/398/IX/2021/SULUT/SKPT-RES KTGU. Briptu RG dituding bekerja sama dengan
pria inisial C dan IP dalam menjalankan aksinya.

""Ini oto (mobil) istri punya. Dia beli dari hasil jualan kue naik-turun
kantor, keliling kampung-kampung jualan kue,"" ujar Muktar kepada wartawan,
Sabtu (28/6/2022).

  

Muktar mengatakan mobilnya awalnya dirental oleh pria berinisial C pada 19
Desember 2020. Namun dia menerima kabar bahwa mobil itu ditarik dari tangan C
oleh pihak leasing dengan alasan menunggak cicilan tiga bulan.

""Seharusnya kembalikan (mobil) tanggal 20 Desember. Sekitar jam 2 dia (pelaku)
hubungi kalau mobilnya bermasalah soal tagihan, katanya dari pihak leasing
tarik kendaraan,"" katanya.

Akibatnya Muktar pergi ke kantor leasing dan meminta penjelasan di perusahaan
tersebut. Muktar mengaku keberatan karena sebelumnya mereka telah bersepakat
dengan pihak leasing bahwa pembayaran tunggakan diselesaikan pada 28 Desember
2020.

Hanya saja usaha Muktar itu tak berhasil sehingga dia sempat pasrah. Apalagi
pembayaran denda kendaraan disebutnya sudah mencapai puluhan juta.

""Memang kendaraan ada tunggakan kurang lebih 3 bulan pada Desember 2020. Kita
(saya) ada komunikasi dengan pimpinan finance itu bahwa tanggal 28 Desember
kita (saya) akan lunasi tunggakan itu yang kurang lebih 3 bulan,"" imbuhnya.

Belakangan Muktar mengetahui kejadian yang sebenarnya bahwa mobilnya tidak
ditarik perusahaan leasing. Muktar mengklaim Briptu RG adalah orang yang
sengaja mengirim pria C merental mobil kepada Muktar sehingga RG bisa dengan
mudah menarik mobil tersebut.

Briptu RG juga diduga meminta rekannya, IP untuk menjual mobil itu yang mana
uang hasil penjualan mobil diberikan RG kepada istrinya.

""Dia (Briptu RG) suruh datang sewa kita pe (saya punya) kendaraan, bahkan uang
sewa pakai oknum anggota. Setelah sewa oto (mobil) bawa ke oknum polisi. Iya
karena dia yang atur, dia yang suruh. Bawa oto (mobil) dan jual. Jadi dia
punya otak ini semua ada di sini pa dia (Briptu RG),"" jelasnya.

Muktar berharap mobilnya bisa dikembalikan. Dia mengatakan istrinya sudah
bersusah payah berjualan kue keliling agar bisa membeli mobil tersebut.

""Lama juga dia nabung itu, sampai dia punya keinginan punya kendaraan supaya
kalau hujan dia bisa jual kue pakai oto (mobil),"" imbuhnya.

menghubungi Kapolres Kotamobagu AKBP Irham Halid untuk meminta konfirmasi soal
laporan Muktar. Namun dia belum memberikan tanggapan.

  
  
  
[Gambas:Video 20detik]  

 ",www.detik.com
Duh! Sekuriti di Purbalingga Curi Ponsel di Toko yang Dijaganya,"Kamis, 09 Jun 2022 13:12 WIB","\-

Sekuriti toko _handphone_ (HP) di Purbalingga harus berurusan dengan polisi.
Alih-alih menjaga keamanan toko, dirinya kedapatan mencuri _handphone_ di
tempat dirinya bekerja.

""Tersangka yang diamankan yaitu SD alias NK (34) warga Desa Ciberem, Kecamatan
Sumbang, Kabupaten Banyumas,"" kata Wakapolres Purbalingga Kompol Pujiono,
Kamis (9/6/2022).

Menurutnya, awal mula kasus itu diketahui pada Senin (30/5), saat salah satu
karyawan melakukan pengecekan stok barang di toko. Namun saat dicek, ada satu
unit _handphone_ yang hilang.

""Karyawan toko kemudian melakukan pengecekan CCTV dan terlihat ada seseorang
yang mengambil _handphone_ tersebut, kemudian peristiwa dilaporkan ke Polsek
Purbalingga,"" ungkapnya.

Atas laporan itu, kata Pujiono, kemudian Unit Reskrim Polsek Purbalingga
melakukan pemeriksaan TKP dan meminta keterangan saksi. Kemudian melakukan
penyelidikan hingga berhasil mengidentifikasi pelaku yang ternyata sekuriti di
toko tersebut.

""Setelah diidentifikasi, pelaku pencurian berhasil diamankan pada Rabu (8/6)
di rumahnya, berikut barang bukti _handphone_ Samsung Galaxy A33 5G yang masih
dalam dus belum dibuka,"" terangnya.

Pihaknya menambahkan, berdasarkan pengakuan tersangka, ia nekat mencuri di
toko karena ingin memiliki _handphone_ yang lebih bagus dari miliknya. Setelah
bekerja selama sebulan di toko _handphone_ tersebut, ia pun melakukan aksi
pencurian.

""Tersangka dikenakan Pasal 362 KUHP tentang Pencurian. Ancaman hukuman pasal
tersebut yaitu pidana penjara selama-lamanya lima tahun,"" pungkasnya.

  
  
  
[Gambas:Video 20detik]  

 ",www.detik.com
Pembunuh Sadis Bocah Banjarnegara Gegara HP Divonis 19 Tahun Bui,"Rabu, 18 Mei  2022 19:54 WIB","\-

Pembunuh sadis bocah 9 tahun gegara HP atau ponsel di Banjarnegara, Wahyudi
(18), divonis 19 tahun penjara oleh Pengadilan Negeri (PN) Banjarnegara.
Terdakwa terbukti melakukan pembunuhan berencana terhadap korban yang tak lain
adalah sepupunya sendiri.

Vonis dibacakan oleh majelis hakim Niken Rochayati sebagai Hakim Ketua, dan
Tomi Sugianto serta Arief Wibowo sebagai Hakim Anggota, dalam persidangan yang
digelar di PN Banjarnegara.

""Terdakwa terbukti melakukan tindak pidana pembunuhan berencana sebagaimana
dalam dakwaan Kesatu Primair Penuntut Umum Pasal 340 KUHP,"" kata hakim Niken
Rochayati saat membacakan vonis, Rabu (18/5/2022).

""Dan menjatuhkan pidana terhadap terdakwa dengan pidana penjara selama 19
tahun,"" lanjutnya.

Sementara itu, Humas PN Banjarnegara Arief Wibowo usai persidangan menyebutkan
bahwa vonis tersebut lebih tinggi dari tuntutan jaksa penuntut umum (JPU) yang
menuntut hukuman penjara selama 18 tahun.

""Tuntutan penuntut umum 18 tahun, naik 1 tahun,"" ujarnya.

Selain itu, Arief menyebutkan hal yang memberatkan terdakwa adalah telah
membunuh korban dengan cara yang keji. Selain itu, juga disertai perbuatan
lain yaitu mengambil ponsel milik korban.

""Perbuatan terdakwa membunuh korban dengan cara yang keji. Juga disertai
perbuatan lain yaitu mengambil handphone korban. Dan terdakwa ini meresahkan
masyarakat,"" jelas Arief.

Diberitakan sebelumnya, seorang bocah 9 tahun warga Desa Wanaraja, Kecamatan
Wanayasa, Banjarnegara, dikabarkan hilang pada Minggu (9/1). Korban akhirnya
ditemukan tewas di tebing hutan.

Saat pencarian, warga sempat menginterogasi Wahyudi karena dirinya yang pergi
terakhir bersama korban. Namun pelaku ini sempat tidak mengakuinya.

Pelaku kemudian dibawa ke Polsek Wanayasa untuk dimintai keterangan lebih
lanjut. Setelah dilakukan interogasi oleh polisi baru akhirnya pelaku mengakui
perbuatan sadisnya itu.

  
  
  
[Gambas:Video 20detik]  

 ",www.detik.com
Maling Modus Servis Kompor Curi Emas-Permata Warga di Soppeng,"Sabtu, 28 Mei  2022 04:32 WIB","\-

Seorang warga di Kabupaten Soppeng, Sulawesi Selatan (Sulsel) menjadi korban
pencurian modus menawarkan jasa servis kompor. Barang berharga emas dan
permata hilang dibawa kabur pelaku.

""49 gram emas, ada juga permata yang hilang,"" kata kerabat korban, Ami Ks
Dalle kepada Jumat (27/5/2022).

Aksi pencurian itu terjadi di Dusun Amessangeng, Desa Goarie, Kecamatan
Marioriwawo, Kabupaten Soppeng pada Rabu (25/5/2022). Ami mengungkapkan,
pencurinya diduga ada dua orang.

  

Dalam melancarkan aksinya kedua pelaku tugas. Satu pelaku berpura-pura
memperbaiki kompor gas, sementara lainnya menunggu di luar rumah korban.

""Memang di rumah itu sendiri _ji_ (korban) Petta Aji tinggal. Yang diambil
juga warisan dari suaminya yang tak ternilai harganya,"" sebutnya.

Informasi yang dihimpun, aksi pencurian di Dusun Amessangeng sudah sering kali
terjadi. Pencuri selalu membidik rumah yang hanya ditinggali satu orang.

""Sudah ada beberapa korban di kampung ini. Rata-rata mereka yang tinggal
sendiri semua di rumahnya, dan belum pernah melapor ke polisi,"" tambah Ami.

Terpisah Kapolres Soppeng AKBP Santiaji Kartasasmita mempersilakan korban
untuk melaporkannya ke kantor polisi. Namun pihaknya akan mengatensi kasus
ini.

""Harusnya korban laporkan saja ke Polres Soppeng. Nanti kita lidik,"" ucap
Santiaji.

Dia juga mengingatkan kepada seluruh masyarakat Soppeng agar berhati-hati
dalam menerima tamu. Jika perlu jangan menerima tamu jika tidak dikenali.

""Nanti akan antisipasi kejadian yang terjadi di Amessangeng agar tidak terjadi
di daerah lain,"" jelasnya.

  
  
  
[Gambas:Video 20detik]  

 ",www.detik.com
Emak-emak di Pasuruan Curi Motor Teman Berdalih Terlilit Utang,"Rabu, 06 Apr 2022 21:11 WIB","\-

Seorang ibu rumah tangga asal Sidoarjo ditangkap atas dugaan pencurian sepeda
motor di wilayah Gempol, Pasuruan. Ibu tersebut yakni Endang Sri Wahyuni (48)
warga Desa Lajuk, Kecamatan Porong. Ia mengaku gelap mata mencuri motor
temannya karena terlilit utang.

""Pengakuan sementara setelah ditangkap karena butuh uang bayar utang,"" kata
Kanitreskrim Polsek Gempol, Iptu Khoirul Anam, Rabu (6/4/2022).

Khoirul menjabarkan pencurian terjadi pada Kamis (10/3/2022) sekitar pukul
10.00 WIB. Pelaku membawa kabur motor milik rekan kerjanya di sebuah rumah
konveksi di Dusun Melikan, Desa Kejapanan, Kecamatan Gempol.

Pelaku membawa kabur motor Honda Beat hitam bernopol W 5221 UO dengan cara
mendorongnya sejauh 5 kilometer. Sampai di sebuah bengkel, ia meminta tolong
membuka kunci.

Setelah berhasil menghidupkan motor, pelaku pergi ke Pasar Baru Porong,
Sidoarjo. Di sana ia langsung menjual motor curiannya ke orang yang baru
dikenalnya.

""Motornya langsung dijual dan laku dengan harga Rp 1.600.000,"" jelas Khoirul.

Menurut pengakuan pelaku, ia baru pertama kali melakukan pencurian motor.
Kendati demikian, polisi masih mendalami kasus ini.

""Ngakunya sekali. Tapi kami masih dalami kasusnya,"" pungkasnya.

  
  
  
[Gambas:Video 20detik]  

 ",www.detik.com
"Enggak Kapok-kapok, Kaki Residivis Curanmor di Bondowoso Ditembak Lagi","Rabu, 11 Mei  2022 11:23 WIB","\-

Polisi terpaksa menembak kaki seorang residivis di Bondowoso. Pasalnya, pelaku
berusaha kabur saat dikeler untuk menunjukan barang bukti.

Pelaku yakni AB (40), warga Desa/Kecamatan Jambesari, Bondowoso. Selama ini
pelaku dikenal sebagai 'alap-alap' curanmor. Terakhir ia beraksi di 10 TKP
berbeda di wilayah Bondowoso.

""Karena berusaha lari saat dikeler, terpaksa kami lakukan tindakan tegas
terukur,"" ungkap Kasat Reskrim Polres Bondowoso AKP Agus Purnomo saat
dikonfirmasi detikJatim di kantornya, Rabu (11/5/2022).

Agus menambahkan, pelaku memang merupakan spesialis curanmor yang dikenal
licin. AB juga sering keluar masuk penjara karena kasus yang sama.

Ini juga bukan kali pertama polisi menghadiahkan timah panas ke kakinya.
Beberapa tahun silam kaki AB juga pernah ditembak karena melawan polisi saat
akan ditangkap.

""Saat ini dalam proses pengembangan. Untuk mengetahui anggota komplotannya
yang lain. Identitasnya sudah kami kantongi semua,"" terang Agus Purnomo.

Dari tangan pelaku, polisi mengamankan 5 unit sepeda motor sebagai barang
bukti. Aksi AB terungkap berkat rekaman CCTV. Dari situ, polisi yang telah
mengantongi identitasnya lantas menciduk AB di rumahnya. Saat diinterogasi di
rumahnya, AB mengakui terus terang telah beraksi di 10 TKP di berbagai wilayah
di Bondowoso. Di masing-masing lokasi dia berhasil menggondol 1 unit sepeda
motor.

Pelaku lantas dikeler untuk menunjukkan hasil kejahatannya. Namun baru
menunjukkan 5 TKP berikut sepeda motornya, pelaku berusaha kabur. Polisi
terpaksa menembak kakinya.

  
  
  
[Gambas:Video 20detik]  

 ",www.detik.com
"Bocah SMP Bandung Diperkosa di Angkot, Dishub Turun Tangan","Kamis, 19 Mei  2022 16:30 WIB","\-

Siswi SMP berusia 15 tahun diperkosa sopir angkutan kota (angkot) di Bandung
bernama Deri Aryanto (32) di dalam angkot. Dinas Perhubungan (Dishub)
Kabupaten Bandung Barat (KBB) bakal turun tangan mengecek pemilik serta
eksistensi angkot yang dipakai untuk memerkosa korban.

Dilansir dari detikJabar, Kamis (19/5/2022), korban diperkosa sopir angkot
jurusan Cijenuk-Cililin itu pada Senin (9/5) lalu sekitar pukul 23.00 WIB.
Aksi bejat itu dilakukan Deri di kawasan Cipongkor, KBB.

""Terkait kejadian itu kami akan pastikan dulu terkait eksistensi angkot
tersebut. Kita cek nanti siapa pengusahanya (pemilik), kemudian apakah trayek
masih berlaku atau tidak dan kelengkapan administrasinya,"" kata Kepala Dishub
Bandung Barat Lukmanul Hakim kepada wartawan, hari ini.

Selain itu, pihaknya bakal memastikan status sopir angkot tersebut apakah
sopir resmi yang ditunjuk pengusaha maupun pemilik angkot atau sopir tembak.

""Untuk sopirnya akan kita cek apakah sopir itu namanya tercantum sebagai sopir
yang dipekerjakan langsung oleh pengusaha atau di luar itu,"" ucap Lukmanul.

Jika dari hasil pengecekan didapati ada unsur kelalaian dari pengusaha,
pihaknya bakal menjatuhkan sanksi administrasi kepada yang bersangkutan.

Simak berita selengkapnya di sini.

[Gambas:Video 20detik]

  
  

 ",www.detik.com
"Hanya Salah Paham, Kasus 'Perampokan' Cegat Mobil di Jakbar Berakhir Damai","Rabu, 04 Mei  2022 17:44 WIB","\-

Polisi telah mempertemukan terlapor dan pelapor terkait kasus dugaan
perampokan dengan modus cegat mobil yang sempat viral di Kembangan, Jakarta
Barat. Kedua belah pihak ini sepakat berdamai.

""Si pelapor tidak melanjutkan perkaranya dan tidak akan menuntut kepada pihak
kepolisian baik pidana maupun perdata,"" kata Kanit Reskrim Polsek Kembangan
AKP Reno Apri Wijayanto saat dihubungi, Rabu (4/5/2022).

Pelapor dalam kasus ini merupakan pengendara mobil yang laju kendaraannya
dicegat oleh pengendara motor inisial M (45) selaku terlapor. Reno menyebut
pihak terlapor pun turut membuat surat pernyataan untuk berdamai dengan
pelapor.

""Pihak terlapor juga kita buatkan surat pernyataan bahwa tidak akan mengulangi
perbuatannya. Kita upayakan sesuai dengan arahan Pak Kapolres untuk
restorative justice,"" katanya.

### Tak Ada Perampokan

Reno mengatakan peristiwa itu terjadi pada Senin (2/5). Awalnya, kendaraan
milik pelapor dihadang lajunya sebanyak dua kali oleh pemotor M.

Saat itu pemotor M lalu melontarkan kalimat 'buka kaca'. Kalimat itu dimaknai
oleh pelapor sebagai upaya percobaan perampokan.

Polisi membantah adanya tindakan perampokan yang telah dilakukan oleh pemotor
M. Tindakan kekerasan pemotor kepada pemobil pun tidak terjadi di lokasi.

""Kalau yang bersangkutan itu hanya dihadang laju kendaraannya oleh si terlapor
sebanyak dua kali. Tapi unsur untuk masuk ke percobaan perampokannya sesuai
fakta-fakta dari klarifikasi tidak ada, belum kita temukan peristiwa
pidananya,"" tutur Reno

### Hanya Salah Paham

Reno mengatakan aksi penghadangan yang dilakukan oleh pemotor M kepada mobil
pelapor usai merasa kesal difoto dari dalam mobil oleh pelapor. Dia lalu
mengejar mobil pelapor.

""Informasi dari keterangan terlapor bahwa si pelapor ini ada kegiatan main
handphone yang menurut keterangan terlapor melakukan kegiatan foto-foto ke
terlapor sehingga dikejar oleh terlapor,"" ujar Reno.

""Iya jadi nggak terima ada kegiatan foto-foto makanya dikejar itu,"" tambahnya.

Polisi memang sempat mengamankan pemotor M pada Senin (5/5) sore. Namun, dari
hasil klarifikasi pelapor dan terlapor di Polsek Kembangan, polisi memastikan
tindakan perampokan itu tidak ada.

""Tidak ada. Jadi bahasa percobaan perampokan itu hanya kesalahapahaman yang
diedarkan pelapor,"" pungkas Reno.

[Gambas:Video 20detik]

  
  

 ",www.detik.com
"Bermodus Beri Bantuan COVID-19, Penipu di Pati Gasak Perhiasan Warga","Minggu, 01 Mei  2022 14:31 WIB","\-

Seorang pria di Pati ramai-ramai ditangkap warga lantaran tertangkap basah
menggasak perhiasan. Dia lantas diserahkan ke polisi setelah dihakimi massa.

Kasi Humas Polres Pati, Iptu Sukarno mengatakan bahwa pelaku berinisial OS
(29) itu merupakan warga Pemalang. Dia melakukan aksinya bersama salah satu
kawannya yang hingga kini masih buron.

Adapun peristiwa itu terjadi pada Jumat (29/4) lalu. Kedua pelaku mendatangi
rumah korbannya warga Desa Mecon, Kecamatan Pucakwangi, Pati.

""Modus operasi pelaku berpura-pura menawarkan bantuan uang tunai COVID-19,""
kata Iptu Sukarno saat dimintai konfirmasi, Minggu (1/5/2022).

Kepada korbannya, pelaku menjelaskan bahwa salah satu syarat untuk memperoleh
bantuan adalah berfoto tanpa mengenakan perhiasan. Korban yang percaya
terhadap kata-kata pelaku lantas melepas perhiasan yang dikenakan.

""Korban pun mau dan melepas cincin, gelang dan kalung. Perhiasan ini ditaruh
di atas meja kamar,"" ujar dia.

Setelah itu, pelaku berpura-pura ingin melihat dapur di rumah korban. Pada
saat itulah, pelaku yang lain mengambil perhiasan yang disimpan korban.
Setelah memperoleh perhiasan, pelaku itu memanggil OS dan mengajaknya pergi.

Beruntung, gerak-gerik itu membuat korban curiga. Dia langsung mengecek
perhiasannya dan ternyata sudah tidak berada di tempatnya. Dia lantas mengejar
dua pelaku itu sambil berteriak maling.

Warga yang mendengar teriakan itu lantas keluar dan ikut mengejar pelaku.
Sayang, salah satu pelaku inisial B (45) lolos. Sementara OS yang berhasil
ditangkap sempat dihakimi oleh warga.

  
  
  
[Gambas:Video 20detik]  

 ",www.detik.com
"Terbukti Bunuh Handi-Salsa, Kolonel Priyanto Divonis Seumur Hidup Penjara!","Selasa, 07 Jun 2022 12:02 WIB","\-

Kolonel Inf Priyanto divonis seumur hidup dan dipecat dari TNI terkait perkara
kasus pembunuhan sejoli Handi Saputra (18) dan Salsabila (14) di Nagreg, Jawa
Barat. Priyanto dinyatakan bersalah membunuh Handi dan Salsa

""Menyatakan Terdakwa Kolonel Inf Priyanto secara hukum telah terbukti secara
sah meyakinkan bersalah melakukan tindak pidana kesatu pembunuhan berencana
dilakukan secara bersama sama sebagaimana dalam dakwaan primair dalam dakwaan
ke satu primair dan kedua perampasan kemerdekaan orang lain yang dilakukan
bersama sama sebagaimana dalam dakwaan alternatif kedua dan ketiga
menghilangkan mayat dengan maksud menyembunyikan kematiannya yang dilakukan
bersama sama. memidana terdakwa oleh krn itu dengan pidana pokok penjara
seumur hidup pidana tambahan dipecat dari dinas militer,"" ujar ketua majelis
hakim Brigjen Faridah Faisal di Pengadilan Militer Tinggi II Jakarta, Cakung,
Jakarta Timur, Selasa (7/6/2022).

Priyanto dinyatakan bersalah melanggar Pasal 340 KUHP, Pasal 333 KUJP, Pasal
333 KUHP juncto Pasal 55 ayat 1 Ke-1 KUHP.

Diketahui, oditur militer menuntut Kolonel Inf Priyanto dipenjara seumur hidup
terkait kasus ini. Oditur militer meyakini Priyanto bersalah melakukan tindak
pidana pembunuhan berencana, penculikan, menyembunyikan mayat.

""Menuntut agar majelis hakim yang memeriksa mengadili perkara menyatakan
terdakwa terbukti secara sah dan meyakinkan bersalah melakukan tindak pidana
pembunuhan berencana, penculikan, menyembunyikan mayat,"" kata Kolonel Sus
Wirdel Boy saat membacakan tuntutan.

""Menjatuhkan pidana terhadap terdakwa dengan pidana penjara selama penjara
seumur hidup, pidana tambahan dipecat dari dinas militer TNI AD,"" imbuhnya.

Kasus ini bermula ketika Kolonel Priyanto dan dua anak buahnya menabrak Handi
dan Salsa di Nagreg. Bukannya menolong korban, Kolonel Priyanto cs malah
membawa mereka hingga keluar dari Jabar dan membuang tubuh kedua korban ke
anak Sungai Serayu. Salsa dibuang ke sungai dalam kondisi meninggal dunia.

Handi diduga dibuang ke sungai dalam kondisi masih hidup. Jasad kedua korban
ditemukan di Sungai Serayu. Dari ketiga tersangka, diketahui Kolonel Priyanto-
lah yang menolak membawa Handi-Salsa ke rumah sakit setelah kecelakaan akibat
tabrakan dengan mobilnya. Dia juga yang memiliki ide membuang tubuh Handi-
Salsa ke sungai.

Kolonel Priyanto diyakini oditur melanggar Pasal 340 KUHP, Pasal 338 KUHP,
Pasal 328 KUHP, Pasal 333 KUHP, dan Pasal 181 KUHP juncto Pasal 55 ayat 1 Ke-1
KUHP.

 ",www.detik.com
"Kepepet Modal Nikah, Pemuda Buleleng Nekat Bobol Toko Senapan Angin","Rabu, 25 Mei  2022 18:51 WIB","\-

Seorang pria bernama Umaro alias Marok (25) warga Desa Pegayaman, Kecamatan
Sukasada, Kabupaten Buleleng ditangkap polisi karena mencuri senapan angin.
Marok nekat melakukan aksinya tersebut lantaran kepepet biaya untuk menikah.

Aksinya tersebut diketahui dilakukan pada malam tahun baru tepatnya pada 1
Januari 2021 lalu, di toko Lubdaka 117 Jalan Jelantik Gingsir Lingkungan
Sukasada.

Aksinya pun tidak dilakukan sendirian melainkan secara berkelompok bersama
seorang rekannya bernama Agus Manaf. Keduanya sama-sama berasal dari Desa
Pegayaman. Dari toko tersebut keduanya sukses mengambil 23 pucuk senapan angin
berbagai jenis untuk dijual.

  

""Ini kasusnya setahun yang lalu. Mereka berhasil membobol toko senapan angin
yang berada di sebelah selatan SPBU Sukasada,"" kata Kapolsek Sukasada Kompol
Made Agus Dwi Wirawan, Rabu (25/5/2022).

Kata Kompol Made Agus Dwi kasus pencurian ini baru dilaporkan pemilik pada 1
Mei 2022 setelah ada seseorang yang datang melakukan service senapan angin
yang identik dengan barang yang hilang.

Berdasarkan bukti tersebut polisi, akhirnya melakukan penyelidikan dengan
menggali informasi dari saksi-saksi dan juga olah TKP yang akhirnya dugaan
tersangka mengarah kepada tersangka Marok dan Agus.

Berbekal dengan bukti tersebut, Tim Opsnal Polsek Sukasada akhirnya berhasil
menangkap Umaro pada Minggu, (30/4/2022) sekitar pukul 01.00 Wita. Sementara
tersangka lainnya yakni Agus Manaf diketahui telah meninggal dunia karena
gantung diri.

""Pengungkapan berawal dari petunjuk seorang melakukan service senapan angin
yang identik dengan barang yang hilang. Dari hasil penyelidikan polisi
mengarah kepadaMarok danrekannya yang sudah meninggal dunia,"" imbuhnya.

Berdasarkan hasil pemeriksaan, diketahui bahwa keduanya membagi peran ketika
pembobolan tersebut. Marok berperan sebagai pengendara motor dan mengawasi
situasi. Sedangkan rekannya Agus masuk ke dalam toko untuk mengambil barang.

Kemudian dari seluruh barang yang diambil yang masih tersisa hanya 1 pucuk
senapan angin laras Panjang Merk Sangatha warna coklat, biru dan hitam.

""Total senjata yang berhasil dibawa kabur 23 pucuk dengan total kerugian
kurang lebih Rp. 105 juta, baru 1 yang diamankan sisanya masih kami telusuri,""
jelasnya.

Sementara itu ketika ditanya oleh awak media, tersangka Marok mengaku nekat
ikut melakukan aksi pencurian itu lantaran membutuhkan modal untuk menikah.
Saat itu ia bercerita kepada Agus Manaf dan ditawari untuk melakukan aksi
pencurian di sebuah toko senapan angin.

""Saya dikasi 2 senjata ditambah uang Rp. 2 juta. Sementara sisanya itu Agus
Manaf yang bawa. Saya jual senjata itu Rp. 1 juta per unitnya, dan semuanya
sudah saya gunakan untuk modal nikah,"" tukasnya.

Atas perbuatannya itu tersangka Umaro alias Marok disangkakan telah melakukan
tindak pidana pencurian dengan pemberatan sebagaimana dimaksud dalam pasal 363
ayat (1) ke 4 KUHP dengan ancaman hukuman paling lama 7 tahun penjara.

  
  
  
[Gambas:Video 20detik]  

 ",www.detik.com
Jejak Kriminal Residivis Pembunuh Pria Tunawicara di Jakpus,"Senin, 13 Des 2021 16:36 WIB","\-

Polisi menangkap pria berinisial AS (20), pelaku pembunuhan sekaligus
perampokan pria tunawicara berinisial YW (25), di Kemayoran, Jakarta Pusat.
Pelaku diketahui sebagai seorang residivis.

""Perlu ditambahkan informasinya bahwa tersangka tersebut merupakan residivis,""
kata Dirkrimum Polda Metro Jaya Kombes Tubagus Ade Hidayat di Mapolda Metro
Jaya, Jakarta, Senin (13/12/2021).

Tubagus mengatakan pelaku memiliki catatan kriminal. AS pernah melakukan
sejumlah kasus pencurian hingga lintas pulau.

""Pertama dia terlibat pencurian besi di Palembang. Lalu yang bersangkutan
pernah melakukan pencurian kendaraan bermotor juga di Bandung terus yang
ketiga ada juga perkara yang sejenis. Terus yang terakhir melakukan kegiatan
yang barusan disampaikan oleh pak Kabid Humas,"" terang Tubagus Ade.

Dari hasil penyelidikan diketahui pelaku membunuh korban atas dasar motif
ekonomi. Pelaku AS memiliki niat mengambil motor dan _handphone_ korban.

### Pembunuhan Berencana

Atas dasar itu, polisi menjerat pelaku dengan pasal pembunuhan berencana.
Pelaku AS terancam hukuman mati atau penjara seumur hidup.

""Kenapa diterapkan 340 KUHP? Itu yang paling besar, yang paling tinggi ancaman
hukumannya. Kenapa ditetapkan itu? Karena sudah ditunjukkan peristiwa-
peristiwa yang dianggap sebagai satu persiapan untuk melakukan pembunuhan,""
terang Tubagus Ade.

""Jadi bukan seketika itu, tetapi semuanya sudah dipersiapkan makanya
diterapkannya ke 340 KUHP karena ada perencanaan, tetapi pembunuhan itu tidak
semata-mata membunuh, tetapi dimotivasi oleh mengambil barang sehingga kita
subsiderkan dan/atau Pasal 365 KUHP,"" tambahnya.

 _Simak selengkapnya di halaman selanjutnya_

Selanjutnya __

Halaman

1  2

 ",www.detik.com
Kisah Pria di Bulukumba Dibebaskan Jaksa Usai Curi Ponsel Demi Beli Susu Anak,"Jumat, 15 Apr 2022 04:30 WIB","\-

Seorang pria bernama Izham (39), pelaku pencurian ponsel di Kabupaten
Bulukumba, Sulawesi Selatan (Sulsel) kini bernapas lega. Kejaksaan Negeri
(Kejari) Bulukumba menghentikan kasusnya usai jaksa menerapkan restorative
justice.

""Izham, pelaku pencurian HP di Kabupaten Bulukumba, Provinsi Sulawesi Selatan
dibebaskan. Setelah jaksa penuntut umum menerapkan restorative justice
terhadap kasusnya,"" kata Kajari Bulukumba Cahyadi Sabri dalam keterangan
resminya yang diterima , Kamis (14/4/2022).

Penghentian kasus yang menjerat Izham sempat viral setelah Kejari Bulukumba
mengunggah videonya di media sosial pada Rabu (13/4). Izham terpaksa mencuri 1
unit ponsel di sebuah warung makan di Kelurahan Jalanrang, Kecamatan
Gantarang, Kabupaten Bulukumba pada 1 Februari 2022 lalu karena terhimpit
masalah ekonomi.

  

""HP itu dijual untuk dibelikan susu karena terkendala masalah perekonomian.
Setelah kita telusuri, kondisi ekonomi pelaku memang cukup memprihatinkan,""
jelasnya.

Tak lama setelah beraksi, Izham pun ditangkap polisi hingga kasusnya
dilimpahkan ke Kejari Bulukumba. Jaksa kemudian mempertemukan Izham dengan
korban sehingga tercapai kesepakatan untuk berdamai.

""Ihzam dipertemukan dengan korban untuk didamaikan,"" kata Cahyadi.

Izham diketahui merupakan kepala rumah tangga yang memiliki 1 istri dan 2 anak
yang masih balita, sementara dia tidak memiliki pekerjaan tetap. Izham
sebelumnya sempat berjualan barang campuran namun bangkrut karena terdampak
pandemi COVID-19.

""Apalagi pelaku sudah segala cara dilakukan untuk mendapatkan pekerjaan namun
belum dapat. Sehingga atas persetujuan dari Jaksa Agung muda tindak pidana
umum, akhirnya kasus pidana ini kita nyatakan dihentikan,"" ungkapnya.

Kini korban telah memaafkan perbuatan Izham. Sementara Izham sendiri telah
mengakui perbuatannya. Kasus ini diselesaikan secara kekeluargaan.

""Korban juga memaafkan pelaku dengan sepenuh hati. Kini Izham diperbolehkan
pulang ke rumahnya berkumpul kembali dengan keluarga tercinta setelah sempat
ditahan,"" bebernya.

""Pelaku meminta maaf kepada korban dan keluarganya. Ia berjanji tidak akan
mengulangi perbuatannya. Cahyadi mengatakan restorative justice terus
ditempuh. Untuk penyelesaian perkara tanpa melalui proses peradilan,"" sambung
Cahyadi.

  
  
  
[Gambas:Video 20detik]  

 ",www.detik.com
Menegangkan! Video Duel Polisi dengan Terduga Maling Motor di Pasuruan,"Kamis, 24 Feb 2022 11:45 WIB","\-

Bak superhero, seorang polisi Pasuruan berduel dengan pria pelaku pencurian
motor. Peristiwa menegangkan ini di jalan antarkelurahan Kebonagung,
Purworejo, Kota Pasuruan, Rabu (24/2/2022) malam.

Detik-detik penangkapan maling motor ini diketahui warga. Warga pun sempat
merekam peristiwa mendebarkan ini dengan kamera ponselnya.  
  
Salah seorang warga, Sugeng menceritakan polisi tersebut mengejar maling
menggunakan motor. Dia berteriak dan terus melajukan motornya dengan kencang.

""Pelaku bawa motor dikejar polisi. Polisi teriak 'maling, maling, maling'
gitu,"" kata Sugeng kepada , Kamis (24/2/2022).

![Polisi bekuk maling motor di Kota
Pasuruan](https://akcdn.detik.net.id/community/media/visual/2022/02/24/polisi-
bekuk-maling-motor-4_169.jpeg?w=620)Polisi dibantu warga bekuk maling motor di
Kota Pasuruan Foto: Muhajir Arifin  
  
---  
  
Sugeng mengungkapkan, terduga pelaku sebenarnya berjumlah dua orang dengan
membawa dua motor. Namun karena hanya satu polisi yang melakukan pengejaran,
seorang maling lolos. Sedangkan satu maling ditangkap.

Saat penangkapan berlangsung, polisi sempat berduel dengan maling tersebut.
Sang maling berusaha untuk lepas. Namun, polisi itu dengan sekuat tenaga
mencoba membekuk pelaku pencurian motor ini.

""Terus kena di depan kuburan,"" terang Sugeng.

Akhirnya, beberapa warga di lokasi ikut membantu mengamankan maling. Setelah
dibekuk, polisi melakukan penggeledahan. Polisi dan warga pun menemukan tiga
kunci T yang diduga digunakan sebagai alat melakukan kejahatan. Pria itu
kemudian dibawa ke Mapolres Pasuruan Kota.

  
  
  
[Gambas:Video 20detik]  

 ",www.detik.com
Maling Modus Pecah Kaca Mobil Beraksi di Bantul Gasak Duit Rp 30 Juta,"Selasa, 19 Apr 2022 15:30 WIB","\-

Polisi menciduk tiga maling modus pecah kaca mobil di Kapanewon Jetis,
Kabupaten Bantul. Komplotan asal Lampung ini menggasak uang puluhan juta
rupiah di Bantul untuk kebutuhan lebaran dan berfoya-foya di kawasan
Parangtritis.

Kapolres Bantul AKBP Ihsan mengatakan kejadian bermula saat tiga pelaku pria
inisial DP (22), DAP (19) dan BH (37) ketiganya warga Kabupaten Pesawaran,
Lampung, melakukan perjalanan darat ke Bantul. Sesampainya di Bantul,
ketiganya menginap di salah satu hotel di kawasan Pantai Parangtritis.

Selanjutnya, pada tanggal 13 April ketiganya mencari sasaran berupa mobil yang
diparkir. Namun, saat mencari sasaran ketiganya mendapat sebuah spa untuk bayi
dalam kondisi kosong.

""Jadi saat mencari sasaran ketiganya malah masuk ke dalam spa untuk bayi Jalan
Bakulan, Kalurahan Patalan, Kapanewon Jetis, Bantul dan mencuri 2 unit
smartphone,"" kata Ihsan saat jumpa pers di Polsek Jetis, Selasa (19/4/2022).

Tak berhenti di situ, ketiganya kembali berkeliling menggunakan dua motor
untuk mencari sasaran. Hingga akhirnya menemukan satu unit mobil yang
terparkir di Jalan Imogiri Barat, Pedukuhan Nogosari, Kalurahan Sumberagung,
Kapanewon Jetis.

""Dari TKP pertama pelaku mencari target dan ditemukanlah ada kendaraan yang
terparkir di Jalan Imogiri Barat. Lalu tidak sampai semenit pelaku memecahkan
kaca dengan obeng yang disiapkan dan mengambil tas di dalam mobil berisi uang
sekitar Rp 30 juta,"" ucapnya.

Setelah beraksi, komplotan tersebut langsung kembali ke penginapannya.
Sementara itu korban yang mendapati mobilnya sudah dibobol langsung melapor ke
Polsek Jetis.

""Lalu kita lakukan penyelidikan dan setelah dua hari atau tanggal 15 April
basecamp pelaku diketahui dan ditangkap di penginapan,"" katanya.

Selain itu, polisi menyita barang bukti berupa dua motor yang digunakan tiga
pelaku saat beraksi. Kemudian satu mata obeng ketok, dua smartphone yang
dicuri pelaku di spa bayi dan beberapa pakaian.

""Saat dilakukan penangkapan untuk barang bukti uang Rp 30 juta tidak
ditemukan. Dari hasil pengakuan pelaku, ternyata besoknya sudah ditransfer ke
keluarganya dan sisanya digunakan untuk foya-foya di kawasan Parangtritis,""
ujarnya.

Ketiga pelaku itu ternyata juga sengaja datang ke Bantul untuk melakukan aksi
pencurian dengan modus pecah kaca. Bahkan, ketiganya sudah merencanakan
aksinya, di mana pelaku DP yang pernah tinggal di Imogiri, Bantul, berperan
sebagai penunjuk jalan. Kemudian DAP (19) dan BH (37) sebagai eksekutor.

""Dari penelusuran belum ada yang residivis, tapi ketiganya ini sudah terlatih
untuk melakukan pencurian dengan modus pecah kaca. Modusnya mereka mencari
mobil yang ada isinya (barang berharga), kalau ketemu lalu berhenti dan
disikat, tapi kalau mobilnya tidak ada isinya pergi cari lainnya lagi,""
katanya.

Atas perbuatannya, ketiga pelaku disangkakan Pasal 363 KUHP tentang pencurian
dengan pemberatan atau curat. ""Untuk ancaman hukumannya 7 tahun penjara,""
imbuhnya.

Sementara itu, pelaku DP mengaku sebelumnya bekerja di bank plecit atau
rentenir di Bantul. Setelah dua tahun pulang, DP berdalih ingin kembali ke
Bantul untuk membuka usaha bank plecit.

""Tapi lihat itu tadi langsung kepikiran (mencuri). Dari hasil curian itu saya
dapat Rp 8,7 juta, terus yang Rp 2 juta saya kirim untuk orang rumah lebaran
dan sisanya untuk belanja dan senang-senang,"" kata DP yang dihadirkan dalam
jumpa pers.

Di kesempatan yang sama, DAP mengaku mendapatkan bagian dari hasil menggasak
uang Rp 30 juta itu. DAP mengaku menggunakan uang tersebut untuk foya-foya dan
lebaran.

""Kalau saya dapat Rp 6 juta, uangnya buat belanja baju lebaran, baju koko itu.
Selain itu untuk nyanyi di kawasan Parangtritis,"" ujar DAP.

""Saya dapat bagian Rp 6,5 juta, uangnya sudah buat foya-foya seperti karaoke
di Parangtritis. Kalau baju baru tidak beli, tapi buat makan saja,"" imbuh BH
di lokasi yang sama.

  
  
  
[Gambas:Video 20detik]  

 ",www.detik.com
Dana Bansos Rp 135 Juta untuk 5 Desa di Purwakarta Raib Dibegal,"Senin, 31 Agu 2020 21:24 WIB","\-

Dua pegawai desa yang bertugas sebagai agen Bantuan Pangan Non Tunai (BPNT)
dan membawa uang BST BPNT non PKH menjadi korban pembegalan. Dana BPNT untuk
lima desa pun raib di gondol pelaku.

Menurutnya Kapolsek Pasawahan Polres Purwakarta, AKP Edi Tejo Sukmono,
pembegalan terjadi usai kedua korban mengambil uang di bank sebesar Rp 135
juta dan disimpan di tas ransel berwarna hitam.

""Kedua korban itu dibegal saat pulang dari bank tepatnya di Jalan Kampung
Sawah Tengah, Pasawahan Kidul, tas yang dibawanya ditarik oleh pelaku hingga
korban terjatuh,"" katanya, Senin (31/8/2020).

Pelaku ini, AKP Edi menyebut menggunakan motor Suzuki Satria FU. ""Kami sudah
lakukan olah TKP. Kami juga mengamankan barang bukti serta meminta keterangan
para saksi,"" ujarnya.

Korban pembegalan bernama Irenanda (20) staf Desa Salem dan Linda Kurniawati
(29) Bendahara Desa Situ, Kecamatan Pondoksalam. Korban membawa dana BPNT
untuk lima desa yakni; Desa Pondoksalam, Desa Sukajadi, Desa Parakan, Desa
Situ dan Desa Galudra.

Aksi pembegalan ini pun terekam kamera CCTV salah satu rumah warga. Di sana
tampak sepeda motor yang dikendarai korban diikuti empat kawanan perampok yang
menaiki dua sepeda motor.

""Mereka menganiaya dua korban dan kabur membawa uang bantuan untuk lima desa
di Kecamatan Pondoksalam. Warga kemudian melihat korban sudah tergeletak penuh
luka, Korban dilarikan ke RSUD Purwakarta,"" katanya.

 ",www.detik.com
Pembegalan Gunakan Senpi di Wisata Waduk Wonorejo Diselidiki,"Kamis, 27 Jun 2019 16:37 WIB","\- Kasus pembegalan motor yang terjadi di Helipad Waduk Wonorejo Tulungagung
tengah diselidiki pihak berwajib. Pelaku diduga membawa mobil dan senjata api.  
  
Kasubag Humas Polres Tulungagung AKP Sumaji mengatakan, kejadian perampasan
sepeda motor itu menimpa Khoirul Ramadhan (21). Korban merupakan warga Desa
Kedungcangkring, Kecamatan Pagerwojo, Tulungagung.  
  
Honda Scoopy bernopol DK 2412 AAU milik korban dirampas orang tak dikenal di
landasan helikopter kawasan wisata Waduk Wonorejo pada Rabu (26/6) malam.  
  

  
""Kasus tersebut masih ditangani Unit Reskrim Polsek Pagerwojo yang dibantu
Satreskrim Polres Tulungagung,"" kata AKP Sumaji, Kamis (27/6/2019).  
  
Aksi begal tersebut bermula saat korban bersama temannya Sindi (19) berkunjung
ke kawasan Waduk Wonorejo sekitar pukul 20.30 WIB. Saat keduanya berada di
helipad, tiba-tiba didatangi oleh orang tidak dikenal yang mengendarai mobil
Toyota Agya berwarna putih.  
  
""Ciri-ciri orang itu memiliki tinggi sekitar 165 sentimeter dan menggunakan
penutup muka. Kemudian orang itu mendatangi korban dan berlagak memeriksa
identitas korban. Orang itu juga sempat meminta korban membuka jok,"" imbuhnya.  
  
  
""Saat korban hendak membuka jok motor tersebut tiba-tiba pelaku memukulkan
barang yang menurut keterangan korban mirip senjata api (senpi) ke dahi
korban,"" tambahnya.  
  
Akibatnya, korban mengalami luka dan tidak berdaya. Dengan cepat pelaku
langsung membawa kabur sepeda motor korban bersama tiga orang lain yang
mengendarai mobil. Korban yang mengalami luka langsung berlari meminta bantuan
ke pos satpam dan dilarikan ke rumah sakit.  
  
Saat ini polisi masih berusaha melakukan pengejaran terhadap para pelaku
pembegalan. Polisi juga melakukan olah tepat kejadian perkara (TKP) guna
menguatkan proses penyelidikan.  
  
  
[Gambas:Video 20detik]  

 ",www.detik.com
Polisi Tangkap Oknum Satpol PP Surabaya Pemerkosa Pemandu Lagu,"Kamis, 31 Mar 2022 15:37 WIB","\-

Polisi menangkap seorang oknum anggota Satpol PP yang diduga memperkosa
pemandu lagu di Surabaya. Oknum tersebut kini masih diperiksa.

Dilansir detikJatim, Kamis (31/3/2022), penangkapan itu dibenarkan oleh Kasat
Reskrim Polrestabes Surabaya AKBP Mirzal Maulana. Oknum anggota Satpol PP itu
ditangkap pada Rabu (30/3) malam.

""Benar, sudah kami amankan yang bersangkutan tadi malam,"" kata Mirzal saat
dimintai konfirmasi detikJatim.

Mirzal menjelaskan, penangkapan itu dilakukan usai mengidentifikasi keberadaan
oknum Satpol PP berinisial KTI dan identitasnya. Setelah semua data dan
keterangan sesuai, KTI langsung ditangkap.

""Saat ini masih dalam proses pemeriksaan,"" ujarnya.

Ia menegaskan, pihaknya masih mendalami kasus tersebut. ""Mohon waktu, nanti
akan segera kami sampaikan (kelanjutannya),"" tuturnya.

Baca selengkapnya di sini.

[Gambas:Video 20detik]

  
  

 ",www.detik.com
Kasus Ibu Kandung Curi HP Anak di Mataram Berakhir Mengharukan,"Kamis, 28 Apr 2022 01:03 WIB","\-

Pelaporan tindak pidana kasus pencurian hanphone yang dilakukan ibu kandung
terhadap anaknya berakhir mengharukan.

Pelaporan perkara pencurian handphone di dalam lingkungan keluarga di
Lingkungan Pandan Salas, Kelurahan Mayura, Kecamatan Cakranegara, Kota Mataram
yang dilaporkan pada 23 April 2022, ini akhirnya resmi dihentikan.

Penghentian kasus tersebut setelah dilakukan penanganan hukum secara
restorative justice (RJ) oleh pihak Kepolisian Resort Kota Mataram, pada Rabu
(27/4/2022).

  

Kabid Humas Polda NTB Kombespol Artanto mengunjungi rumah keduanya pelaku dan
korban bersama Kapolresta Mataram Kombespol Heri Wahyudi.

""Kami mengapresiasi Polresta Mataram beserta jajarannya yang menangani kasus
pencurian ini dengan cara RJ,"" kata Artanto.

Artanto meminta agar kasus serupa tidak terjadi lagi. ""Jika terjadi, lebih
baik di selesaikan secara kekeluargaan, agar tidak menimbulkan image negatif
di mata masyarakat,"" kata Artanto.

Sementara Kapolresta Mataram Kombespol Heri Wahyudi menjelaskan, setelah
diketahui bahwa yang mengambil handphone milik korban adalah ibu kandung dari
korban.

""Kami minta agar kasus ini dihentikan,"" kata Heri.

Heri mengaku pihak Kepolisian Sektor Cakranegara yang melakukan proses
penyelidikan kasus Inak Alimin alias AL bahwa korban tidak mengetahui yang
mengambil handphone korban tersebut adalah ibu kandungnya.

""Jadi, penghentian kasus tersebut juga atas permintaan keluarga korban,
setelah dia mengetahui bahwa yang mengambil handphone adalah ibu kandungnya,""
kata Heri.

Heri mengaku kasus pencurian itu terjadi pada 8 Desember 2021 silam, dan baru
dilaporkan sang anak atau korban Suhaini (44) pada 23 April 2022.

Heri menambahkan, kasus yang dialami AL dinyatakan selesai dan dikeluarkan
Surat Perintah Penghentian Penyidikan (SP3).

Selain itu Polresta Mataram telah melakukan langkah restorative justice kasus
AL berdasarkan Peraturan Polisi Nomor 8 tahun 2001 tentang penanganan tindak
pidana berdasarkan keadilan restorative.

  
  
  
[Gambas:Video 20detik]  

 ",www.detik.com
Perampok yang Todong Penjaga Toko di Colomadu Pakai Airsoft Gun Ditangkap!,"Kamis, 16 Des 2021 14:40 WIB","\-

Polisi membekuk perampok yang beraksi di sebuah toko hewan, Colomadu,
Karanganyar, Jawa Tengah. Pelaku mengancam penjaga toko dengan airsoft gun.

""Modus pelaku pura-pura menanyakan aksesoris binatang kemudian mendekati
korban dan ancam korban dengan airsoft gun untuk minta sejumlah uang,"" kata
Dirreskrimum Polda Jateng, Kombes Djuhandhani Rahardjo Puro, dalam jumpa pers
di kantornya, Kamis (16/12/2021).

""Kerugian uang yang ada Rp 400 ribu. Yaitu uang yang ada di laci. Namun ini
jadi perkara yang meresahkan,"" lanjut dia.

Peristiwa itu ternyata sempat viral di media sosial. Hingga akhirnya pelaku
bernama Ganang Setiawan ditangkap polisi di Ngawi, Jawa Timur, tanggal 13
Desember 2021.

""Sementara pelaku mengakui baru satu kali beraksi, akan coba dalami apakah ada
TKP lain,"" ujarnya.

Dalam kesempatan yang sama, korban bernama Tasya mengatakan pelaku juga sempat
berpura-pura menanyakan lowongan pekerjaan.

""Terus tanya saya sendirian atau tidak. Saya jawab iya terus dia mengeluarkan
pistol dari tasnya. Ditodong sambil bilang keluarin uangnya. Saya bilang nggak
mau. Dia masukin jari jempol ke mulut saya,"" ujar Tasya.

Tasya sempat berani menggigit tangan pelaku. Namun pelaku kemudian
menghajarnya di bagian dada dan perut.

""Setelah ambil uang dia kabur,"" katanya.

Sedangkan pelaku Ganang Setiawan mengaku beraksi secara spontan tanpa memilih
target. Ia juga mengaku membeli airsoft gun secara online.

""Beli online Rp 2 juta. Buat berburu. Pakai pistol. Uang (hasil kejahatan)
untuk mengangsur di bank,"" ujar Ganang saat dihadirkan di lokasi yang sama.

Kini Ganang dijerat pasal 365 KUHP tentang pencurian disertai dengan
kekerasan. Ancaman hukuman yang menantinya adalah 9 tahun penjara.

 ",www.detik.com
"Polisi Gagalkan Pencurian Kabel di Jaktim, Sekarung Barang Bukti Disita","Sabtu, 16 Apr 2022 13:38 WIB","\-

Dua orang pemuda inisial FK (22) dan F (22) diringkus polisi setelah kedapatan
mencuri kabel telekomunikasi di Jalan Otista Raya, Jakarta Timur. Satu karung
berisi kabel disita dari kedua pelaku.

Kasat Sabhara Polres Metro Jakarta Timur Kompol Gulam Nabhi mengatakan
penangkapan kedua pemuda ini dilakukan saat Tim Patroli Perintis Presisi
Polres Jakarta Timur melaksanakan patroli jelang Sahur, Sabtu (16/4) dini hari
tadi.

Tim Patroli Perintis Presisi Polres Metro Jakarta Timur kemudian mendapati
kedua pelaku yang mencurigakan. Polisi kemudian menginterogasinya dan
mendapati satu karung berisi potongan kabel.

""Tim melihat dua orang mencurigakan, kemudian melakukan pemeriksaan dan
didapati potongan kabel Telkom yang sudah di dalam karung,"" kata Gulam saat
dihubungi, Sabtu (16/4/2022).

Gulam mengatakan motif para pelaku melakukan tindak pidana adalah faktor
ekonomi. Kata dia, kedua pelaku baru beraksi pertama kali.

""Motif ekonomi, motifnya untuk beli makan dan jajan,"" ujarnya

Selanjutnya, kedua pelaku diserahkan ke Polsek Jatinegara untuk melakukan
pemeriksa lebih lanjut. Selain kabel, barang bukti berupa kendaraan yang
digunakan pelaku saat beraksi dan satu unit ponsel juga turut diamankan.

""Diserahkan ke Polsek Jatinegara guna penyelidikan lebih lanjut,"" pungkasnya.

 ",www.detik.com
Tetangga Ungkap Keseharian Zaenab Korban Pembunuhan Sejoli di Bogor,"Sabtu, 28 Mei  2022 18:25 WIB","\-

Zaenab (51), korban pembunuhan yang jenazahnya ditemukan di Kemang, Kabupaten
Bogor, tercatat sebagai warga Ciputat, Tangerang Selatan. Ketua RT 01
Tarumanegara, Ciputat Timur, Suparman mengungkap keseharian Zaenab.

""Kalau kesehariannya dia sebagai apa ya dia ya. Ya apa sih, pinjaman uang
_gitu_ sih. Suka _minjemin_ uang _gitu_ ke orang lain,"" ujar Suparman saat
temui di rumahnya, Sabtu (28/5/2022).

Dia tak berkomentar banyak terkait keseharian Zaenab itu. Sebab, dirinya
jarang berinteraksi dengan perempuan tersebut.

""Wah, kalau kesehariannya kayak ceria periang kayak _gitu,_ saya kurang paham
_dah_. Karena yang lebih paham itu tetangganya,"" tutur Suparman.

Dia menambahkan, Zaenab sudah menjalani pekerjaannya itu selama bertahun-
tahun. Pekerjaannya pun diketahui oleh warga maupun tetangga sekitar.

Suparman mengatakan tidak sempat melihat saat Zaenab dijemput oleh kedua
tersangka pembunuhan. Kala itu dirinya tengah bekerja dan tidak di rumah.

""Waduh, kalau pas almarhum dijemput, saya nggak melihat, ya. Saya nggak
melihat. Nah, yang _ngelihat_ itu tetangga kontrakan,"" ujarnya.

""Saya kerja waktu itu,"" sambung Suparman.

Tetangga Zaenab, Wahyuni (39), juga mengungkapkan Zaenab kerap meminjamkan
uang. Sehari-hari, wanita tersebut memberikan pinjaman kepada warga sekitar.

""Sehariannya sih _minjemin_ uang _gitu_ ya ke orang-orang. Sekarang di
rumahnya sudah tidak ada siapa-siapa, keluarganya juga sudah pulang ke
Palembang,"" kata Wahyuni.

Zaenab ditemukan tewas di Kemang, Bogor, pada Sabtu (21/5). Polisi kemudian
menangkap dua pelaku pembunuhan, laki-laki berinisial AM (26) dan wanita
inisial TO (21).

Keduanya mengaku membunuh korban karena urusan utang piutang. Zaenab disebut
tidak mampu membayar utang Rp 100 juta sehingga keduanya gelap mata dan
membunuh korban.

[Gambas:Video 20detik]

  
  

 ",www.detik.com
"Korban Begal Jadi Tersangka, Polda NTB: Belum Tentu Jadi Terpidana","Rabu, 13 Apr 2022 20:17 WIB","\-

Korban begal inisial MR alias AS (34) warga Desa Ganti, Kecamatan Praya Timur,
Lombok Tengah ditetapkan sebagai tersangka pembunuhan oleh Polres Lombok
Tengah. AS terbukti membunuh dua orang begal di jalan raya Desa Ganti, Minggu
yang lalu.

Dua korban yang terbunuh berinisial OWP (21) dan PN (30) merupakan warga Desa
Beleka, Lombok Tengah. Keduanya bersama dua teman lainnya dan saat ini mereka
juga sudah diamankan di Polres Lombok Tengah bersama-sama dengan Amaq Sinta

Kabid Humas Polda NTB Kombes Pol. Artanto menjelaskan, terkait penetapan
tersangka AS statusnya harus diperjelas dengan cara penyelidikan dan
penyidikan lebih mendalam dari pihak Kepolisian. AS melakukan perbuatan luar
biasa yang tidak bisa dihindarkan dan harus dilakukannya.

  

Dengan demikian, lanjut Artanto, masyarakat bisa memahami proses verbal atau
proses hukum dan yang menentukan status (bersalah/tidak bersalah) AS. Karena
membela diri atau overmacht adalah hakim di Pengadilan.

Menurut Artanto, bagaimana hakim bisa menentukan tentunya harus melalui proses
peradilan agar bisa diputuskan dan ditetapkan status dari AS.

""Kalau orang jadi tersangka belum tentu menjadi terpidana,"" ungkap Artanto
dalam keterangan tertulis, Rabu (13/4/2022)

Artanto menjelaskan, status tersangka terhadap seseorang belum tentu dia
bersalah. Oleh karena itu, kepolisian membantu menentukan statusnya AS dengan
proses verbal atau peradilan.

""Dan hari ini juga kita bantu yang bersangkutan juga untuk proses penangguhan
penahanan. Pengacara dan keluarga AS sudah mengajukan penangguhan penahanan,""
kata Artanto.

Artanto menjelaskan AS dan pembegal ini saling berkaitan. Yakni, pembegal
ditetapkan pelaku begal, AS melawan hingga membuat pembegal meninggal dunia.
Tindakan tersebut dijelaskan di KUHP adalah overmacht, melakukan upaya
kegiatan luar biasa yang tidak bisa dihindarkan oleh yang bersangkutan.

""Nanti hakim yang akan menentukan apakah yang bersangkutan ini statusnya
bersalah atau tidak. Jadi bukan polisi. Tapi polisi harus menyiapkan berkas
yang real dan jelas. Polisi juga akan berkoordinasi dengan CJS (Criminal
Justice System) sebagai bagian proses terhadap AS,"" jelasnya.

  
  
  
[Gambas:Video 20detik]  

 ",www.detik.com
Kapolri: Satgas Antibegal Disiapkan Kawal Pemudik di Lampung,"Selasa, 26 Apr 2022 14:34 WIB","\-

Satuan tugas (Satgas) antibegal disiapkan untuk mengawal pemudik di Lampung.
Tim khusus dari Polda Lampung ini nantinya akan mengawal pemudik dari Jawa
tujuan Sumatera.

Kapolri Jenderal Listyo Sigit Prabowo mengatakan satgas ini diharapkan dapat
memberikan rasa aman kepada para pemudik tujuan Sumatera. Tim khusus ini
nantinya akan bekerja saat jam rawan begal.

""Hari ini dipaparkan oleh wilayah Polda Banten dan Lampung disampaikan bahwa
di Lampung sudah disiapkan tim atau Satgas yang dipersiapkan untuk mengawal
terkait dengan kemungkinan terjadinya aksi-aksi begal,"" kata Sigit kepada
wartawan di Pelabuhan Merak, Selasa (26/4/2022).

Sigit meminta pemudik bisa betul-betul dikawal oleh tim ini agar muncul rasa
aman. Selain itu, keberadaan satgas antibegal ini dinilai akan dapat mengurai
kemacetan di Pelabuhan Merak.

Sigit menuturkan, pemudik tujuan Sumatera memiliki kebiasaan melakukan
perjalanan malam hari agar sampai di Lampung pagi gari untuk melanjutkan
perjalanan sampai rumahnya masing-masing. Kebiasaan ini bukan tanpa alasan,
pemudik waswas jika sampai di Lampung malam hari akan jadi korban tidak
kejahatan seperti begal.

""Jadi masyarakat diharapkan tidak usah resah, takut karena Polri dengan
seluruh stakeholder yang ada telah menyiapkan tim khususnya di waktu-waktu
yang rawan telah menyiapkan tim atau satgas yang siap mengawal sehingga
masyarakat bisa mudik dan selamat sampai di rumah,"" tuturnya.

Di sisi lain, Sigit mengatakan jumlah pemudik tujuan Sumatera akan terus
meningkat menjelang puncak arus mudik yang diprediksi akan terjadi mulai H-3
Idul Fitri.

""Kita lihat bahwa hari ini, dari mulai kemarin kegiatan arus mudik sudah mulai
terlihat, tentunya ini akan sangat baik untuk mengurai kemacetan khususnya di
prediksi puncak arus mudik yang diperkirakan antara H-4 sampai H-1,"" kata dia.

 ",www.detik.com
Jejak Biadab Abah di Sukabumi yang Perkosa 10 Bocah Sejak 2017,"Selasa, 26 Apr 2022 16:51 WIB","\-

Hendi alias Abah Heni seorang pria di Sukabumi divonis hukuman mati usai
memperkosa 10 bocah perempuan. Aksi biadab pria tersebut dilakukan sejak 2017.

Hal itu terungkap dalam dokumen putusan Pengadilan Negeri (PN) Cibadak yang
diunggah di website Mahkamah Agung (MA). Dalam dokumen tersebut terungkap aksi
biadab yang dilakukan Abah Heni.

""Bahwa terdakwa Hendi alias Abah Heni sejak tahun 2017 dan tahun 2021 atau
setidak-tidaknya dalam tahun 2017 dan 2021 bertempat di rumah terdakwa telah
melakukan kekerasan atau ancaman kekerasan memaksa anak melakukan persetubuhan
dengannya atau dengan orang lain,"" tulis dakwaan sebagaimana tertuang dalam
dokumen putusan PN Cibadak yang dilihat pada Selasa (26/4/2022).

  

Abah Heni melakukan aksinya itu terhadap bocah perempuan yang notabene
merupakan teman main dari anaknya. Terhitung sejak 2017, ada 10 bocah
perempuan yang jadi korban kebiadaban Abah Heni.

Rata-rata korban berusia paling muda 5 tahun dan paling tua 11 tahun. Aksi itu
dilakukan terdakwa di kediamannya di Kabupaten Sukabumi, Jawa Barat.

Dalam putusan PN Cibadak, terdakwa sendiri sudah divonis selama 15 tahun
penjara dan denda Rp 250 juta subsidair 3 bulan kurungan.

Akan tetapi, jaksa mengajukan banding ke Pengadilan Tinggi (PT) Bandung. Hakim
PT Bandung lantas memperberat hukuman terdakwa dengan menjatuhkan vonis
hukuman mati.

Hukuman mati dijatuhkan hakim tinggi pada Pengadilan Tinggi (PT) Bandung dalam
sidang yang digelar pada Selasa (26/4/2022). Dalam sidang tersebut, majelis
hakim yang diketuai oleh Yuli Heryati itu menganulir putusan 15 tahun penjara
yang sebelumnya diketok hakim Pengadilan Negeri (PN) Cibadak Sukabumi.

""Menjatuhkan pidana kepada terdakwa oleh karena itu dengan pidana mati,"" ucap
hakim sebagaimana kutipan amar putusan yang diterima detikJabar.

 ",www.detik.com
"Diburu 9 Bulan, 2 Remaja Begal Sadis di Bekasi Ditangkap","Jumat, 28 Jun 2019 13:37 WIB","\- Gilang (18) dan Raja (17) ditangkap tim Subdit Resmob Ditreskrimum Polda
Metro Jaya karena melakukan aksi begal di wilayah Bekasi. Kedua remaja itu
tidak segan-segan melukai korbannya saat beraksi.  
  
""Kedua pelakunya ini di bawah umur dan saat ini dia ada di tempat Rumah Anak
di Cipayung. Ini warga Bekasi, dia melakukan pencurian sepeda motor,"" kata
Kabid Humas Polda Metro Jaya Kombes Argo Yuwono di Polda Metro Jaya, Jakarta,
Jumat (28/6/2019).  
  
  
Kedua pelaku ditangkap pada Senin (17/6) di rumah masing-masing yang berlokasi
di Bekasi Selatan. Kedua pelaku sudah dicari sejak terjadinya peristiwa
pembegalan pada 5 September 2018 sekitar pukul 23.48 WIB di Jalan Belida Raya
Perumnas 2, Kayuringun, Kota Bekasi.  
  

Kedua pelaku hendak membegal anak-anak yang mengendarai sepeda motor. Saat itu
pelaku membacok korban bernama Miftah memakai celurit.  
  
Sebelumnya, kedua pelaku hendak membegal korban. Kedua pelaku langsung memepet
motor korban dan mengambil kunci motor korban hingga motor korban terpaksa
berhenti.  
  
  
""Modusnya dia berdua berboncengan _muter-muter_ dan lihat ada sasaran yang
sasaran itu yang mudah, yang rentan. Misal seorang ibu, seorang anak-anak
mengendarai motor dia lihat itu. Kebetulan tersangka anak-anak sekitar bulan
Desember 2018 di Bekasi dia lihat korban yang bawa motor dan dipepet,"" ungkap
Argo.  
  
Korban yang mengalami luka-luka itu akhirnya melaporkan kasus itu ke polisi.  
  
""Para tersangka mengaku baru satu kali beraksi tapi masih kita dalami lagi,""
kata Argo.  
  
  
  

[Gambas:Video 20detik]

  
  
  
[Gambas:Video 20detik]  

 ",www.detik.com
"Begal Ditembak Mati di Sumenep Pernah Curi Uang Masjid Rp 1,3 Juta","Senin, 14 Mar 2022 09:31 WIB","\-

Pelaku begal di Sumenep ditembak mati setelah sebelumnya berusaha membegal
seorang perempuan. Polisi menyebut pelaku sebelumnya lagi juga pernah
melakukan tindakan kejahatan lain.

Begal bernama Herman itu pernah mencuri uang masjid. Namun kejadian itu tidak
dilaporkan ke polisi.

""Kalau di catatan kriminal dari kepolisian, LP belum ada. Tapi dari masyarakat
ada tapi tidak dilaporkan, mencuri uang di masjid,"" ujar ujar Kasubbag Humas
Polres Sumenep AKP Widiarti, Senin (14/3/2022).

Keterangan tambahan diberikan Jalil, paman Herman yang membenarkan bahwa pria
22 tahun itu telah mencuri uang masjid. Uang yang dicuri berjumlah Rp 1,3
juta.

""Mengambil uangnya masjid sekitar Rp 1,3 juta,"" ujar Jalil.

Jalil mengatakan uang itu dicuri Herman saat si bendahara sedang tertidur.
""Bendahara tidur, di atasnya ada uang Rp 1,3 juta. Diambil, tapi saat ditanya
Herman gak ngaku,"" tandas Jalil.

Sebelumnya, sebuah video berdurasi 26 detik itu tampak seorang pria memakai
jaket kulit hitam dan berhelm putih tengah menenteng celurit di jalanan.
Peristiwa itu terjadi Minggu (13/3/2022) sore di Jalan Adirasa, Sumenep,
Madura.

Tak lama terdengar beberapa suara tembakan. Sesaat kemudian pria tersebut
ambruk di tengah jalan. Sebelum tewas ditembak, pria tersebut berusaha
membegal seorang perempuan di Jalan Adirasa, Sumenep, Madura.

Herman tidak mengindahkan peringatan polisi. Dia bahkan maju mendekati polisi
sambil menenteng celurit. Polisi pun memberikan tembakan terukur yang membuat
Herman jatuh tersungkur dan tewas dalam perjalanan ke rumah sakit.

Begal tersebut dalam pengaruh alkohol saat melakukan aksinya di Jalan Adirasa,
Kalor. Bahkan keluarga menyebut Herman tiap hari mabuk-mabukkan.

""Minum minum sebelumnya. Sehari-harinya minum minuman,"" kata Jalil, paman
Herman kepada wartawandi kamar jenazah rumah sakit.

  
  
  
[Gambas:Video 20detik]  

 ",www.detik.com
"Selamat dari Rencana Pembunuhan, Korban Perkosaan di Tangerang Kini Trauma","Rabu, 26 Jan 2022 10:03 WIB","\-

Seorang wanita berusia 24 tahun menjadi korban perampokan dan pemerkosaan di
Balaraja, Kabupaten Tangerang. Korban nyaris tewas setelah dibuang ke Sungai
Ciujung oleh dua pelaku.

Beruntung korban selamat dari maut setelah mengalami penganiayaan sedemikian
rupa. Namun kejadian itu membuat korban mengalami trauma.

""Kasus ini sangat sadis dan membuat korbannya menjadi trauma hingga saat ini,""
ujar Kapolresta Tangerang Kombes Zain Dwi Nugroho, Rabu (26/1/2022).

Peristiwa ini dialami korban pada Kamis (20/1) dini hari lalu. Saat itu korban
naik angkot rute Serang-Balaraja untuk menjenguk orang tuanya di Balaraja,
Tangerang.

Korban menumpang angkot yang dikemudikan tersangka IS (22) dan kernetnya
tersangka GG (24). Tanpa rasa curiga, korban lalu naik angkot sampai akhirnya
angkot mampir untuk mengisi bensin di sebuah SPBU.

""Setelah mengisi BBM di salah satu SPBU tiba-tiba kernet menutup pintu
angkutan tersebut,"" imbuh Zain.

###  
Korban Dipukul hingga Pingsan

Zain mengatakan kedua pelaku membuang korban untuk bertujuan menghilangkan
nyawanya. Dengan begitu jejak mereka tidak diketahui.

""Untuk menghilangkan jejak, para pelaku berusaha untuk membunuh korban dengan
cara dicekik, dipukul menggunakan ban serep mobil dan bangku kernet mobil,""
paparnya.

Seketika setelah itu pelaku memukul korban hingga pingsan. Dalam kondisi tidak
sadarkan diri itu, korban diperkosa dan dirampok oleh tersangka.

""Setelah itu, dalam kondisi pingsan, korban oleh pelaku yang bertugas sebagai
sopir diperkosa dengan cara berulang kali. Selain itu, barang-barang korban
pun di ambil oleh pelaku,"" ujarnya.

Tak sampai di situ, kedua pelaku merencanakan membunuh korban untuk
menghilangkan jejaknya. Korban lalu kembali dianiaya hingga dibuang ke Sungai
Ciujung.

""Korban yang kondisinya tidak sadarkan diri itu dilempar dari atas jembatan ke
Sungai Ciujung. Namun alhamdulillah korban pada saat sampai di air langsung
sadar dan berhasil menyelamatkan diri dengan berenang ke pinggir sungai,""
jelasnya.

Beruntung, warga melihat korban dan menyelamatkannya. Korban kemudian dibantu
warga melapor polisi.

Hanya dua hari berselang, polisi menangkap kedua pelaku. Keduanya dihadiahi
timah panas di kakinya karena berusaha melawan polisi saat hendak ditangkap.

[Gambas:Video 20detik]

  
  

 ",www.detik.com
Aksi Pencurian Motor Jemaah Masjid di Probolinggo Terekam CCTV,"Selasa, 14 Jun 2022 02:30 WIB","\-

Aksi pencurian motor milik jemaah masjid di Kota Probolinggo terekam CCTV.
Pelaku berjumlah dua orang.

Aksi curanmor itu terekam pada Minggu (12/6) malam. Tepatnya di Masjid Al-
Amin, Jalan Cokroaminoto, Kelurahan/Kecamatan Kanigaran.

Pencurian motor itu terekam kamera CCTV milik masjid. Korban bernama Bambang,
jemaah masjid tersebut.

Dua pelaku beraksi saat korban menunaikan salat isya berjemaah. Pelaku
langsung merusak rumah kunci dengan kunci T. Lalu membawa kabur motor korban
ke arah selatan.

Menurut warga bernama Sugeng, sebelum kejadian, dua pelaku duduk di depan gang
masjid diduga mengamati situasi. Saat salat berjemaah dimulai, pelaku langsung
beraksi. Mereka mengeksekusi motor milik korban dengan cepat.

""Pascamotor jemaah hilang, petugas kepolisian datang dan memintai keterangan
saksi. Dan ambil rekaman CCTV yang merekam aksi pelaku ini,"" ujar Sugeng,
Senin (13/6/2022).

Polisi yang datang ke lokasi langsung melakukan olah TKP. Juga meminta
keterangan saksi-saksi. Kasat Reskrim Polres Probolinggo Kota AKP Jamal
mengatakan, pihaknya akan berusaha menangkap pelaku.

""Dari hasil pengembangan, beberapa pelaku berhasil kita tangkap. Dan terus
kami bekerja untuk melakukan penangkapan pelaku lainnya. Akan kita tindak
tegas pelaku jika tertangkap nantinya. Masyarakat dukung kinerja polisi dan
masyarakat untuk ekstra hati-hati dan lindungi hartanya. Mohon doanya agar
pelaku curanmor semua berhasil kita tangkap,"" kata AKP Jamal.

  
  
  
[Gambas:Video 20detik]  

 ",www.detik.com
"Kabur Usai Tabrak Polisi, Pencuri Motor di Tangerang Ditembak Mati","Rabu, 26 Jan 2022 20:55 WIB","\-

Aksi pencurian motor di Cipondoh, Kota Tangerang, dipergoki polisi. Salah satu
pelaku terpaksa ditembak karena melarikan diri dan hendak menabrak polisi.

Peristiwa bermula ketika anggota tim kepolisian sedang melakukan observasi
terkait peredaran narkotika di Cipondoh, Selasa (25/1) sekitar pukul 23.00
WIB. Di saat bersamaan, polisi melihat pelaku sedang melakukan pencurian di Jl
Irigasi, Cipondoh.

""Setelah pelaku mendapatkan motor curian, tim melakukan pembuntutan sampai di
Jl Sunan Giri (terowongan tol),"" ujar Kabid Humas Polda Metro Jaya, Kombes
Endra Zulpan, dalam keterangan kepada wartawan, Rabu (26/1/2022).

Tim lalu mencoba menghentikan tiga pelaku yang membawa motor curian. Namun,
salah satu pelaku yang belakangan diketahui berinisial J (20) melakukan
perlawanan.

""Salah satu pelaku yang membawa motor curian berusaha menabrak dan menendang
petugas, selanjutnya pelaku mengeluarkan sesuatu dari pinggang sebelah kiri
pelaku,"" katanya.

Mempertimbangkan keselamatan petugas, tim kemudian melepaskan tembakan
peringatan tapi tak diindahkan oleh pelaku. Polisi kemudian melepaskan
tembakan terukur kepada pelaku.

""Selanjutnya dilakukan tindakan tegas terukur terhadap pelaku yang membawa
motor hasil curian tersebut dan kabur ke arah TKP 2 (warung sekitaran Jl Puri
Bahar, Ciledug),"" ujarnya.

Tim kepolisian kemudian mengamankan satu pelaku. Sedangkan dua pelaku lainnya
berhasil melarikan diri.

""Kepada pelaku yang dilakukan tindakan terukur dibawa ke RSUD Kabupaten
Tangerang, tidak berapa lama kemudian pelaku meninggal dunia, sedangkan barang
bukti dibawa ke Polsek Ciledug, Polres Metro Tangerang Kota untuk penyelidikan
lebih lanjut,"" jelasnya.

Dari peristiwa ini, polisi mengamankan beberapa barang bukti berupa tiga unit
sepeda motor Honda. Selain itu, diamankan barang bukti berupa kunci leter T
yang digunakan untuk melancarkan aksinya.

[Gambas:Video 20detik]

 ",www.detik.com
"Bocah di Makassar Dibegal saat Main Game di Tepi Jalan, 2 Ponsel Korban Raib","Jumat, 15 Apr 2022 19:17 WIB","\-

Seorang bocah berusia 8 tahun di Kota Makassar, Sulawesi Selatan (Sulsel) jadi
korban begal saat bermain game di tepi jalan. Pelaku yang terekam CCTV saat
beraksi membawa kabur 2 unit handphone (HP) milik korban.

Dalam rekaman CCTV, pelaku diketahui merupakan 2 orang pria yang sedang
berboncengan. Keduanya sempat mengamati sang bocah yang sedang asyik bermain
game hingga langsung mendekat dan merampas 2 unit ponsel korban.

""Dia (pelaku) lihat anak ini main HP lalu dia putar, turun, dan langsung
diambil itu ponsel. Ada 2, satu dipangku untuk hospot dan 1 dipakai main HP,""
ujar Akbar Rappung (34), paman korban kepada Jumat (15/4/2022).

  

Peristiwa bocah jadi korban begal ini terjadi di Jalan Barawaja I, Kota
Makassar sekitar pukul 05.56 Wita, subuh tadi. Menurut Akbar, korban bermain
handphone di tepi jalan karena menunggu ibunya pulang salat subuh.

""Nah dia duduk di sini (pinggir jalan) ada motor, mungkin dipantau karena ada
anak ini mungkin main HP sendirian dan 2 (HP-nya),"" kata Akbar.

Akibat kejadian ini, pihak korban langsung melapor ke Polrestabes Makassar.
Korban melaporkan kerugian hingga Rp 6 juta akibat kejadian ini.

""Sudah di Polrestabes. (Kerugian) sekitar Rp 6 juta lebih,"" pungkas Akbar.

![Ibu bocah dibegal saat main game di tepi jalan di Makassar menunjukkan
lokasi pencurian \(detikSulsel/Muh Ishak
Agus\)](https://akcdn.detik.net.id/community/media/visual/2022/04/15/ibu-
bocah-dibegal-saat-main-game-di-tepi-jalan-di-makassar-menunjukkan-lokasi-
pencurian-detiksulselmuh-ishak-agus_169.jpeg?w=620)Bocah di Makassar Dibegal
saat Main Game di Tepi Jalan, 2 Ponsel Korban Raib Foto: Ibu bocah dibegal
saat main game di tepi jalan di Makassar menunjukkan lokasi pencurian
(detikSulsel/Muh Ishak Agus)  
  
---  
  
## Polisi Turun Tangan

Sementara itu, Kasubag Humas Polrestabes Makassar mengatakan pihaknya akan
menyelidiki pelaku. Dia juga menyebut pihaknya akan mempelajari CCTV kasus
begal tersebut.

""Polisi akan segera melakukan penyelidikan dengan memeriksa saksi, serta
mencari alat bukti lain guna mengungkap siapa pelakunya,"" katanya dalam
wawancara terpisah.

Lando lantas mewanti-wanti agar masyarakat waspada. Dia juga mengingatkan
orang tua agar lebih menjaga anaknya agar tak menjadi korban kejahatan di
jalanan.

""Kita semua berharap untuk selalu waspada di setiap waktu dan tempat agar
tidak menjadi korban kejahatan dan kalau tidak ada kepentingan yang mendesak
maka diharapkan tidak perlu keluar rumah,"" katanya.

  
  
  
[Gambas:Video 20detik]  

 ",www.detik.com
Ngeri! 2 Pria di Medan Belawan Merampok di Kapal Penyebrangan,"Jumat, 03 Jun 2022 22:41 WIB","\-

Dua orang pria di Medan Belawan, Medan, nekat melakukan aksi perampokan di
sebuah kapal penyebrangan. Kedua orang itu pun kini sudah ditangkap polisi.

""Penangkapan dua orang pelaku pencurian dengan kekerasan di atas kapal
penyeberangan,"" kata Kabid Humas Polda Sumut Kombes Hadi Wahyudi kepada ,
Jumat (3/6/2022).

Kedua pelaku itu yakni MA (35), dan BSL (34). Mereka merupakan warga Kampung
Nelayan Seberang, Kelurahan Belawan I, Kecamatan Medan Belawan.

  

Peristiwa itu sendiri terjadi pada Jumat (27/5) sore. Di mana, seorang pria
bernama Midia Ginting (nahkoda) tengah membawa kapal KM Maulana CU, Gt 3 dari
Dermaga Sundari (Medan) menuju Dermaga Batang Sere (Deli Serdang) dengan
mengangkut empat orang penumpang.

Namun, di tengah perjalanan mereka didekati oleh sebuah perahu yang berisikan
dua orang yang tidak dikenal dan meminta minyak solar. Midia pun menyerahkan
permintaan keduanya.

Setelah permintaannya dituruti, dua orang itu bukannya pergi malah naik ke
kapal dan mengancam menggunakan senjata tajam jenis parang.

""Kedua orang tersebut menaiki kapal pelapor dengan membawa parang dan
menodongkan ke leher sebelah kiri pelapor,"" ujar Hadi.

""Selanjutnya mengambil barang berharga milik pelapor berupa 1 unit HP dan uang
senilai Rp 50 ribu, uang penumpang kapal penyeberangan Rp 1 juta dan satu buah
kalung emas,"" sambungnya.

Setelah mendapatkan laporan, petugas lalu menangkap kedua pelaku pada Rabu
(1/6) . Mereka pun telah ditahan untuk diproses selanjutnya.

  
  
  
[Gambas:Video 20detik]  

 ",www.detik.com
Pria di Sangihe 5 Kali Perkosa Tetangga Siswi SD Ditangkap,"Sabtu, 30 Apr 2022 03:31 WIB","\-

Seorang pria inisial KL (25), di Sangihe, Sulawesi Utara (Sulut) dilaporkan ke
polisi atas dugaan pemerkosaan bocah perempuan yang masih duduk di bangku SD.
Korban merupakan anak tetangganya.

""Tersangka KL melakukan kejahatan persetubuhan terhadap korban perempuan AP
sebanyak lima kali,"" kata Kasat Reskrim Polres Kepulauan Sangihe IPTU Revianto
Anriz dalam keterangannya, Jumat (29/4/2022).

Aksi bejat KL dilakukan sebanyak lima kali di lokasi yang sama, yakni di WC
belakang rumahnya, di Kecamatan Tahuna Timur, Sangihe. Pelaku dan korban
tinggal sekampung.

  

""Tersangka dan korban masih bersaudara, kalau di Sangir (Sangihe), biasa orang
bilang cucu bersaudara,"" katanya.

Berdasarkan penyelidikan sementara, polisi mendapati pelaku melakukan aksi
bejat itu sudah berulangkali. Hanya saja baru terungkap.

""Pada saat tersangka melakukan persetubuhan korban masih berumur 12 tahun,""
ungkap dia.

Aksi bejat itu pertama kali dilakukan KL pada 3 Maret 2022 lalu sekitar pukul
19.00 Wita. Kemudian dilakukan lagi pada 5 Maret 2022 sekitar pukul 19.30
Wita.

KL kemudian kembali beraksi pada 15 April 2022 sekitar pukul 19.30 Wita.
Selanjutnya kembali dilakukan pada 17 April 2022 di jam yang sama.

Sebelum aksi bejat itu terungkap, ia masih melakukan aksi serupa pada 22 April
2022 di jam yang sama juga.

Perbuatan KL baru diketahui ayah korban saat tak sengaja melihat percakapan
antara pelaku dan korban di ponsel milik korban. Ayah korban sontak
melaporkannya ke polisi.

Pelaku kemudian ditangkap pada Senin (25/4) di rumahnya tanpa perlawanan. Kini
pelaku telah ditahan dan dilakukan penyelidikan lebih lanjut.

  
  
  
[Gambas:Video 20detik]  

 ",www.detik.com
"Bandit Umbar Tembakan Usai Gagal Curi Motor di Bekasi, Diburu Polisi","Minggu, 12 Jun 2022 03:17 WIB","\-

Warga Cikarang Pusat, Kabupaten Bekasi digegerkan aksi pencurian motor kawanan
bersenjata api. Kasus ini kini diselidiki polisi dan tengah dikejar.

Kasat Reskrim Polres Metro Bekasi, AKBP Aris Timang mengaku pihaknya tidak
menemukan proyektil peluru di lokasi tersebut.

""Itu kita cari semalam itu belum ketemu. Iya kita akan lihat dari jenis
senjatanya, dari proyektilnya jenis apa senjatanya,"" ucap Kasat Reskrim Polres
Metro Bekasi, AKBP Aris Timang ketika dihubungi detikcom, Sabtu (11/6/2022).

  
Sebelumnya Sebuah video memperlihatkan aksi pencurian motor oleh kawanan
bersenjata api, viral di media sosial. Peristiwa itu terjadi di Sukaresmi,
Cikarang Pusat, Kabupaten Bekasi.

Dalam video yang beredar terlihat pelaku berjumlah dua orang berboncengan
motor berhenti di lokasi. Salah satu pelaku turun dan hendak mencuri motor
Honda CRF berwarna merah putih.

Pelaku lalu sempat menyalakan motor tersebut. Tapi, aksinya itu dipergoki oleh
korban hingga membuat pelaku panik.

Seketika pelaku menjatuhkan motor tersebut. Lalu mengeluarkan pistol dan
menembakkan ke arah korban. Dor...dor!!

  
Aris mengatakan tidak ada korban jiwa dalam kejadian ini. Pelaku juga gagal
mencuri motornya lantaran diteriaki korban.

[Gambas:Video 20detik]

  
  

 ",www.detik.com
"Ditahan, Ini Penampakan Oknum Satpol PP Surabaya Pemerkosa Pemandu Lagu","Jumat, 01 Apr 2022 11:45 WIB","\-

Polisi menangkap seorang oknum Satpol PP Surabaya karena diduga memperkosa
pemandu lagu. Oknum Satpol PP itu ditahan.

""Benar (ditetapkan sebagai tersangka dan ditahan),"" kata Kasat Reskrim
Polrestabes Surabaya AKBP Mirzal Maulana, seperti dilansir detikJatim, Jumat
(1/4/2022).

Mirzal Maulana mengatakan oknum Satpol PP itu ditangkap pada Rabu (30/3/2022)
malam. Penangkapan itu dilakukan usai mengidentifikasi keberadaan oknum Satpol
PP berinisial KTI dan identitasnya. Setelah semua data dan keterangan sesuai,
KTI langsung ditangkap.

Mirzal juga menjelaskan, penangkapan itu dilakukan usai mengidentifikasi
keberadaan oknum Satpol PP berinisial KTI dan identitasnya. Setelah semua data
dan keterangan sesuai, KTI langsung ditangkap.

Kini, pelaku juga sudah ditetapkan sebagai tersangka. Oknum Satpol PP itu
ditahan oleh polisi.

Akibat perbuatannya, tersangka dijerat Pasal 286 KUHP dan atau Pasal 289 KUHP.
Adapun ancaman hukumannya yakni 9 tahun pidana penjara.

Baca selengkapnya di sini.

 ",www.detik.com
"Perampok di Toko Gadai di Jaksel Dikepung, Terdengar Letusan Senpi!","Senin, 13 Des 2021 23:36 WIB","\-

Sebuah video dinarasikan perampokan di Jagakarsa, Jakarta Selatan, viral di
media sosial. Pelaku disebut-sebut membawa senjata api dikepung warga.

Dalam video yang beredar, terlihat sejumlah warga mengepung pelaku di dalam
ruko. Terdengar bunyi letusan diduga senjata api ketika warga mengepung pelaku
tersebut.

Suasana terdengar begitu riuh ketika warga mencoba menangkap pelaku. Beberapa
warga membawa balok hingga bambu untuk menyergap pelaku.

Pelaku kemudian keluar sambil mengacungkan benda mirip pistol. Tidak lama
berselang, terdengar bunyi letusan senjata api.

Belum diketahui asal suara tembakan itu. Namun dari rekaman video tersebut,
terlihat dua polisi yang membawa pistol mengamankan pelaku tersebut.

Perampokan itu terjadi di sebuah toko gadai di Jl Moh Kahfi II, Jagakarsa,
Jakarta Selatan. Pelaku berhasil dilumpuhkan.

## Pelaku Ditangkap

Kasat Reskrim Polres Jaksel Kompol Ridwan Soplanit membenarkan adanya kejadian
itu. Pelaku kini telah diamankan di Polsek Jagakarsa.

"" _Udah_ diamankan, sementara ke Polsek, karena terdekat ke Polsek Jagakarsa,""
ujar Ridwan saat dihubungi , Senin (13/12/2021).

 ",www.detik.com
"Kasus Maut Cinta Segitiga, Suami Disebut Tak Tahu Istri Bunuh Dini Nurdiani","Senin, 16 Mei  2022 10:05 WIB","\-

Pembunuhan Dini Nurdiani (26) masih terus diselidiki oleh pihak kepolisian.
Hasil penyelidikan sejauh ini menunjukkan bahwa pembunuhan berencana itu tidak
melibatkan orang lain selain pelaku perempuan berinisial N (24).

Tindakan nekat pelaku diketahui didorong rasa cemburu atas perselingkuhan yang
dilakukan Dini dan suami pelaku, berinisial ID (27). Namun polisi memastikan
ID tidak mengetahui saat istrinya merencanakan hingga membunuh Dini Nurdiani.

""Suaminya sendiri tidak mengetahui sampai kemarin pada saat kita jemput di
rumahnya. Kita kerjasama dengan Reskrim Polres Bekasi Kota kita amankan dan
kita langsung olah TKP,"" kata Kapolsek Cengkareng Kompol Ardhie Demastyo
kepada wartawan, Senin (16/5/2022).

Ardhie mengatakan saat olah TKP itu pun pelaku menjelaskan secara gamblang
runutan dalam melakukan pembunuhan kepada Dini. Pelaku N, kata Ardhie, bahkan
telah menyiapkan baju ganti untuk dikenakannya selepas membunuh Dini.

""Dia menunjukkan lokasi saat dia menghabisi korban dan setelah dihabisi dia
juga sudah menyiapkan baju untuk diganti. Jadi tersangka ini sudah menyiapkan
baju karena dia berlumur darah. Jadi dia pakai baju yang disiapkan dari
rumah,"" terang Ardhie.

Sementara ID, suami N, tidak mengetahui tiap rencana yang telah disusun
istrinya dalam aksi pembunuhan Dini. Polisi menyebut dari serangkaian
pemeriksaan yang dilakukan kepada N, pelaku tersebut secara konsisten mengaku
melakukan aksinya itu seorang diri.

""Saya sudah berusaha untuk menanyakan kembali apakah ada orang yang membantu?
Memang dia menjawab dengan santai apa adanya. Dia menunjukkan semua cara
proses pembunuhan mulai dari menjemput sampai proses melakukan eksekusi. Dia
menjelaskan tanpa berubah-ubah,"" terang Ardhie.

Kasus pembunuhan Dini Nurdiani berawal dari perempuan itu yang dinyatakan
hilang oleh keluarga sejak 26 April 2022. Saat itu Dini pamit untuk pergi buka
puasa bersama (bukber).

Rupanya pelaku N telah menjebak Dini lewat ajakan buka puasa bersama. Pelaku N
mengaku sebagai ponakan ID dan mengajak korban untuk buka bersamanya dan ID.

Pada hari itu Dini dibunuh oleh pelaku N di kawasan Cibubur, Bekasi. Jasadnya
ditemukan pada Minggu (1/5).

Sementara pelaku N ditangkap di rumahnya di Cipayung, Jakarta Timur, pada
Jumat (13/5). Dia kini dijerat dengan Pasal 340 KUHP tentang Pembunuhan
Berencana dengan ancaman hukuman penjara seumur hidup.

[Gambas:Video 20detik]

 ",www.detik.com
Ojol Korban Begal di Bogor Senang Motor Kembali: Satu-satunya buat Cari Uang,"Selasa, 05 Apr 2022 23:16 WIB","\-

_Driver_ ojol bernama Eman beberapa waktu dibegal komplotan bersenjata di
Sentul, Kabupaten Bogor. Para pelaku merampas motor setelah membacok Eman
hingga terkapar di pinggir jalan.

Kini, para pelaku telah ditangkap polisi. Motor Eman pun kembali dan
diserahkan secara langsung oleh Kapolres Bogor AKBP Iman Imanuddin.

Pada Selasa (5/4/2022) siang, Iman mendatangi kediaman Eman di Sentul, Bogor,
untuk menyerahkan motor tersebut secara langsung. Saat didatangi, lengan dan
punggung Eman yang kena bacokan masih tampak dibalut perban.

""Bapak, alhamdulillah kasus yang dialami Bapak terungkap, pelakunya juga sudah
ditangkap. Motor bapak yang diambil juga berhasil kita amankan dan sekarang
kita serahkan kembali kepada Bapak,"" kata Iman kepada Eman.

Eman terlihat begitu senang karena motor yang jadi sumber mata pencariannya
bisa kembali. Ia juga mengapresiasi kinerja polisi yang telah menangkap para
pelaku.

""Saya beribu-ribu terima kasih, kepada petugas yang telah lama-lama, mungkin
capek, lelah, saya ucapkan beribu _nuhun_ (terima kasih) atas kembalinya motor
saya,"" ujar Eman.

Motor itu satu-satunya mata pencaharian Eman. Oleh karena itu, Eman tak
hentinya mengucap syukur dan berterima kasih ke polisi.

""Karena ini tanggungan untuk keluarga saya, karena usaha saya satu-satunya
yang saya bisa cuma ngojek doang, sekali lagi kepada Bapak Kapolres beserta
jajarannya, saya ucapkan terimakasih,"" ungkap Eman.

### Kronologi Eman Dibegal

Eman kemudian menceritakan kejadian yang dialaminya. Saat kejadian ia sedang
mengobrol dengan teman sesama driver ojek sambil menunggu penumpang.

Tapi, tiba-tiba kawanan begal sadis datang dan langsung membacoknya tanpa basa
basi. Motor satu-satunya pun dirampas para pelaku.

""Iya lagi ngojek, pas ada temen datang saya duduk sambil nunggu penumpang,
terus tiba-tiba datang orang orang itu langsung gitu. Engga ada basa-basi
lagi, langsung turun langsung itu (bacok dengan celurit),"" cerita Eman.

  
 _Baca selengkapnya di halaman selanjutnya._

Selanjutnya __

Halaman

1  2

 ",www.detik.com
7 Fakta Pegawai Bergaji Rp 60 Juta Jadi Perampok Gegara Terlilit Utang,"Kamis, 07 Apr 2022 06:03 WIB","\-

Perampokan di Bank BJB Cabang Fatmawati, Cilandak, Jakarta Selatan, membuat
geger. Pelaku sempat melepaskan tembakan namun berhasil digagalkan oleh satpam
bank.

Aksi perampokan itu dilakukan tersangka, laki-laki berinisial BS (43), pada
Selasa (5/4) sekitar pukul 15.00 WIB. Belakangan diketahui bahwa tersangka
ternyata pegawai di sebuah bank swasta.

Berikut fakta-fakta perampokan yang dilakukan oleh pegawai bank, yang kami
rangkum sebagai berikut:

##  
1) Tersangka Pegawai Bank Bergaji Rp 60 Juta

##

Kapolres Metro Jakarta Selatan Kombes Budhi Herdi mengatakan tersangka adalah
seorang pegawai di sebuah bank swasta. Bahkan tersangka memiliki penghasilan
yang cukup fantastis bagi seorang

staf HRD di sebuah bank swasta.

""Posisinya cukup bagus sebenarnya, staf HRD. Dan kalau dilihat dari
penghasilan atau gajinya, itu sudah cukup besar. Kalau tidak salah Rp 60 juta
per bulan,"" ujar Budhi dalam jumpa pers di Polres Metro Jakarta Selatan,
Jakarta, Rabu (6/4/2022).

##  
2) Tersangka Ngaku Terlilit Utang Rp 1,5 M

Dengan gaji yang fantastis itu, tersangka nekat merampok bank dengan senjata
_airsoft gun_ lantaran terlilit utang. Tersangka terlilit utang miliaran untuk
modal bisnis.

""Tersangka utangnya Rp 1,5 miliar. Utang pokoknya Rp 1 miliar, bunganya Rp 500
juta,"" kata Kasat Reskrim Polres Metro Jakarta Selatan Kompol Ridwan Soplanit
saat dihubungi, Rabu (6/4/2022).

Ridwan mengatakan BS memiliki utang kepada kenalannya, inisial D, pada Januari
2022. Jatuh tempo utangnya itu pada Jumat (8/4) pekan ini.

""Dia bukan ke rentenir sih minjamnya, (ke) kenalannya, dia pernah kenal dengan
orang itu. Iya betul, (Januari) harus dikembalikan dalam waktu tiga bulan,""
ujarnya.

 _Baca di halaman selanjutnya: tersangka terinspirasi dari film action._

[Gambas:Video 20detik]

  
  

Selanjutnya __

Halaman

1  2  3

 ",www.detik.com
4 Fakta Petugas PPSU Ngaku Dibegal Ternyata Cuma Rekayasa,"Jumat, 29 Apr 2022 10:37 WIB","\-

Seorang petugas Penanganan Prasarana dan Sarana Umum (PPSU), Ray Prama Abdulla
(28), mengaku menjadi korban begal heboh di media sosial. Ray mengaku dibegal
hingga uang tunjangan hari raya (THR) sebesar Rp 4,4 juta raib.

Cerita Ray soal dibegal ini membuat polisi turun tangan. Polisi bersama pihak
kelurahan bahkan merasa iba hingga memberikan bantuan kepada Ray.

Ray mengaku dibegal pada Rabu (27/4/2022) sekitar pukul 05.00 WIB. Lurah
Mangga Dua Selatan Agata Bayu Putra sampai buka suara soal aksi 'begal'
terhadap petugas PPSU itu.

""Dari keterangan yang bersangkutan sih informasinya dibegal, jadi Subuh-subuh
kan baru cair THR. Yang bersangkutan ini ambil ke ATM,"" kata Lurah Mangga Dua
Selatan, Agata Bayu Putra, saat dihubungi Rabu (27/4).

Namun belakangan, Ray ternyata berbohong. Dia merekayasa kasus begal karena
takut dimarahi istri lantaran uang THR habis dipakai judi _online_.

Berikut fakta-fakta Ray mengaku dibegal seperti dirangkum .

 _Silakan baca di halaman selanjutnya._

 __

[Gambas:Video 20detik]

  
  

Selanjutnya __

Halaman

1  2  3

 ",www.detik.com
"Satu Pelaku Begal Amaq Sinta Tak Ditahan, Masih Anak-anak","Rabu, 20 Apr 2022 12:38 WIB","\-

Polisi menjelaskan H alias HOL, salah satu tersangka kasus begal terhadap
Murtade alias Amaq Sinta (34) di Nusa Tenggara Barat (NTB) masih di bawah umur
sehingga tidak ditahan seperti tersangka lain berinisial W.

Dilansir dari , Rabu (20/4/2022), HOL masih berumur 17 tahun. HOL dan W,
merupakan tersangka yang selamat dari aksi bela diri Amaq Sinta.

""Kita tidak melakukan penahanan karena yang bersangkutan masih di bawah umur.
Dia mengamankan diri di Polres Lombok Tengah,"" ungkap Dirkrimum Polda Nusa
Tenggara Barat (NTB) Kombes Hari Brata kepada detikBali, Rabu (20/4/2022).

Hari menjelaskan, alasan tersangka H alias HOL tidak ditahan karena masih
dibawa umur dan memilih untuk mengamankan diri ke Polres.

""Orang tuanya minta diamankan di Polres Lombok Tengah, antisipasi takut ada
terjadi apa-apa,"" ujarnya.

Hari Brata mengatakan HOL tidak bisa ditahan namun statusnya tetap tersangka.
HOL akan diproses hukum sesuai dengan sistem peradilan anak.

Simak berita selengkapnya di sini

 ",www.detik.com
Detik-detik Perampok Sadis di Semarang Habisi Sekuriti Studio Foto,"Kamis, 31 Mar 2022 15:55 WIB","\-

Pelaku perampokan studio foto di Kota Semarang dibekuk polisi beberapa jam
setelah kabur. Direktorat Reserse Kriminal Umum Polda Jawa Tengah
mengungkapkan detik-detik perampokan yang menewaskan seorang sekuriti itu.

Direktur Reskrimum Polda Jateng, Kombes Djuhandhani Rahardjo Puro mengatakan
pelaku bernama Rismantoro (24) warga Karangsembung, Kabupaten Kebumen, Jawa
Tengah. Dirinya mengungkap, pelaku sudah memantau daerah sekitar dan
mengunjungi toko tersebut.

""Yang bersangkutan sudah merencanakan dari awal untuk melakukan pencurian,""
kata Djuhandhani di Mapolda Jateng, Kamis (31/3/2022).

Kemudian hari Senin (29/3) malam, lanjutnya, dia datang ke TKP yang berada di
Jalan Diponegoro Semarang. Pelaku sempat tiduran di sekitar lokasi sampai
akhirnya dihampiri penjaga malam, Supriono (37).

""Awalnya yang bersangkutan mengecek situasi toko kamera sambil tidur-tiduran
lalu ditegur oleh korban penjaga atas nama Supriono. Ditegur lalu diancam mau
dilaporkan ke polisi. Setelah melalui proses nego, tidak jadi dilaporkan.
Kemudian yang bersangkutan mengambil batu, dan di dalam tasnya sudah ada sajam
yaitu pisau,"" jelasnya.

Djuhandani menyebut, pelaku lalu minta diantar ke toilet, saat itulah pelaku
menghantam kepala korban hingga pingsan. Pelaku kemudian mengambil alat las
yang dibawa di motor untuk membongkar rolling door toko. Tapi ternyata pelaku
gagal dan mencari jalan lain ke belakang toko lewat plafon.

""Pelaku berupaya membuka rolling door dengan las tetapi tidak berhasil
sehingga yang bersangkutan masuk melalui pintu belakang atap plafon,"" katanya.

![Rilis kasus perampokan studio foto Semarang di Mapolda Jateng, Kamis
\(31/3/2022\).](https://akcdn.detik.net.id/community/media/visual/2022/03/31/rilis-
kasus-perampokan-studio-foto-semarang-di-mapolda-jateng-
kamis-3132022_169.jpeg?w=620)Rilis kasus perampokan studio foto Semarang di
Mapolda Jateng, Kamis (31/3/2022). (Foto: Angling Adhitya Purbaya/detikJateng)  
  
---  
  
Saat proses hendak menuju belakang toko ternyata pelaku melihat korban sudah
berubah posisi. Saat itulah dengan sadis dia pelaku mengambil pisau dan
menusuk korban hingga luka parah di bagian badan dan leher.

Djuhandani melanjutkan, pelaku kemudian menggasak sejumlah kamera, lensa, dan
drone termasuk tas. Ia kemudian kabur menuju ke tempat tinggalnya di Kebumen.
Pelaku juga sempat membawa kabur handphone korban dan membuangnya ke sungai.

""Yang bersangkutan baru pulang dari TKP dan akan pergi, setelah itu kami
buntuti dan di tengah jalan kami lakukan penangkapan tanpa perlawanan. Pelaku
langsung mengaku,"" katanya.

Pelaku dijerat Pasal 365 KUHP ayat 4 tentang pencurian disertai pemberatan dan
atau pasal 339 KUHP tentang pembunuhan dengan ancaman maksimal 20 tahun dan
hukuman mati.

  
  
  
[Gambas:Video 20detik]  

 ",www.detik.com
"Sopir Truk Perkosa Pelajar di SPBU Lutra Ditangkap, Dikejar Sampai Makassar","Rabu, 30 Mar 2022 00:15 WIB","\-

Sopir inisial BR (31) ditangkap polisi atas kasus pemerkosaan terhadap seorang
pelajar di Luwu Utara (Lutra), Sulawesi Selatan (Sulsel). Aksi bejat BR
dilakukan di SPBU.

""Benar pelaku pencabulan sudah diamankan di Makassar pada Sabtu kemarin,"" kata
Kapolres Lutra Alfian saat dimintai konfirmasi , Selasa (29/3/2022).

Aksi BR dilakukan di pelataran SPBU Tamboke, Kecamatan Sukamaju, Lutra pada
Februari 2022. Dia sempat melarikan diri kemudian ditangkap di Jalan Veteran
Utara, Makassar pada Sabtu (26/3).

  

Alfian menjelaskan pelaku yang berprofesi sebagai sopir truk itu awalnya
datang menjemput korban di Tanalili. Usai menjemput pelaku lalu membawa korban
ke SPBU Tamboke menggunakan truk.

Setibanya di lokasi, truk kemudian diparkir di pelataran SPBU Tamboke. Tak
lama berselang pelaku langsung melakukan aksi bejatnya dengan memperkosa
korban.

""Jadi malam itu, waktu Februari lalu korban ini dibawa ke SPBU, sesampainya di
sana korban langsung dicabuli oleh pelaku,"" kata Alfian.

Orang tua korban yang tak terima atas kejadian yang menimpa anaknya lantas
melaporkan peristiwa tersebut ke Polsek Sukamaju.

""Anggota lakukan serangkaian penyelidikan usai menerima laporan itu, dan
setelah diselidiki akhirnya anggota mengetahui keberadaan pelaku yang sedang
berada di daerah Makassar,"" ujar Alfian.

""Anggota yang akhirnya koordinasi dengan Personel Polsek Bontoala hingga
akhirnya pelaku berhasil ditangkap,"" sambungnya.

BR kepada polisi sudah mengakui perbuatannya. Saat ini BR telah ditahan di
Mapolres Lutra untuk menjalani proses hukum lebih lanjut.

  
  
  
[Gambas:Video 20detik]  

 ",www.detik.com
Eks Suami Asal Pakistan yang Bunuh Mamih Juju Ditangkap di RS,"Jumat, 20 Mei  2022 15:12 WIB","\-

Jahoor Ul Hassan membunuh mantan istrinya, Mamih Juju. Polisi menangkap pria
asal Pakistan itu di rumah sakit.

Sekadar diketahui, Mamih Juju ditemukan tewas di musala rukonya, Kabupaten
Tasikmalaya. Korban dihabisi Jahoor yang merupakan warga negara Pakistan.

Mamih Juju dan Jahor diketahui telah bercerai selama tiga bulan. Saat
kejadian, Jahoor datang ke ruko milik Mamih Juju.

  

Kedatangannya bermaksud untuk mengajak rujuk Mamih Juju. Selain itu, pelaku
juga menanyakan perihal harta gono-gini usai bercerai.

""Karena keduanya sudah bercerai selama tiga bulan,"" kata Kabid Humas Polda
Jabar Kombes Ibrahim Tompo didamping Kapolres Tasikmalaya Kota AKBP Aszhari
Kurniawan di Mapolres Tasikmalaya Kota, Jumat (20/5/2022).

Dalam perbincangan itu, diduga pelaku kesal terhadap korban. Karena korban
tidak mau memenuhi keinginan pelaku.

""Setelah itu pelaku melakukan aksi kekerasan hingga korban meninggal dunia,""
kata Ibrahim.

Sementara itu, Kapolres Tasikmalaya Kota Aszhari menambahkan setelah menerima
laporan kejadian itu pihaknya langsung melakukan penyelidikan.

""Hal yang pertama kami lakukan adalah mengamankan TKP. Kemudian melakukan
penyelidikan dibantu oleh Inafis Polda Jabar,"" kata Aszhari.

Hasil penyelidikan barang bukti, alat bukti dan keterangan saksi pelaku
pembunuhan mengarah kepada Jahoor.

""Hasil penyelidikan mengerucut ke si mantan suaminya. Akhirnya pada hari itu
juga sekitar jam 13.00 WIB kami amankan tersangka ini ketika sedang berobat di
sebuah rumah sakit di Ciamis,"" kata Aszhari. Tersangka langsung diamankan dan
menjalani pemeriksaan intensif di Mapolres Tasikmalaya Kota.

Aszhari juga mengatakan bahwa korban tewas dengan luka tusukan dan luka
sayatan di bagian leher. Kemudian tak ada barang berharga korban yang dibawa,
kecuali ponsel milik korban yang saat ini masih dicari keberadaannya.

 ",www.detik.com
7 Fakta Baru Terungkap dari Rekonstruksi Eks Kasatpol PP Bunuh Najamuddin,"Sabtu, 21 Mei  2022 07:30 WIB","\-

Tuntas sudah rekonstruksi kasus pegawai Dishub Najamuddin Sewang dibunuh atas
perintah Kasatpol PP Makassar nonaktif Iqbal Asnan. Sejumlah fakta baru
terkuat dari rekonstruksi.

Rekonstruksi berlangsung selama dua hari, yakni pada Kamis (19/5) dan Jumat
(20/5). Sementara lokasi rekonstruksi berlangsung di sejumlah tempat sesuai
kejadian.

Rekonstruksi awalnya dilakukan di rumah Rachma Dishub Makassar. Rachma adalah
sosok yang menjadi pusaran cinta segitiga korban dan tersangka Iqbal hingga
berujung pembunuhan.

  

Rekonstruksi juga berlanjut ke kediaman korban hingga ke rumah-rumah dari
sejumlah tersangka. Rekonstruksi juga berlangsung di lokasi penembakan maut
dan sejumlah lokasi lainnya.

Dirangkum , Sabtu (21/5/2022), berikut 7 fakta baru yang terungkap dari
rekonstruksi.

## 1\. Pembunuhan Bermula dari Rumah Rachma

Rumah Rachma di Perumahan Grand Aroepala Blok H 19, wilayah Kelurahan
Tamangapa Raya, Kecamatan Manggala, Kota Makassar rupanya menjadi cikal bakal
pembunuhan terjadi. Hal ini terungkap dalam rekonstruksi.

Saat rekonstruksi, tersangka Iqbal Asnan dan bawahannya tersangka Asri
terlibat pertemuan. Keduanya sempat terlibat perbincangan.

Polisi menjelaskan, Iqbal Asnan terbakar cemburu karena menemukan Rachma dan
korban bersama. Untuk itulah dia sempat memanggil Asri ke rumah Rachma.

""Di situ (rumah Rachma) mulai terbakar api cemburu,"" kata Kasat Reskrim
Polrestabes Makassar AKBP Reonald Truly Sohomuntal Simanjuntak kepada
wartawan, Jumat (20/5).

## 2\. Bawahan Eks Kasatpol PP Lempar Santet

Polisi pada konferensi pers penetapan tersangka beberapa waktu lalu
menjelaskan bahwa Iqbal mengirim santet kepada korban. Dalam rekonstruksi
terkuak fakta baru bahwa Iqbal rupanya mengirim santet tersebut melalui
perantara bawahannya yang bernama Muhammad Asri.

Rekonstruksi menunjukkan Asri bersama saksi Sahabuddin berboncengan motor
melintas di depan rumah korban. Asri yang dibonceng melempar botol berisi ari
minum ke teras rumah korban.

Setelah melewati rumah korban, Asri turun dari motor dan mengambil alih
kemudi. Selanjutnya Sahabuddin duduk di belakang dan Asri mulai memutar balik
motornya dan kembali melintas di depan rumah korban.

Saat melintas, giliran Sahabuddin yang melemparkan sebutir telur ke arah teras
korban. Selanjutnya Asri memacu kendaraan untuk pergi meninggalkan rumah
korban.

## 3\. Eks Kasatpol PP Atur Pembunuhan di Balai Kota Makassar

Iqbal Asnan rupanya mengatur pembunuhan korban di Kantor Balai Kota Makassar.
Rekonstruksi menunjukkan Iqbal bertemu oknum anggota Brimob Polda Sulsel
Sulaiman di ruangan Kasatpol PP alias ruangan Iqbal.

Iqbal menyampaikan kepada Sulaiman bahwa istri sirinya, Rachma kerap diganggu
korban. Iqbal mengaku sudah kerap memperingatkan korban tapi tak digubris.

Iqbal kemudian meminta Sulaiman mengeksekusi korban. Sulaiman tak menyanggupi,
namun dia menunjuk rekannya di Brimob Polda Sulsel, Chaerul Akmal untuk
menjalankan misi membunuh korban.

""Kamu mau saya suruh eksekusi,"" kata Iqbal Asnan seperti dilihat dalam teks
adegan rekonstruksi.

Pembicaraan di ruangan Iqbal Asnan juga sempat berpindah ke sebuah tempat
santai di belakang ruangan Kasatpol PP Makassar. Di tempat ini, Iqbal kembali
mengatur misi membunuh korba bersama bawahannya Asri.

## 4\. Duit Rp 20 Juta Untuk Operasional Solar Dipakai Iqbal

Iqbal Asnan rupanya juga menggunakan uang operasional solar Satpol PP Makassar
Rp 20 juta dalam kasus pembunuhan korban. Iqbal kemudian menyerahkan Rp 20
juta kepada Asri.

Jaksa wanita yang juga ikut memantau rekonstruksi menghampiri Asri. Sang Jaksa
bertanya perihal asal-usul Rp 20 juta itu untuk apa sebenarnya.

""Operasional ibu,"" jawab Asri kepada jaksa dalam rekonstruksi kasus.

Asri lantas kembali dicecar soal operasional apa yang dimaksud oleh tersangka
Asri. Tersangka Asri kemudian menjawab uang operasional solar.

""Operasional solar,"" kata Asri.

Namun seperti terungkap dalam rekonstruksi, uang Rp 20 juta itu ternyata
diberikan tersangka Asri kepada tersangka Sulaiman di depan rumah Iqbal Asnan
di Jalan Kumala, Makassar atas perintah Iqbal

Asri diketahui memberikan uang Rp 20 juta ke tersangka Sulaiman di depan rumah
Iqbal di Jalan Andi Kumala, Makassar. Uang itu pun diserahkan ke sebuah tepi
jalan.

Reka adegan rekonstruksi menunjukkan uang Rp 20 juta dibungkus dengan kertas
putih. Setelah pemberian uang itu dilakukan, Asri dan Sulaiman kembali ke
dalam rumah Iqbal.

## 5\. Upaya Oknum Polisi Hilangkan Barang Bukti

Rekonstruksi juga menunjukkan dua oknum anggota Brimob Polda Sulsel masing-
masing mencoba menghilangkan barang bukti pembunuhan. Kedua oknum itu adalah
Chaerul Akmal dan Sulaiman.

Chaerul Akmal selaku eksekutor pembunuhan mencoba menghilangkan barang bukti
jaket yang dikenakannya saat membunuh korban dengan cara membuangnya ke sebuah
tanggul. Jaket kuning itu dibuang ke Tanggul Patompo.

Sementara oknum polisi Sulaiman, terungkap mencoba menghilangkan barang bukti
pistol. Pistol ini dibawa Sulaiman ke rumahnya di Pangkep dan ditanam ke
tanah.

## 6\. Oknum Polisi Penembak Najamuddin Dijanjikan Rp 200 Juta

Polisi mengatakan Chaerul Akmal selaku oknum Brimob yang menembak mati
Najamuddin Sewang dijanjikan Rp 200 juta oleh Iqbal. Namun Iqbal baru membayar
Chaerul Akmal Rp 90 juta.

""Dijanjikan Rp 200 juta tapi baru dibayar Rp 90 juta,"" ujar Kasat Reskrim
Polrestabes Makassar AKBP Reonald Truly Sohomuntal Simanjuntak, Jumat
(20/5/2022).

Dari upah Rp 90 juta yang dibayarkan di awal, penyidik hanya menyita barang
bukti Rp 85 juta. Sementara sisanya sudah digunakan pelaku Chaerul Akmal.

""Rp 90 juta namun yang kami dapatkan sisa Rp 85 juta,"" kata Rheonald.

## 7\. Oknum Polisi Penembak Najamuddin Dibayar di Markas Brimob

Chaerul Akmal terungkap menemui Sulaiman di Markas Brimob Polda Sulsel usai
menembak mati korban. Sebagai tanda tugasnya selesai, Chaerul mengembalikan
pistol milik Sulaiman.

Sebaliknya, Sulaiman menyerahkan upah Rp 90 juta kepada Chaerul Akmal yang
mana sebelumnya dijanjikan Rp 200 juta. Upah Rp 90 juta rupanya diberikan
Sulaiman kepada Chaerul Akmal di belakang Asrama Brimob.

Namun untuk diketahui, polisi tak menggelar rekonstruksi kasus ini Markas
Brimob. Polisi menggunakan Polsek Tamalate sebagai lokasi pengganti.

  
  
  
[Gambas:Video 20detik]  

 ",www.detik.com
Ayah Perkosa Anak Kandung dan Anak Tiri di Minahasa Utara Ditangkap!,"Selasa, 22 Mar 2022 06:00 WIB","\-

Pria berinisial YK (42) di Kabupaten Minahasa Utara (Minut), Sulawesi Utara
(Sulut) ditangkap polisi atas kasus pemerkosaan anak kandung dan anak tiri.
Pelaku kini digelandang ke Mapolsek Likupang.

""Pelaku sudah ada (diamankan di Polsek),"" ujar Kapolsek Likupang Iptu Iwan
Toani kepada , Senin (21/3/2022).

Kendati ditangkap, laporan polisi korban baru akan dibuat hari ini. Pasalnya,
kepala desa (kades) setempat lebih dulu menangani kasus tersebut.

  

""Belum ada laporan polisi. Ini hari rencana mau bawa. Karena tersangka papa
sendiri,"" kata Iwan.

Sementara itu, Kades Palaes Grace Morong mengatakan pelaku sudah 2 tahun lalu
melakukan pemerkosaan. Hanya saja kasus ini baru terungkap setelah korban
melaporkan langsung.

""Yang dia lapor (pemerkosaan terjadi) sejak kelas 1 SMP, sekarang kelas 3
SMP,"" jelasnya.

""Anak tiri sudah lama, sekitar lebih dulu dari anak sungguh (kandung). Kita
nggak (tak) tahu (kapan detilnya anak tiri dicabuli),"" ungkap dia.

  
  
  
[Gambas:Video 20detik]  

 ",www.detik.com
Polisi Temukan Pisau di TKP Pembunuhan Sekuriti Studio Foto Semarang,"Selasa, 29 Mar 2022 15:00 WIB","\-

Polisi menemukan sejumlah barang di lokasi perampokan studio foto dan toko
kamera di Semarang. Dalam kasus itu, seorang sekuriti ditemukan tewas
terbunuh.

Polisi menduga barang-barang yang ditemukan itu merupakan milik pelaku yang
tertinggal di lokasi.

""Ada alat las, terus juga ada barang-barang tersangka yang diduga tertinggal
sejumlah satu ransel dengan segala peralatan isinya,"" kata Kasat Reskrim
Polrestabes Semarang AKBP Donny Lombantoruan saat di lokasi, Jl Diponegoro,
Gajahmungkur, Kota Semarang, Selasa (29/3/2022).

Barang yang ditemukan antara lain adalah obeng, alat las, dan sebuah ransel.
Polisi juga menemukan pisau yang diduga digunakan untuk menusuk korban.

""Ketinggalan dari pelaku ada pisau yang digunakan diduga untuk menusuk,
kemudian ada alat las ada tas berisi obeng dan lain-lain, ada ransel,""
ujarnya.

Kini, pihak kepolisian masih melakukan penyelidikan terkait kasus perampokan
dan tewasnya sekuriti yang disebut bernama Supriyono (37) itu. Setidaknya,
sudah tiga orang saksi yang sejak pagi tadi diperiksa.

""Saksi yang akan kita periksa ada tiga orang sementara,"" lanjutnya.

Donny sendiri menyebut pihaknya mendapat laporan sekitar pukul 06.15 WIB.
Diduga tewasnya Supriyono berkaitan dengan perampokan yang terjadi di lokasi.

Pelaku perampokan diketahui masuk ke toko kamera melalui area toilet di
lokasi. Pelaku meninggalkan jejak berupa satu lubang yang seukuran dengan
lingkar pinggang orang dewasa.

Sejumlah barang berupa kamera dan lensa juga diketahui hilang. Barang-barang
yang hilang itu merupakan benda yang cukup mahal.

""Dugaan kita adanya upaya untuk perampokan (pasal) 365,"" jelasnya.

Salah seorang pegawai, Wahyu (33), menyebut pelaku mengambil barang dari satu
lokasi saja. Menurutnya lokasi itu merupakan tempat penyimpanan barang yang
terbilang mahal.

""Kayaknya yang _nyuri_ juga sudah tahu lokasinya juga yang diambil juga cuma
satu lokasi, sudah tahu tempatnya yang mahal mana,"" ujar Wahyu saat ditemui di
lokasi, Jl Diponegoro, Gajahmungkur, Kota Semarang, hari ini.

  
  
  
[Gambas:Video 20detik]  

 ",www.detik.com
"Lari ke Palembang, Tukang Es Buah Penusuk Pria di Bekasi Ditangkap Polisi","Kamis, 02 Jun 2022 12:15 WIB","\-

Penjual es buah pembunuh pria di Cikarang Utara, Kabupaten Bekasi ditangkap
polisi. Pelaku ditangkap di Palembang, Sumatera Selatan, setelah keluarganya
menyerahkan pelaku ke Polsek setempat.

""Sama keluarganya diserahkan ke Polsek setempat (di Palembang) kemarin,"" ucap
Kapolres Metro Bekasi Kombes Gidion Arif ketika dihubungi pada Kamis
(2/6/2022).

Menurut Gidion pelaku sempat kabur ke Palembang. Kini pelaku sudah diamankan
di Polda Metro Jaya.

""Lari ke Palembang, ditindaklanjuti oleh Polda mas,"" ucapnya.

Sebelumnya seorang pria berinisial ND (43) tewas ditusuk tukang es buah di
Mekar Mukti, Cikarang Utara, Kabupaten Bekasi, Jawa Barat (Jabar). Pelaku
menusuk korban gegara gerobak es buahnya tertabrak korban.

###

### Korban Ditusuk Gegara Tabrak Gerobak

Kapolsek Cikarang Utara Kompol Mustakim mengatakan penusukan terjadi pada
Selasa (24/5) pukul 17.30 WIB. Awalnya, korban yang berboncengan motor tak
sengaja menabrak gerobak pelaku.

""Kemarin (korban) _tabrakin_ dagangan si tukang es buah itu, ya marah
(pelaku),"" ujar Musakim ketika dihubungi , Rabu (25/5).

Pelaku yang tak terima sempat cekcok dengan korban hingga sempat berkelahi.
Pelaku yang naik pitam akhirnya membawa pisau dan mengejar korban.

""Informasinya begitu, cekcok dulu, terus berkelahi. Karena pelaku bawa pisau
lari, dia pakai motor boncengan itu,"" ujarnya.

[Gambas:Video 20detik]

  
  

 ",www.detik.com
Korban Pemerkosaan Ayah Tiri di Cianjur Perlu Penanganan Khusus,"Jumat, 10 Jun 2022 20:00 WIB","\-

Pusat Pelayanan Terpadu Pemberdayaan Perempuan dan Anak (P2TP2A) Kabupaten
Cianjur bakal melakukan pendampingan dan penanganan khusus kepada remaja
perempuan tunarungu yang menjadi korban pemerkosaan ayah tiri hingga hamil.

Ketua Harian P2TP2A Kabupaten Cianjur Lidya Umar mengatakan kondisi korban
yang mengalami tunarungu membuat pengobatan trauma pasca kejadian akan berbeda
dengan korban pemerkosaan atau kekerasan seksual seksual lainnya.

""Memang harus ada penanganan khusus karena korban tunarungu. Saat ini juga
kita kesulitan untuk berkomunikasi langsung dengan korban, makanya belum
dibawa ke shelter, baru sebatas pendampingan di rumah korban,"" ungkap dia,
Jumat (10/6/2022).

  

Menurutnya, P2TP2A bakal menyiapkan penerjemah dari Sekolah Luar Biasa (SLB)
agar bisa berkomunikasi dengan korban. ""Kita akan cari penerjemah dulu dari
SLB. Supaya bisa ketahuan separah apa traumanya dan bagaimana cara pengobatan
traumanya,"" ujarnya.

Lidya mengungkapkan, pengobatan pada korban pemerkosaan akan membutuhkan waktu
lama. Terlebih pelaku merupakan orang terdekat meskipun statusnya ialah ayah
tiri.

""Orang terdekat akan membuat traumanya cukup berkepanjangan. Apalagi korban
kan sampai hamil. Makanya selain penangananya harus khusus karena korban
tunarungu, tapi juga harus secara berkala dan berproses panjang. Kami upayakan
agar korban bisa sembuh dari traumanya,"" pungkasnya.

Diberitakan sebelumnya, RH (43), pria asal Cibeber Kabupaten Cianjur dengan
biadab memperkosa anak tirinya sendiri yang mengalami tunarungu hingga hamil.
Bahkan aksi biadabnya itu dilakukan sebanyak tiga kali.

 ",www.detik.com
Mahasiswi di NTB Diduga Diperkosa Staf Kampus Usai Rapat,"Kamis, 16 Jun 2022 10:42 WIB","\-

Staf salah satu kampus insial FIR (36) di Kota Bima, Nusa Tenggara Barat (NTB)
ditangkap polisi karena diduga memerkosa mahasiswi inisial PH (21). Korban
diduga diperkosa usai mengikuti rapat.

""Peristiwa itu terjadi di rumah pelaku, tepatnya di Kelurahan Penaraga, Kota
Bima pada Minggu (12/6) lalu,"" kata Kasi Humas Polres Bima Kota, Iptu Jufri
kepada wartawan, seperti dilansir detikBali, Kamis (16/6/2022).

Pelaku awalnya menggelar rapat kegiatan sosial yang dihadiri oleh korban dan
belasan mahasiswa lainnya. Seusai rapat, korban tak dibiarkan pulang oleh
pelaku.

""Kejadian awalnya pelapor atau korban ini mengikuti rapat bantuan sosial yang
diadakan di rumah pelaku. Setelah selesai kegiatan, korban ditahan oleh
terlapor agar tidak pulang,"" jelasnya.

Aksi bejat itu dilancarkan pelaku ketika teman-teman korban sudah pulang dan
kondisi rumah pelaku dalam keadaan sepi. Pelaku memaksa korban dan menariknya
untuk masuk kamar. Meski korban sempat teriak dan berontak, pelaku tetap
melancarkan aksi bejatnya.

Pelaku yang merupakan staf di kampus tempat korban berkuliah itu akhirnya
berhasil ditangkap oleh tim Puma Sat Reskrim Polres Bima Kota. Dia ditangkap
di rumahnya tanpa perlawanan.

 _Baca selengkapnyadi sini_

 __

[Gambas:Video 20detik]

 ",www.detik.com
Ngerinya Puluhan Pemerkosaan Biadab Pernah Bikin Gempar Inggris,"Minggu, 20 Mar 2022 11:51 WIB","\-

Inggris pada era 90-an pernah digemparkan dengan sejumlah kasus pemerkosaan
yang dijuluki dengan kasus pemerkosaan 'Green Chain Walk'. Pelaku dari
rentetan pemerkosaan ini ternyata adalah pria bernama Robert Napper yang juga
seorang pembunuh.

Dilansir dari _Murderpedia_ , Robert Napper adalah anak tertua dari Brian
Napper dan istrinya Pauline. Lahir di Erith, Greater London, Napper dibesarkan
di Plumstead, London Tenggara. Pernikahan orang tuanya penuh kekerasan. Napper
ikut menyaksikan tindak kekerasan yang dilakukan oleh ayahnya kepada ibunya.
Pernikahan orang tuanya pun berakhir dengan perceraian ketika Napper berusia
10 tahun. Napper dan saudara-saudaranya ditempatkan di panti asuhan dan
menjalani perawatan psikiatris. Konseling psikiatris yang dilakukan Napper di
Rumah Sakit Maudsley di Camberwell berlangsung selama enam tahun.

Sementara itu, Napper mengalami perubahan kepribadian setelah temannya
menyerangnya pada liburan berkemah ketika dia berusia 12 tahun. Pelaku
dipenjara, tetapi Napper menjadi tertutup. Sejak saat itu ia berubah.

Selanjutnya __

Halaman

1  2

 ",www.detik.com
Viral Warga Amankan Pria Saat Curi Sparepart BMW di Cilandak,"Minggu, 10 Apr 2022 21:50 WIB","\-

Beredar sebuah video viral memperlihatkan seorang pria tengah dibawa oleh
warga. Disebutkan pria tersebut terpergok tengah mencuri sparepart mobil BMW
di Perum Cassamora, Cilandak, Jakarta Selatan.

Dilihat detikcom, Minggu (10/4/2022) dalam video terlihat rombongan warga
tengah menggandeng seorang pria berkaos oblong yang diduga pencuri. Nampak
warga mengerubungi pria tersebut.

Disebutkan dalam video, kejadian pencurian itu terjadi pada Minggu (10/4)
sekira pukul 03.00 WIB. Aksi tersebut dipergoki oleh warga yang tengah
membangunkan sahur.

""Seorang pria tertangkap basah sedang mempreteli sparepart mobil BMW yang
terparkir di sekitar kawasan Komplek Casamora, Cilandak Barat, Cilandak,
Jakarta Selatan,"" tulis keterangan video, Minggu (10/4/2022).

Dalam keterangan video disebutkan pelaku pencurian sempat diarak warga sebelum
dibawa ke rumah RT setempat sebelum diserahkan ke Polsek Cilandak. Sementara
itu, dihubungi secara terpisah Kapolsek Cilandak Kompol Multazam Lisendra
menyebut sudah menangani kasus tersebut.

""Sudah kami tangani,"" ujar Multazam saat dihubungi.

Disebutkan awalnya pelaku berinisial RP telah melakukan pencurian terhadap
mobil BMW tersebut pada Senin (4/4) lalu namun tidak ketahuan oleh warga. Saat
lakukan pencurian pertama, dia mencopot tape mobil, kisi-kisi AC, dashboard
mobil, STNK dan plat nomor.

Kemudian, dia melakukan aksinya lagi pada Minggu (10/4) sekira pukul 03.00
WIB. Dalam aksinya, dia kembali membuka pintu mobil korban dengan menggunakan
kunci palsu namun terpergok oleh warga sekitar.

""Lalu ketika pelaku akan mengambil tape mobil dan dashboard pelaku dipergoki
oleh teman korban dan saksi yang melihat ketika pelaku mengambil barang
sebelumnya,"" jelas Multazam.

""Lalu ketika digeledah di temukan alat kunci kaleng yang digunakan untuk
membuka pintu mobil. Dan ketika pelaku ditangkap warga,"" sambungnya.

Kini pelaku telah dibawa ke Polsek Cilandak untuk dimintai keterangan lebih
lanjut. Atas perbuatannya, pelaku terancam dikenakan pasal 363 KUHP.

 ",www.detik.com
"Kasus AKBP Mustari Perkosa ABG Putri P21, Akan Dilimpahkan ke Kejari Gowa","Senin, 25 Apr 2022 12:39 WIB","\-

Berkas kasus perwira Polda Sulawesi Selatan (Sulsel) AKBP Mustari memperkosa
dan menjadikan remaja putri budak seks telah dinyatakan lengkap atau P21 oleh
Kejati Sulsel. Selanjutnya tersangka dan barang bukti akan diserahkan ke
Kejaksaan Negeri (Kejari) Gowa.

""Memang info sebelumnya hari ini (pelimpahan ke Kejari Gowa), tapi jaksanya
saya tanya yang mau menerima (barang bukti dan tersangka), besok (pelimpahan
tahap II),"" Kasi Penkum Kejati Sulsel Soetarmi kepada , Senin (25/4/2022).

Kasus pemerkosaan remaja putri diketahui sebelumnya ditangani Polda Sulsel.
Berkas perkara tersangka dari penyidik kepolisian pun dipelajari Kejaksaan
Tinggi (Kejati) Sulsel hingga dinyatakan lengkap atau P-21.

  

""Yang jelas berkas masuk tanggal 28 Maret 2022 di sini (Kejati Sulsel), di
P-21 sekitar 2 minggu lalu. Tanggal pastinya saya tidak tahu,"" lanjut dia.

Namun belakangan pelimpahan tahap II akan dilakukan ke Kejari Gowa. Soetarmi
beralasan hal ini dikarenakan lokus kejadian berada di Kabupaten Gowa.

""Tidak apa-apa, mungkin kejadiannya (kasus pemerkosaan AKBP M terhadap remaja
putri) di sana (di Gowa),"" papar Soetarmi.

""Yang jelas begitu penjelasan jaksanya dia diserahkan nanti di (Kejari) Gowa.
Berkas tetap masuk di sini (Kejati Sulsel), tapi penyerahan tersangka bisa di
kejari,"" urai dia.

Jaksa sisa menunggu penyerahan tersangka dan barang bukti dari kepolisian.
Dengan begitu bakal disidangkan yang rencananya digelar di Pengadilan Negeri
(PN) Sungguminasa.

""Pastinya di mana tempat kejadian, di situ dibawa (tersangka untuk)
disidangkan,"" tegas Soetarmi.

Diketahui polisi Sulsel AKBP Mustari tersangka pemerkosa dan menjadikan remaja
putri budak seks dipecat dengan tidak hormat. Sanksi pemberhentian tidak
dengan hormat (PTDH) kepada AKBP Mustari diputuskan sidang etik Propam Polda
Sulsel, Jumat (11/3).

""Sanksi yang sifatnya administratif berupa direkomendasikan pemberhentian
tidak dengan hormat atau PTDH dari dinas Kepolisian Negara Republik
Indonesia,"" kata ketua sidang kode etik Kombes Ai Afriandi di Mapolda Sulsel,
Jumat (11/3).

Dalam sidang itu pula terungkap AKBP Mustari tersangka pemerkosa remaja putri
berusia 13 tahun di Kabupaten Gowa, Sulsel itu dilakukan 12 kali.

Dikonfirmasi terpisah, Kejari Gowa Yeni Andriani mengatakan, pelimpahan tahap
II yang menjerat oknum perwira polisi berpangkat 2 melati ini dilakukan di
Kejari Gowa. Alasannya lokasi kejadian dan persidangan pun akan dilakukan di
situ juga.

""Karena lokus tempusnya di Gowa, makanya dia serahkan di Kejari Gowa untuk
selanjutnya jaksa Kejari Gowa dan Kejati yang menyidangkannya di PN
Sungguminasa,"" jelasnya.

  
  
  
[Gambas:Video 20detik]  

 ",www.detik.com
"Diduga Dibegal, Pria di Palembang Dikeroyok-Disiram Air Keras","Kamis, 28 Apr 2022 07:34 WIB","\-

Seorang pria di Palembang, Sumatera Selatan (Sumsel), WS (20) diduga dibegal
saat hendak membeli makanan untuk sahur. Pria itu dikeroyok dengan senjata
tajam dan disiram air keras.

Informasi yang dihimpun, peristiwa itu terjadi pada Rabu sekitar pukul 03.00
WIB di Jalan Jenderal Sudirman Ilir Timur I, Palembang, tepatnya di dekat
rumah makan cepat saji (RM Sederhana).

Kasat Reskrim Polrestabes Palembang Kompol Tri Wahyudi mengatakan peristiwa
nahas yang dialami Wahyu terjadi ketika dia bersama rekannya RC (19), tengah
berboncengan menggunakan sepeda motor untuk membeli makan sahur.  
  
""Dan sesampainya di TKP (di Jalan Jenderal Sudirman) korban dihadang oleh
rombongan pelaku,"" kata Tri kepada detikSumut, Kamis (28/4/2022).

  

Menurut keterangan korban, kata Tri, pelaku yang menganiaya korban ada sekitar
30 orang. Namun, setelah dilakukan penyelidikan pelaku ternyata hanya
berjumlah 4 orang.

""Para pelaku menggunakan 1 unit mobil jenis Honda Brio warna kuning. Total
semua pelaku yang benar ada 4 orang,"" katanya.

Dengan kendaraan yang mereka gunakan, lanjutnya, para pelaku memberhentikan
korban dan rekannya. Bahkan, tak hanya dengan melukai korban dengan cara
menganiaya, pelaku juga menyiramkan air keras ke arah tubuh korban.

""Jadi pelaku ini juga diduga menggunakan cairan cuka para (air keras) sehingga
wajah korban mengalami luka bakar dan kunci sepeda motor korban diambil oleh
para pelaku. Para pelaku kemudian melarikan diri dan datanglah saksi untuk
membantu karena menjaga parkir di lokasi dan langsung membawa korban ke rumah
sakit,"" bebernya.

Tri mengatakan pihaknya langsung bergerak memburu pelaku. Keempat orang pelaku
beserta barang bukti sejumlah senjata tajam sudah diamankan. Para pelaku saat
ini masih diperiksa intensif.

""Dari informasi tersebut kita langsung melakukan penyelidikan dan memburu
pelaku. Keempat pelaku tadi malam (27/4) sudah kita amankan berikut sajamnya,
ada celurit juga. Saat ini mereka masih diperiksa intensif,"" jelas Tri.

  
  
  
[Gambas:Video 20detik]  

 ",www.detik.com
Pemuda di Medan Amplas Nekat Curi 3 Slop Rokok untuk Makan,"Jumat, 10 Jun 2022 17:53 WIB","\-

Seorang pria kedapatan mencuri 3 slop rokok di warung warga, Jalan Garu VI,
Kecamatan Medan Amplas, Rabu (8/6). Berdasarkan keterangan polisi, pelaku
nekat mencuri rokok untuk bisa makan.

Kanit Reskrim Polsek Patumbak, AKP Ridwan menjelaskan pelaku bernama Immanuel
Pakto Lingga (22), warga Jalan Bajak V, Kecamatan Medan Amplas. Sementara
korbannya bernama Uli Amaliyah (41) warga Garu VI, Kelurahan Harjosari,
Kecamatan Medan Amplas.

""Awalnya Uli sedang berada di rumahnya. Tak lama, tiba-tiba ia melihat Pakto
dari kaca jendela ruang tamunya,"" kata Ridwan saat dikonfirmasi, Jumat
(10/6/2022).

  

Pakto saat itu menyelinap masuk ke dalam warung Uli dan berjalan mengarah ke
laci meja tempat menyimpan uang.

""Nah, si Pakto saat itu mengambil tiga slop rokok. Tak lama datang lah si Uli
memergoki aksi kejahatan Pakto tersebut,"" ujarnya.

""Mengetahui aksinya ketahuan, Pakto pun merasa terkejut dan dengan perasaan
panik langsung melarikan diri,"" tambahnya.

Dikatakan, saat itu Uli langsung mengejar Pakto dan sempat terjadi saling
tarik menarik baju antara pelaku dan korban.

Merasa terancam, Pakto pun memukul wajah Uli saat proses saling kejar-kejaran.
Selanjutnya Uli pun berteriak minta tolong sembari tetap mengejar Pakto.

""Baru lah warga banyak yang mendengar teriakan Uli. Tak lama, Pakto berhasil
diamankan oleh warga. Sempat lah dimassa sebentar. Lalu ada petugas yang
patroli dan sampai ke TKP serta langsung memboyong Pakto ke Polsek Patumbak,""
ucapnya.

""Pengakuannya baru kali ini dia mencuri dan itu untuk kebutuhan sehari-hari.
Kalau urinenya belum kamu cek positif atau tidak,"" tutupnya.

  
  
  
[Gambas:Video 20detik]  

 ",www.detik.com
Polisi Tangkap Pembunuh Pria Bertato 'Ikan Mas' di Bekasi!,"Kamis, 19 Mei  2022 12:07 WIB","\-

Polisi mengungkap kasus pembunuhan pria bertato yang jasadnya ditemukan di
persawahan Cibitung, Kabupaten Bekasi. Pembunuh pria inisial I alias K ini
telah ditangkap polisi.

""Iya, ditangkap, dirilis Polda,"" ujar Kasat Reskrim Polres Metro Bekas AKBP
Aris Timang pada Kamis (19/5/2022).

Aris tidak memberikan penjelasan lebih lanjut terkait identitas pelaku. Aris
juga belum menjelaskan kronologi penangkapan pelaku.

Sementara itu, salah satu saksi, Lazarus Ngatmin, mengaku mengenali korban
dari tato 'ikan mas' di tubuhnya. Lazarus, yang merupakan mandor bangunan,
mengatakan korban bernama Ihsan itu adalah anak buahnya.

""Saya kan mengenali korban, terus kata polisinya 'kenal nggak, Pak?', 'maaf,
Pak, sekilas kayaknya ini ya, Pak, sekilas kenal', tapi biar lebih yakin kalau
sudah lihat belakangnya itu ada tato ikan mas,"" ujar Lazarus ketika ditemui di
Cibitung.

Menurut Lazarus, korban tinggal di Lebak Bulus, Jakarta Selatan. Ihsan ikut
bekerja dengannya selama 20 tahunan.

""Lama, sekitar tahun 2000 kan kenal saya tuh, sama-sama kerja di Depok. Lama,
20 tahunan tuh, cuma dia keluar-masuk, kadang ikut saya, kadang ikut teman
saya, kadang ikut temannya,"" tuturnya.

""Saya kan mandor, kan kemarin juga saya _bukain_ bengkel di sini bengkel
motor. Puasa kemarin masih kerja sama saya tuh. Dia pamit mau pulang Lebaran,""
katanya.

Sebelumnya, polisi menduga pria inisial I alias K yang ditemukan tewas di
sawah di Cibitung, Kabupaten Bekasi, adalah korban pembunuhan. Terdapat luka
sayat di leher pria bertato itu.

""Mayat diduga korban pembunuhan dengan leher terluka diduga terkena sayatan
benda tajam,"" tutur Kapolres Metro Bekasi Kombes Gidion Arif dalam
keterangannya pada Rabu (18/5/2022).

Mayat I ditemukan pada Selasa (17/5) pukul 19.00 WIB. Polisi telah melakukan
olah tempat kejadian perkara (TKP) di lokasi kejadian dan menemukan adanya
luka terbuka di bagian leher pria bertato itu.

[Gambas:Video 20detik]

  
  

 ",www.detik.com
"Pria Bejat di Buton 4 Tahun Perkosa ABG, Ancam Sebar Video Asusila Korban","Sabtu, 21 Mei  2022 17:59 WIB","\-

Seorang pria inisial LF (21) asal Kabupaten Buton, Sulawesi Tenggara (Sultra)
ditangkap polisi karena memperkosa remaja inisial PM (17). Aksi bejat pelaku
terungkap dilakukan selama 4 tahun karena korban tidak bisa menolak kemauan
pelaku setelah diancam video asusilanya disebar.

""Pelaku mengancam akan menyebarkan video asusila korban. Begitulah berlanjut
(tindakan persetubuhan) dari tahun 2019 sampai 2022,"" kata Kasat Reskrim
Polres Buton Iptu Busrol Kamal kepada Sabtu (21/5/2022).

Busrol mengungkapkan awal mula kejadian tersebut pada tahun 2019. Saat itu,
keduanya berpacaran saat duduk di SMP di Kabupaten Buton. Saat masa pacaran,
keduanya intens berkomunikasi melalui video call.

  

""Saat itu pelaku video call dengan korban. Korban ketika itu tidak menggunakan
pakaian, pelaku lalu merekam (diam-diam). Ada juga sempat pelaku merekam saat
mereka berhubungan badan. Itu juga yang menjadi senjata pelaku untuk bisa
kembali melakukan persetubuhan kepada korban,"" ujarnya.

Ia mengungkapkan peristiwa yang sama selalu terjadi berkali-kali. Pelaku
menjadikan video asusila tersebut sebagai ancaman kepada korban untuk
memuaskan nafsunya.

""(Atas ancaman itu) terjadilah hubungan badan, terjadinya lebih intens lagi.
Jika korban tidak penuhi keinginan pelaku, (korban) diancam mau disebarkan
(video asusila),"" ujar dia.

Bahkan, saat korban melanjutkan sekolah ke salah satu SMA di Kota Baubau,
Sultra, pelaku masih terus mengejar korban dan melakukan tindakan persetubuhan
tersebut.

""Sampai si korban sudah melanjutkan pendidikan SMA di Baubau seperti itu.
Ketika dia mau dia akan menghubungi si korban, dimana saja dia mau lakukan dia
lakukan,"" ujarnya.

Busrol mengungkapkan ancaman berujung perlakuan tindakan persetubuhuan
tersebut terjadi sejak tahun 2019 hingga pelaku ditangkap Kamis (19/5).

Busrol mengungkapkan pelaku berhasil diamankan di rumahnya tanpa ada
perlawanan setelah keluarga korban melaporkannya ke polisi.

""Pelaku sudah ditangkap, sudah kami lakukan pemeriksaaan saksi, minta visum
(korban) dan keluar terhadap pelaku sudah kita tetapkan tersangka kemudian
kita lakukan upaya paksa melakuan penahanan di polres,"" ujarnya.

Hasil keterangan pelaku dan korban, perlakuan tidak pantas itu terjadi di
beberapa tempat seperti di Pelabuhan Nambo, kebun warga hingga beberapa tempat
di Kabupaten Buton dan Kota Baubau.

Atas perbuatannya, pelaku dijerat Pasal 81 Ayat (1) atau Ayat (2) Jo Pasal 76D
UU No 36 Tahun 2014 Tentang Perubahan Atas UU No 23 Tahun 2002 Tentang
Perlindungan Anak Jo UU No 17 Tahun 2016 Tentang Penetapan PP Pengganti UU No
23 Tahun 2002 Tentang UU Perlindungan Anak dengan ancaman 15 tahun penjara.

  
  
  
[Gambas:Video 20detik]  

 ",www.detik.com
"Berawal dari Insting, Polisi Kejar-Duel dengan Maling Motor di Kota Pasuruan","Kamis, 24 Feb 2022 12:48 WIB","\-

Aksi penangkapan terduga maling motor di Kota Pasuruan ternyata berawal dari
insting salah satu polisi. Insting ini yang membawa polisi tersebut mengejar
hingga berduel dengan maling tersebut.

Polisi yang menangkap pelaku seorang diri yakni Bripka Yulianto Eko Wahyudi.
Sehari-hari, Yulianto beretugas di Polsek Gadingrejo, Kota Pasuruan.

Awalnya, ia melakukan patroli rutin karena akhir-akhir ini marak pencurian
motor di wilayahnya. Ia kemudian melihat dua pemotor mencurigakan, lalu
tergerak melakukan pemantauan.

""Ada dua motor yang melaju kencang dan menyeberang jalan tidak selayaknya
orang yang wajar. Dari situ saya punya insting, mereka pelaku curanmor,"" kata
Yulianto, Kamis (24/2/2022).

Sebelumnya, peristiwa menegangkan ini terjadi di jalan antarkelurahan
Kebonagung, Purworejo, Kota Pasuruan, Rabu (24/2/2022) malam.

Yulianto langsung melakukan pengejaran dua pengendara motor tersebut. Karena
hanya serang diri, ia memilih pengendara yang belakang.

""Sepeda yang paling belakang yang saya sikat, karena sepeda yang depan sangat
kencang. Kurang lebih 200 meter mengejar, saya meminta dia berhenti tapi tidak
mau,"" jelas Yulianto.

Akhirnya, Yulianto memotong laju pengendara tersebut dan menerjangnya. ""Saya
potong lajunya, saya lompati, terus saya ajak duel. Kemudian warga datang dan
membantu menangkap,"" jelasnya.

Beberapa saat kemudian, sejumlah petugas Polres Kota Pasuruan datang dan
mengamankan terduga pelaku bersama motor yang dikendarainya. Sementara terduga
pelaku lainnya berhasil kabur dengan motor hasil curian.

  
  
  
[Gambas:Video 20detik]  

 ",www.detik.com
"Remaja di Solo Diperkosa 8 Kali, Pelaku Ayah Kandung!","Rabu, 23 Mar 2022 16:23 WIB","\-

Seorang remaja di Kota Solo menjadi korban pemerkosaan hingga 8 kali selama
beberapa bulan terakhir. Ironisnya, pelaku perkosaan terhadap anak berusia 13
tahun itu adalah ayah kandungnya sendiri.

Ayah bejat berinisial A itu saat ini sudah ditangkap dan ditahan di Polresta
Solo.

Kapolresta Solo Kombes Ade Safri Simanjuntak mengatakan kasus perkosaan itu
terungkap ketika korban menceritakan yang dialaminya kepada temannya.

""Jadi setelah aksi ayahnya yang terakhir pada 6 Maret, korban kemudian cerita
ke temannya. Temannya lalu menyampaikan kepada paman korban dan diteruskan
kepada ibu korban,"" terang Ade saat gelar kasus di Mapolresta Solo, Rabu
(23/3/2022).

Setelah mendapatkan cerita itu, Ade melanjutkan, ibu korban melaporkan kepada
kepolisian. Mendapat laporan itu, polisi langsung melakukan penyelidikan dan
penyidikan hingga menangkap tersangka.

""Tersangka ini sudah melakukan pencabulan di bawah umur terhadap anaknya sejak
Desember 2021 dan sampai sekarang sebanyak delapan kali,"" paparnya.

Modus yang digunakan oleh tersangka, kata Ade, yakni dengan mengancam tidak
akan meminjami HP jika menolak diajak bersetubuh.

""Tersangka ini mengancam dan membujuk mengiming-imingi korban, jika tidak mau
menuruti, maka tidak akan dipinjami HP. Di mana saat itu, saat pandemi
pembelajaran daring dilakukan, korban sering gunakan HP ayahnya untuk daring,""
ungkapnya.

Selain itu, masih kata Ade, tersangka juga tidak akan meminjamkan sepeda motor
jika korban menolak.

Atas perbuatannya, tersangka dijerat dengan Pasal 81 ayat ( 2 ) dan ayat ( 3 )
Jo. Pasal 76D UU RI Nomor 17 Tahun 2016 tentang Penetapan Peraturan Pemerintah
Pengganti Undang-Undang Nomor 1 Tahun 2016 tentang Perubahan Kedua Atas
Undang-Undang Nomor 23 Tahun 2002 tentang Perlindungan Anak menjadi Undang-
Undang.

""Ancaman pidana penjara paling singkat 5 tahun paling lama 15 tahun dan denda
paling banyak Rp 5 miliar rupiah. Pasal 81 ayat (3) dalam hal tindak pidana
sebagaimana dimaksud dilakukan oleh orang tua, wali, pengasuh anak, pendidik,
atau tenaga kependidikan maka pidananya ditambah 1/3 (sepertiga) dari ancaman
pidananya,"" pungkasnya.

Sementara itu, tersangka A mengaku tega melakukan perbuatan itu dengan dalih
sudah jarang dilayani oleh istrinya.

""Istri sudah jarang 'memberi', saat itu melihat anak tertarik dan melakukan
itu,"" kata A di kesempatan yang sama.

  
  
  
[Gambas:Video 20detik]  

 ",www.detik.com
Sopir Truk Dirampok-Dibuang ke 2 Kabupaten Sempat Ditodong Pistol,"Rabu, 11 Mei  2022 16:21 WIB","\-

Sapdam Sandi Zulfikar (27) sopir truk bermuatan sawit 8 ton yang dirampok saat
membawa truk bermuatan 8 ton sawit di Aek Ledong, Asahan, Sumatera Utara
ternyata sempat ditodong pistol oleh pelaku.

Hal ini diceritakan Tasrif, pemilik truk yang dikendarai Sandi. Tasrif mengaku
informasi itu diterimanya langsung dari korban. Berdasarkan pengakuan Sandi,
kata Tasrif, truk yang dibawanya sempat diikuti oleh sebuah mobil.

Dari belakang truk, mobil itu selanjutnya meminta diberikan jalan untuk
mendahului. ""Jadi dikasih jalan lah. Tapi pas sudah dikasi jalan mobil itu
malah mencegat ada beberapa orang menodongkan pistol, korban di suruh turun
dari truk, diikat dimasukkan ke dalam mobil pelaku,"" katanya kepada wartawan,
Rabu (11/5/2022).

  

Setelah dibawa masuk ke dalam mobil pelaku, Tasrif mengatakan Sandi dibawa
berkeliling hingga dibuang ke daerah Labuhanbatu hingga diselamatkan warga.
Kini, kasus ini sedang ditangani polisi, dia pun berharap para pelaku segera
tertangkap.

Pihak berwajib saat ini masih menyelidiki kasus perampokan terhadap sopir truk
muatan sawit yang dibuang di daerah Labuhanbatu.

""Korban sudah buat laporan, sedang diselidiki saksi-saksi juga sedang dimintai
keterangan,"" kata Kapolsek Pulo Raja AKP Maralidang Harahap, dikonfirmasi
wartawan.

Selain menerima laporan korban, polisi juga mengamankan barang bukti tali
plastik warna hitam yang digunakan pelaku untuk melilit kaki dan tangan korban
serta lakban yang digunakan sebagai penutup mulut.

Diketahui kejadian perampokan itu terjadi di Dusun III Desa Aek Nabuntu
Kecamatan Aek Ledong Kabupaten Asahan. Sementara korban dibawa perampok lalu
dibuang di Desa N-3, Kecamatan Bilah Hulu Kabupaten Labuhanbatu pada Minggu
(8/5) malam.

  
Sebelumnya, sebuah video memperlihatkan detik-detik penyelamatan sopir truk
muatan sawit yang menjadi korban perampokan dan dibuang di Labuhanbatu beredar
di media sosial.

Dilihat detikSumut, Rabu (11/5/2022) video itu memperlihatkan seorang pemuda
dalam keadaan lemas dalam posisi telungkup tanpa mengenakan baju. Sementara
tangan serta kakinya tampak terlilit tali dan lakban.

""Koe supir,"" tanya perekam gambar dalam video itu. ""Iya pak,"" dijawab korban
seketika.

""Uwe gak popo, tenang ae aman iku (sudah tenang aja aman itu),"" kata perekam
suara.

Belakangan pria yang diketahui bernama Sandi tersebut diketahui sebagai sopir
truk sawit yang baru saja dirampok dan dibuang di desa N-3 Labuhanbatu. Dia
juga menyebut asal daerah tempat tinggalnya di Aek Bange, Kabupaten Asahan.

""Toke ku namanya Tasrif bang,"" kata pria itu.

  
  
  
[Gambas:Video 20detik]  

 ",www.detik.com
Wanita Otak Begal Taksi Online Minta Korban Ditelanjangi-Dibuang ke Hutan,"Senin, 30 Agu 2021 16:41 WIB","\-

Seorang wanita pengusaha asal Jakarta inisial NA (31) menjadi otak begal
pengemudi taksi online yang merupakan kekasihnya, AR (34). NA meminta orang
suruhannya agar AR ditelanjangi lalu dibuang ke hutan.

""Korban ini diturunkan di perbatasan Manado dengan Gorontalo dalam keadaan
telanjang,"" ucap Kasat Reskrim Polrestabes Makassar Kompol Jamal Fathur
Rakhman kepada wartawan di Polrestabes Makassar, Jalan Ahmad Yani, Senin
(30/8/2021).

Dalam keadaan tanpa busana, lanjut Jamal, korban lantas berjalan hingga sejauh
lima kilometer untuk menemukan permukiman warga yang terdekat dari lokasi ia
dibuang. Selanjutnya, korban meminta pertolongan warga.

""Korban ini diturunkan oleh beberapa orang pelaku memakai dua kendaraan roda 4
di hutan-hutan di perbatasan Manado dan Gorontalo dalam keadaan telanjang,""
ucap Jamal.

""Kemudian korban berjalan kaki 4-5 kilometer ke warga masyarakat kemudian ada
yang membantu korban kembali ke Makassar dan melaporkan ke Polrestabes
Makassar terkait kejadian ini,"" lanjut Jamal.

Menurut Jamal, NA wanita pengusaha asal Jakarta selaku otak kasus ini memang
meminta enam orang suruhannya agar membuang korban ke perbatasan Manado dan
Gorontalo. Hal ini dimaksudkan agar ada efek jera kepada korban yang telah
menjauhi wanita NA setelah menjalin asmara sejak setahun terakhir.

""Jadi memang ini sudah diskenariokan seperti itu oleh NA,"" ungkap Jamal.

Diberitakan sebelumnya, kasus penculikan ini bermula dari hubungan cinta
segitiga, korban AR yang telah memiliki istri ternyata juga menjalin hubungan
kekasih dengan wanita NA. Namun hubungan itu diketahui oleh istri AR sehingga
datang memaki-maki NA di hadapan kedua orang tuanya.

Akibatnya, orang tua NA berbalik memarahi NA serta meninggalkannya karena
kecewa dengan ulah putrinya itu karena menjalin hubungan asmara dengan AR yang
telah memiliki istri.

""Tersangka merasa sakit hati dan tersangka merekrut beberapa orang temannya di
Jakarta dan di Makassar kemudian terjadilah skenario pencurian kekerasan
disertai dengan penculikan,"" ungkap Jamal.

""Korban di sini inisial AR. Untuk pelaku ada 7 orang ada NA, MA, AD, AZ, AB
dan HR,"" sambung Jamal.

[Gambas:Video 20detik]

  
  

 ",www.detik.com
Polisi Gadungan Pelaku Penggelapan Mobil Sewa Alphard buat Pikat Cewek,"Kamis, 07 Okt 2021 14:20 WIB","\-

Polres Tangerang Selatan menangkap pria inisial AIP (26), pelaku penggelapan
mobil _showroom_ di wilayah Tangsel. Dalam aksinya itu, pelaku mengaku-aku
sebagai polisi berpangkat ajun komisaris besar polisi (AKBP) untuk memikat
perempuan.

""Saat diamankan, Tersangka bersama rekan-rekannya dan empat orang wanita.
Kepada para wanita tersebut, Tersangka mengaku sebagai anggota Polri
berpangkat AKBP dan menunjukkan seragam Polri dengan pangkat tersebut,"" kata
Kapolres Tangerang Selatan AKBP Iman Imanuddin, Kamis (7/10/2021).

Iman juga mengatakan sebelumnya pelaku sempat melakukan beberapa kali
pembelian kendaraan di sebuah _showroom_ untuk meyakinkan korban bahwa pelaku
adalah orang berduit. Pelaku kemudian kembali membeli empat unit mobil dari
_showroom_ , namun tidak pernah melakukan pembayaran setelah beberapa bulan.

""Setelah pemilik _showroom_ percaya, Tersangka kemudian membeli empat unit
mobil namun pembayaran dijanjikan akan dilakukan di kemudian hari. Namun
demikian tidak pernah dibayarkan dan tersangka menghilang tidak bisa
dihubungi,"" sambungnya.

## Ditangkap Saat Naik Alphard

Sementara itu, Kasat Reskrim Polres Metro Tangerang Selatan AKP Angga Surya
Saputra menjelaskan pelaku ditangkap saat menaiki mobil Alphard di Tegal, Jawa
Barat. Ia ditangkap bersama empat perempuan dan enam pria yang merupakan
sopir.

""Saat ditangkap, Tersangka diamankan beserta tiga unit Toyota Alphard yang
disewa dari rental mobil, namun beberapa hari tidak dibayar dan dibawa lari
untuk ditawarkan kepada orang lain,"" jelas Angga.

Angga menambahkan, pelaku juga membawa mobil Alphard untuk memikat hati
perempuan. Diketahui, saat ditangkap, pelaku sedang berpesta bersama empat
perempuan tersebut.

""Yang empat perempuan dan enam laki-laki itu nggak ada kaitannya. Cuma kumpul-
kumpul saja. Cuma pas _ditangkepnya_ pas lagi kumpul-kumpul. Dia bawa Alphard
juga buat memikat hati cewek-cewek,"" katanya.

[Gambas:Video 20detik]

  
  

 ",www.detik.com
Viral! Begal Bercelurit di Sukabumi Ditangkap Warga,"Jumat, 08 Apr 2022 13:34 WIB","\-

Video diduga begal beraksi di Subangjaya, Kota Sukabumi viral. Dalam video
yang dilihat , tampak terduga pelaku menggunakan jaket dan masker hitam.

Video itu dinarasikan bahwa pelaku berusaha membegal motor dan berhasil
ditangkap warga. Pengunggah juga menyebutkan lokasi dan waktu kejadian.

Seorang warga sekaligus saksi mata, MR (20) mengatakan, kejadian dugaan aksi
begal itu terjadi pada Kamis (7/4/2022) sekitar pukul 19.00 WIB saat jam salat
tarawih di Jalan Subangjaya, Cikole, Sukabumi. Dia yang hendak pulang ke
rumahnya ikut serta mengejar dan menangkap pria tersebut.

  

MR menceritakan kronologi kejadian dugaan begal tersebut. Awalnya, dia
mendengar teriakan dari seorang pengendara motor _matic_ yang sedang mengejar
terduga pelaku.

""Mendengar teriakan begal, refleks saya ikut ngejar. Pas di tanjakan tangkil,
yang dikejar itu orang yang di belakangnya _nyabet-nyabet_ celurit
(mengibaskan celurit),"" ujar MR, Jumat (8/4/2022).

Mencegah terduga pelaku kabur, MR menendang bagian belakang motor di Jalan
Ciaul Pasir Subangjaya. ""Pas depan Paud (Paud Nurul Fazri) itu ada truk,
mungkin kaget. Mereka ke kiri karena mepet pembatas, pas motor mereka pelan,
saya tendang,"" sambungnya.

Terduga pelaku yang membawa celurit berhasil ditangkap warga, sedangkan yang
lain melarikan diri. ""Yang satunya kabur pakai motor. Saya bantuin meringkus
yang dibonceng karena dia bawa senjata tajam celurit,"" tuturnya.

Sekitar pukul 20.00 WIB, warga mulai berdatangan dan mengerumuni terduga
pelaku begal. Tak berselang lama, warga memutuskan untuk membawa terduga
pelaku ke Polsek Cikole Resor Sukabumi Kota.

Kapolsek Cikole Kompol Nanang R Subarna membenarkan kejadian tersebut.
Sayangnya, pihak kepolisian belum dapat memberkan penjelasan lebih lanjut
karena sedang dilakukan penyelidikan.

""Ya (ada penangkapan diduga begal). Yang ditangkap warga di Subangjaya itu
sekarang diamankan di kantor,"" ujarnya singkat.

  
  
  
[Gambas:Video 20detik]  

 ",www.detik.com
Mertua Perwira Polda Metro Lapor Propam Usai Dipolisikan Menantu,"Rabu, 25 Mei  2022 17:48 WIB","\-

Nurmila Sangadji mengadukan masalah antara dirinya, anak perempuannya, dan
menantunya, yang merupakan perwira polisi ke Divisi Propam Polri. Nurmila
Sangadji melakukan pelaporan ke Propam Polri setelah dipolisikan menantunya
sendiri, yakni AKP DK, ke Polda Metro Jaya dengan tuduhan mencuri.

""Klien kami dituduh sebagai pencurian pemberatan atau pencurian biasa, padahal
klien saya sebagai ibu mertuanya atau Claudia sebagai adik ipar (dari AKP
DK),"" kata kuasa hukum Nurmila, Jay Tambunan, di Mabes Polri, Jakarta Selatan,
Rabu (25/5/2022).

Jay mengatakan AKP DK adalah perwira yang bertugas di jajaran Direktorat
Reserse Narkoba Polda Metro Jaya. Jay mendampingi Nurmila Sangadji, yang
merasa dikriminalisasi oleh penyidik Polda Metro Jaya yang menangani laporan
AKP DK terhadap dirinya dan anak perempuannya. Pihak yang dilaporkan oleh Jay
adalah tiga orang penyidik di Subdit Jatanras di Direktorat Kriminal Umum
Polda Metro Jaya.

Jay mengatakan kedua kliennya memang tinggal di rumah AKP DK lantaran AKP DK
menikahi Iptu CS, yang merupakan anak Nurmila atau kakak kandung Claudia.
Untuk diketahui, Iptu CS meninggal dunia akibat penyakit leukemia pada
Desember 2021.

""Aneh bagi kita, seorang menantu tinggal bersama ibu mertua dan adik iparnya,
begitu diusir dari rumah itu. Lalu kemudian dilaporkan sebagai pencurian
pemberatan,"" kata Jay.

Jay menduga penyidik Polda Metro Jaya yang menangani laporan AKP DK terhadap
kliennya tidak profesional. Jay menduga penyidik berpihak pada AKP DK.

""Mengapa kami menduga kuat itu keberpihakan? Pertama, dikatakan Pasal 363, 362
(KUHP) tentang pencurian pemberatan, pencurian biasa. Hal ini tentu sangat
janggal, karena mereka ini adalah anggota keluarga, yang tinggal di rumah itu
dan ada hubungan keluarga,"" tutur Jay.

 _Simak selengkapnya cerita versi mertua AKP DK di halaman berikutnya._

 __

__

Selanjutnya __

Halaman

1  2

 ",www.detik.com
Pelaku Curanmor Ceburkan Diri dari Suramadu Ternyata Ditangkap Korban Sendiri,"Rabu, 27 Apr 2022 18:33 WIB","\-

Pria yang viral menceburkan diri dari atas Jembatan Suramadu ternyata seorang
pelaku curanmor. Pelaku diamankan oleh keluarga korban.

Kanit Reskrim Polsek Kenjeran Iptu Suryadi mengatakan orang yang berselisih
dengan pria terduga pelaku curanmor itu adalah keluarga korban. Pada video itu
memang terlihat pelaku dicengkeram kerah bajunya oleh seseorang.

Suryadi menjelaskan korban merupakan warga Sidoarjo. Begitu motornya hiang,
korban dan keluarganya menyanggong di Suramadu. Dan kebetulan pelaku melintas
dan bertemu dengan korban.

""Itu anggota keluarga korban (curanmor) yang menangkap, katanya motor yang
dikendarai terduga pelaku itu adalah hasil curian. Makanya pas bertemu di
Suramadu, langsung ditangkap sendiri,"" kata Suryadi kepada detikJatim, Rabu
(27/4/2022).

Meski begitu, Suryadi masih memburu keberadaan pelaku curanmor yang sampai
saat ini belum ditemukan. Pelaku menceburkan diri ke laut dan hingga saat ini
belum diketahui keberadaannya.

""Kami tidak tahu, terduga pelaku dalam keadaan tewas atau selamat, karena saat
ini masih belum ditemukan,"" ujarnya.

Video seorang pria menceburkan diri dari Jembatan Suramadu viral. Video
berdurasi 29 detik itu memperlihatkan seorang pria mencengkeram kerah baju
leher pria lain di Jembatan Suramadu lajur motor. Pria bertopi yang
dicengkeram kemudian maju lalu bersandar pada pagar jembatan.

Sedetik kemudian, pria yang dicengkeram itu menceburkan diri ke laut.
Terdengar teriakan sejumlah perempuan yang ada di lokasi. Di lokasi juga
terlihat sejumlah orang serta motor yang dua di antaranya tergeletak.

  
  
  
[Gambas:Video 20detik]  

 ",www.detik.com
"Waduh! Remaja di Taput Diperkosa 10 Pria, 7 Pelaku Masih di Bawah Umur","Senin, 06 Jun 2022 18:09 WIB","\-

Nasib nahas diterima CS (16), seorang remaja asal Tapanuli Utara (Taput),
Sumatera Utara (Sumut). Dia diperkosa sepuluh pria setelah videonya saat
berhubungan badan tersebar. Ironisnya, tujuh dari sepuluh pelaku masih di
bawah umur.

Kasubbag Humas Polres Taput Aiptu Walpon Baringbing mengatakan kasus ini
berawal dari CS yang berhubungan badan dengan MRH (16). Mereka berhubungan
badan atas dasar suka sama suka.

""Saat mereka melakukan cabul tersebut, mereka merekam lewat HP sehingga ada
video tersimpan di HP milik MRH,"" kata Walpon kepada , Senin (6/6/2022).

  

Seiring berjalannya waktu, video mesum CS dan MRH itu sampai kapada sembilan
pelaku. Dengan bermodal mengancam akan menyebarkan video itu, sembilan orang
itu kemudian memperkosa CS secara bergantian.

""Takut dengan ancaman tersebut, satu malam BAS bertemu dengan CS, korban pun
mau disetubuhi. Setelah itu di susul oleh temannya lagi JS dan JAH,"" ucap
Walpon.

""Santer lagi berita itu, lalu AP membuat hal yang sama dan meminta untuk
berhubungan seks. Hari berikutnya disusul oleh RD, EG, besoknya LMS, hari
berikut nya ASS dan yang terakhir DH,"" sambungnya.

Walpon mengatakan ibu korban yang mengetahui hal itu pun membuat laporan ke
polisi. Kemudian polisi menangkap 10 orang tersebut.

""Atas perbuatan para tersangka kepada mereka dipersangkakan melanggar pasal
76E Yo Pasal 82 ayat( 1) (2) (3) dan (4) UU RI tahun 2016 tentang Peraturan
Pemerintah Pengganti Undang-Undang No 1 Tahun 2016 tentang Perubahan Kedua
atas Undang-Undang No 23 Tahun 2002 Tentang Perlindungan Anak dengan ancaman
hukuman minimal 5 tahun dan maksimal 15 tahun penjara,"" jelas Walpon.

  
  
  
[Gambas:Video 20detik]  

 ",www.detik.com
Pelaku Curanmor di Depok Ditangkap Usai Dicurigai Sering Gonta-ganti Motor,"Senin, 20 Des 2021 19:46 WIB","\-

Polisi menangkap pelaku pencurian motor, pria berinisial YGG (26) di Beji,
Depok. Pelaku ditangkap setelah dicurigai warga karena sering gonta-ganti
motor ke indekos.

""Dua, tiga hari melakukan penyelidikan, kemudian ada informasi dari masyarakat
yang masuk ke kita bahwa ada orang yang dicurigai sering berganti-ganti motor
yang posisinya ada di kos-kosan,"" kata Kapolsek Beji Kompol Agus Khoeron
kepada wartawan di Polres Metro Depok, Jl Margonda Raya, Depok, Senin
(20/12/2021).

Selanjutnya, polisi menangkap YYG dan melakukan penggeledahan di kediamannya.
Saat digeledah, ditemukan beberapa pelat motor, termasuk motor Kawasaki Ninja
milik korban yang dicuri pada Selasa (7/12).

""Dari kecurigaan anggota, dilakukanlah penangkapan, kemudian dilakukan
penggeledahan betul memang di rumahnya ada beberapa pelat motor,"" jelas Agus.

""Termasuk motor Kawasaki Ninja yang memang laporannya itu tanggal 7 Desember
sama persis nomor polisinya, pelat polisinya ada di kos-kosan yang
bersangkutan,"" sambungnya.

### Modus Operandi

Agus menyampaikan modus operandi yang dilakukan YGG ini tidak dengan merusak
kunci motor. Pelaku hanya mengincar motor yang tidak dikunci setang.

""Modusnya cukup unik karena yang bersangkutan tidak merusak kunci, tidak
melakukan dengan kunci T. Kan selama ini lazimnya menggunakan kunci T, tapi
ternyata yang bersangkutan pilih-pilih motor kalau tidak dikunci setang, dia
bawa, _disetut_ , dituntun layaknya motor saja,"" tutur Agus.

 _Simak selengkapnya di halaman selanjutnya._

Selanjutnya __

Halaman

1  2

 ",www.detik.com
"Dituduh Meracuni Sapi, Pria di Wajo Dibunuh Pamannya","Senin, 16 Mei  2022 23:00 WIB","\-

Pria berinisial MD (40) di Kabupaten Wajo, Sulawesi Selatan (Sulsel) tewas
dibacok oleh pamannya sendiri, JM (53). Korban dibacok atas tuduhan telah
meracuni sapi pelaku.

""Benar ada kejadian pembunuhan. Pelaku dan korban satu kampung, dan masih ada
hubungan saudara,"" kata Kapolres Wajo AKBP Muhammad Islam kepada , Senin
(16/5/2022).

Insiden nahas itu terjadi di Kecamatan Majauleng, Kabupaten Wajo pada Minggu
(15/5). JM menganiaya dan menebas MD karena merasa bahwa sapi ternak miliknya
telah diracuni oleh korban.

  

""Pelaku merasa tidak terima dan langsung mengejar korban dengan membawa
sebilah parang dan kemudian melakukan pemarangan secara berulang kali,"" kata
Islam.

Islam tak merinci berapa kali tepatnya pelaku membacok korban. Namun korban
luka-luka di sekujur tubuhnya.

""Mengenai beberapa bagian tubuh korban dan mengakibatkan luka berat di sekujur
tubuh korban hingga membuat korban meninggal dunia,"" katanya.

Pelaku langsung diamankan di Polsek Majauleng dipimpin oleh Kapolsek Majauleng
Iptu Amdia bersama anggota Polsek. Selain itu polisi juga membawa korban ke
rumah sakit untuk segera dilakukan visum.

""Saat ini pelaku sudah kami amankan di Polres Wajo,"" tambahnya.

Islam menuturkan, rumah pelaku dilakukan pengamanan oleh anggota Polsek
dibantu anggota Polres Wajo. Hal ini untuk menghindari hal yang tidak
diinginkan.

""Kepada keluarga korban kami harap tenang, karena kasus ini sudah kami tangani
dan jangan membuat pergerakan yang akan menimbulkan masalah baru,"" sambung
Islam.

  
  
  
[Gambas:Video 20detik]  

 ",www.detik.com
"Komplotan Begal Bersenpi di DKI dan Bekasi Ditangkap, Ada Pemodal","Sabtu, 21 Mei  2022 19:26 WIB","\-

Tim Opsnal Unit 2 Subdit Jatanras Polda Metro Jaya menangkap kelompok begal
yang kerap beraksi di wilayah hukum Polda Metro Jaya. Dalam aksinya komplotan
tersebut selalu mempersenjatai diri dengan senjata api.

Dirkrimum Polda Metro Jaya Kombes Hengki Haryadi mengatakan, total ada
sembilan pelaku yang ditangkap. Salah satu pelaku bahkan berperan sebagai
pemodal.

""Pemodal ini yang menyediakan sejumlah peralatan yang dibutuhkan oleh para
pelaku saat beraksi, termasuk dana operasional,"" kata Hengki kepada wartawan,
Sabtu (21/5/2022).

Kasubdit Jatanras Ditreskrimum Polda Metro Jaya AKBP Awaludin Amin
menambahkan, kasus ini terungkap usai adanya laporan dari masyarakat. Warga
mengaku resah dengan aksi begal menggunakan senjata api yang kerap terjadi di
Bekasi dan beberapa wilayah di Jakarta.

""Dari laporan tersebut kami langsung membentuk tim untuk melakukan
penyelidikan, mengumpulkan keterangan untuk menangkap pelaku,"" jelas Awaludin.

Penyelidikan itu kemudian menemukan titik terang. Para pelaku berhasil
ditangkap di Bekasi hingga di Merak, Banten.

Sembilan pelaku itu ditangkap atas perannya masing-masing. Selain satu orang
pemodal, pelaku yang berperan sebagai eksekutor hingga penadah barang curian
pun ikut ditangkap.

""Kita berhasil mengamankan uang tunai jutaan rupiah dari tangan pelaku.
Petugas juga mengamankan sejumlah kedaraan hasil curian dan alat yang
digunakan saat beraksi seperti kunci letter T,"" pungkas Awaludin.

 ",www.detik.com
"Pengakuan Wanita di Tabanan Diculik Diduga Rekayasa, Polisi Gali Motif","Kamis, 05 Mei  2022 15:55 WIB","\-

Kasus dugaan penculikan dan pemerkosaan yang dialami DA (19), warga Banjar
Mengening, Desa Nyitdah, Kecamatan Kediri, Tabanan, Bali, didalami polisi.
Polisi menduga ada rekayasa dalam kasus penculikan dan pemerkosaan di Tabanan.

Jika dugaan itu benar, polisi menyiapkan sanksi bagi DA terkait rekayasa dan
keterangan palsu yang dibuatnya. DA diduga sengaja melakukan kebohongan dengan
mengarang cerita menjadi korban penculikan, penganiayaan, dan pemerkosaan
karena takut.

DA takut karena pulang kemalaman dan kemudian mengarang cerita agak tidak
dimarahi. Kapolres Tabanan AKBP Ranefli Dian Candra menyatakan telah siap
memberikan sanksi hukum bagi DA bila nantinya terbukti menyebar _hoax_ dan
berbohong.

""Kalau hasil penyelidikan mengarah pada keterangan palsu, nanti ada sanksi
hukumnya,"" tegas Ranefli seperti dilansir , Kamis (5/5/2022).

Hanya, dalam kasus ini pihak kepolisian tidak ingin gegabah dengan melihat
dari sisi penegakan hukum saja.

""Keterangan keliru itu pasalnya ada. Cuma kami melihat akar masalahnya nanti.
Tidak semata-mata melihat dari kacamata hukum. Permasalahannya tidak semata-
mata penegakan hukum saja,"" pungkas Ranefli.

Baca selengkapnya di sini.

[Gambas:Video 20detik]

  
  

 ",www.detik.com
Ini Satu Begal Kebayoran Baru yang Berhasil Ditangkap Anggota TNI,"Senin, 09 Mei  2022 13:02 WIB","\-

Satu dari sembilan begal berhasil ditangkap oleh anggota TNI. Sebelumnya, para
begal itu sempat mencoba membegal dua anggota TNI yang pulang dari berbelanja
di pasar.

Berdasarkan foto dari TNI, Senin (9/5/2022), tampak satu orang yang disebut
sebagai begal itu terduduk di kursi.

Pria itu mengenakan _sweter_ bertudung ( _hoodie_ ) warna hitam. Dia
mengenakan celana pendek. Di foto ini, wajahnya disensor. Di foto lain, yang
diunggah di akun Instagram TNI AD, tampak wajah pria yang disebut begal ini
lebam.

![Begal mencoba menyasar TNI, ditangkap satu. \(Instagram TNI
AD\)](https://akcdn.detik.net.id/community/media/visual/2022/05/09/begal-
mencoba-menyasar-tni-ditangkap-satu-instagram-tni-ad.jpeg?w=1080)Begal mencoba
menyasar TNI, ditangkap satu. (Instagram TNI AD)  
  
---  
  
Berdasarkan keterangan TNI, salah satu pelaku yang tertangkap berinisial MRH
(22), warga Pesanggrahan, Bintaro, Jaksel.

Duduk di sebelah kiri begal, ada satu anggota TNI berseragam loreng. Pihak TNI
memang menyebut satu begal ini dibawa ke Polsek Kebayoran Baru, Jakarta
Selatan.

![TNI mengamankan begal Kebayoran Baru, Jaksel. \(Sumber: situs web TNI
AD\)](https://akcdn.detik.net.id/community/media/visual/2022/05/09/tni-
mengamankan-begal-kebayoran-baru-jaksel-sumber-situs-web-tni-ad.jpeg?w=300)TNI
mengamankan begal Kebayoran Baru, Jaksel. (Sumber: situs web TNI AD)  
  
---  
  
Peristiwa percobaan pembegalan sembilan orang terhadap dua pria (yang ternyata
TNI) terjadi pada Sabtu (7/5) sekitar pukul 05.15 WIB. Percobaan pembegalan
itu gagal berkat dua anggota TNI berhasil melawan balik. Komandan Yonarhanud
10/ABC, Letkol Arh Syarief SB mengapresiasi tindakan prajuritnya.

""Semoga ini merupakan contoh yang baik, dan kami mengimbau kepada masyarakat
untuk tidak takut melaporkan bila terjadi aksi kejahatan yang menimpa
siapapun, "" ujarnya, sebagaimana dimuat di situs resmi TNI AD.

[Gambas:Video 20detik]

 ",www.detik.com
"Tikam Kakak Kandung hingga Tewas, Pria di Sulbar Ditangkap Polisi","Sabtu, 14 Mei  2022 21:21 WIB","\-

Seorang pria berinisial M (20) di Mamuju Tengah, Sulawesi Barat (Sulbar),
dibekuk polisi lantaran menikam tubuh kakak kandungnya berinisial H (23) pakai
badik hingga tewas. Polisi masih melakukan pengembangan, untuk mengungkap
motif pembunuhan ini.

Peristiwa yang gegerkan warga ini terjadi Desa Tumbu, Kecamatan Topoyo, Jumat
malam (13/5/2022), sekira pukul 22:30 wita. Korban berinisial H (23) meregang
nyawa dengan sejumlah luka tusukan di tubuhnya.

""Pelaku sempat mencoba untuk melarikan diri dengan berenang,"" kata Kanit 3
Satreskrim Polres Mamuju Tengah, IPDA Aditya Hernowo pada Sabtu (14/5).

  

Pelaku terpaksa kabur dengan berenang karena berada di pinggir tanggul dalam
upaya pengejaran. Namun akhirnya pelaku berhasil diringkus.

""Karena kondisinya saat itu berada di pinggir tanggul pantai, namun kami terus
melakukan pengejaran dan Alhamdulillah pelaku berhasil diamankan,"" lanjut dua.

Menurut Aditya, upaya pencarian pelaku sempat dilakukan melibatkan personel
gabungan. Keberadaan pelaku terungkap berkat informasi warga dan rekaman
kamera pengawas.

""Selain informasi warga, rekaman CCTV salah satu warung sembako di Tabolang
juga menampakkan sosok pelaku,"" ujar Aditya.

Dia menambahkan, korban sempat mencoba melarikan diri usai mendapat satu
tikaman dari adiknya. Karena terjatuh di depan rumahnya, tubuh korban kembali
dihujani tikaman oleh pelaku.

""Korban sempat melarikan diri usai mendapat satu tikaman, namun karena
terjatuh di depan rumahnya, saat itulah pelaku kemudian menikam korban
berkali-kali hingga tewas,"" ungkapnya.

Pelaku kini diamankan di Polres Mamuju Tengah, untuk jalani pemeriksaan lebih
lanjut. Sebilah badik yang digunakan pelaku serta pakaian milik korban, turut
diamankan polisi sebagai barang bukti.

""Untuk pasal yang disangkakan adalah pasal 338 KUHP tentang Pembunuhan,""
pungkas Aditya.

  
  
  
[Gambas:Video 20detik]  

 ",www.detik.com
"Maling Satroni Dinsos Pasuruan di Siang Bolong, Apa Saja yang Hilang?","Selasa, 19 Apr 2022 16:54 WIB","\-

Kantor Dinas Sosial Kabupaten Pasuruan diobok-obok maling di siang bolong.
Aksi maling di kantor yang berada di Jalan Wahidin Sudiro Husodo, Kota
Pasuruan itu terekam CCTV.

Aksi pencurian itu berlangsung sekitar 1 menit. Dalam rekaman video CCTV yang
beredar terlihat pria berkaos hitam lengkap dengan topi dan masker masuk ke
salah satu ruangan. Pelaku tampak celingak-celinguk sembari mendekati sebuah
meja kerja mencari sesuatu.

Beberapa saat kemudian, pelaku menuju pintu memastikan kondisi sekitar.
Setelah memastikan aman, ia mengambil laptop di meja kerja lalu memasukkannya
ke tas punggung. Pelaku lalu pergi dengan santai.

Kasat Reskrim Polres Pasuruan Kota AKP Bima Sakti Pria Laksana membenarkan
pencurian tersebut. Menurutnya, korban juga sudah melaporkan ke pihaknya.

Menurut Bima, saat pencurian terjadi, memang kantor tengah sepi. Sebab saat
itu sedang berlangsung rapat.

""Kejadiannya tadi pukul 12.00 WIB. Waktu kejadian ada rapat dadakan jadi
sepi,"" kata Bima, Selasa (19/4/2022).

Dikatakan Bima, atas laporan tersebut, pihaknya langsung menyelidikinya.
Sejumlah saksi telah diperiksa dan rekaman kamera CCTTV diamankan sebagai
barang bukti.

  
  
  
[Gambas:Video 20detik]  

 ",www.detik.com
"Resah Usai Bunuh Dini, Neneng Cerita ke Suami Lalu Serahkan Diri ke Polisi","Kamis, 19 Mei  2022 18:53 WIB","\-

Polda Metro Jaya mengatakan Neneng Umaya (24) menyerahkan diri usai membunuh
Dini Nurdiani (26). Neneng juga sempat menceritakan pembunuhan Dini Nurdiani
itu kepada suaminya, ID (27).

Kabid Humas Polda Metro Jaya Kombes Endra Zulpan mengatakan Neneng tidak
mencoba kabur setelah membunuh dan membuang mayat korban. Neneng justru
akhirnya menyerahkan diri setelah suaminya diinterogasi polisi.

Ini bermula saat polisi datang ke rumah tersangka di Cipayung, Jaktim, untuk
menanyakan kasus hilangnya Dini kepada suaminya, ID. Saat itu polisi
mengetahui adanya kedekatan korban dengan ID, sehingga polisi memeriksa ID.

""Nggak (melarikan diri). Dari kepolisian mendatangi rumah suaminya, karena
kita mendapatkan data kedekatan korban dengan suaminya tersangka. Polisi
melakukan pendalaman profiling korban siapa orang terdekat yang bertemu
terakhir dengan korban, yaitu suaminya tersangka ini,"" kata Zulpan kepada
wartawan, Kamis (19/5/2022).

Polisi juga mengetahui ada komunikasi Dini dengan ID. Petunjuk inilah yang
kemudian membuat polisi menginterogasi ID.

Hal ini membuat Neneng Umaya resah. Ia akhirnya mengakui kepada sang suami
bahwa dirinya telah membunuh Dini.

""Dari pendalaman suami tersangka ini membuat tersangka ini akhirnya resah,
kemudian menceritakan kepada suaminya bahwa dia adalah pelakunya,"" kata
Zulpan.

Setelah pengakuan itu, Neneng kemudian mendatangi Polsek Cengkareng dan
menyerahkan diri.

""Di situ dia merasa tidak enak kemudian dia menceritakan kepada suaminya bahwa
dia yang melakukan pembunuhan itu, kemudian datang ke Polsek Cengkareng dengan
menyerahkan diri,"" tuturnya.

  
 _Baca di halaman selanjutnya: Neneng akui rencana pembunuhan Dini._

  

[Gambas:Video 20detik]

Selanjutnya __

Halaman

1  2

 ",www.detik.com
Polda Metro Minta Maaf soal Polisi Tolak Laporan Korban Perampokan,"Senin, 13 Des 2021 10:57 WIB","\-

Polisi kembali menjadi sorotan setelah viral korban perampokan di Jakarta
Timur ditolak polisi saat melaporkan kejadian yang menimpanya itu. Polda Metro
Jaya meminta maaf atas kejadian itu.

""Kami menghaturkan maaf atas pelayanan dan perilaku anggota kami yang tidak
sesuai dengan aturan yang berlaku,"" ujar Kabid Humas Polda Metro Jaya Kombes E
Zulpan kepada wartawan, Senin (13/12/2021).

Zulpan menegaskan bahwa polisi tidak boleh menolak laporan dari masyarakat.
Polisi harus memberikan pelayanan kepada masyarakat.

""Siapa saja yang membuat laporan ke depan saya pastikan tidak ada lagi anggota
polisi Polsek Pulogadung yang seperti itu. Karena sudah jelas ditekankan oleh
Bapak Kapolri bahwa seorang polisi harus bersikap humanis dalam memberikan
pelayanan kepada masyarakat,"" katanya.

Polda Metro Jaya akan melakukan evaluasi terhadap personel. Ke depan, Polda
Metro Jaya juga akan melakukan pengawasan.

""Ke depan kami akan melakukan pengawasan dan pembinaan terhadap oknum-oknum
polisi yang bertindak semena-mena,"" tambahnya.

###  
Oknum Polisi Tolak Laporan Dicopot

Polda Metro Jaya telah melakukan penindakan terhadap oknum polisi yang menolak
laporan tersebut. Oknum polisi Aipda Rudi Panjaitan kini telah dicopot dari
kesatuannya.

""Anggota yang bersangkutan atas nama Aipda Rudi Panjaitan sudah dimutasi ke
Polres Metro Jakarta Timur dalam rangka pembinaan dan diperiksa,"" ujar Zulpan.

Aipda Rudi merupakan anggota Polsek Pulogadung. Rudi Panjaitan kini diperiksa
Propam Polres Metro Jaktim.

  
 _Simak selengkapnya di halaman selanjutnya._

Selanjutnya __

Halaman

1  2

 ",www.detik.com
Terungkap! Ini Modus Penumpang Rampok Sopir di Jaktim hingga Leher Dijerat,"Minggu, 09 Jan 2022 10:48 WIB","\-

Polisi berhasil menangkap seorang pria inisial MA (26), pelaku perampokan
sopir angkutan travel bernama Ade Wahyudi (32) di Duren Sawit, Jakarta Timur.
Modus pelaku melancarkan aksinya pun terungkap.

Kapolsek Duren Sawit Kompol Suyud mengatakan awalnya pelaku MA naik mobil
korban dari Purwakarta pada Jumat (7/1/2022) sekitar pukul 01.30 WIB. Pelaku
kemudian berpura-pura menjadi penumpang dengan tujuan arah Jakarta.

""Ya dia kan berpura-pura jadi penumpang, tujuannya kan ke Jakarta. Jadi dia
ikut _aja_ ke mana _aja_. Dia _nunggu_ sopir ini sendirian. Itu modusnya
seperti itu,"" kata Suyud saat dihubungi, Minggu (9/1).

Suyud mengatakan, saat menaiki mobil korban, di dalam kendaraan itu, sudah ada
tiga penumpang lainnya. Pelaku lalu menunggu tiga penumpang tersebut turun
untuk melancarkan aksi perampokannya.

""Dari pelaku naik (mobil korban) sudah mau rencanakan itu. Dia tunggu sampai
sopirnya sendirian,"" katanya.

Mobil _travel_ yang dikendarai korban akhirnya sampai di Jakarta. Di daerah
Muara Angke, Jakarta Utara, tiga penumpang lain yang bersama pelaku tersebut
akhirnya turun.

Korban dan pelaku MA akhirnya bergerak menuju Jakarta Timur. Saat sampai di
daerah Duren Sawit, secara tiba-tiba pelaku lalu menjerat leher sopir dengan
menggunakan ikat pinggang.

Beruntung, sopir berhasil melawan. Namun pelaku sempat mencoba kabur. Namun,
upaya pelaku MA sia-sia setelah warga sekitar menangkapnya di lokasi.

Hasil pemeriksaan pelaku MA mengaku ingin mencuri mobil korban dan kembali ke
daerah Purwakarta. Polisi memastikan MA merupakan pelaku tunggal dalam aksi
perampokan tersebut.

""Motifnya pelaku dia mau kuasai mobil korban ya,"" jelas Suyud.

Pelaku kini telah ditetapkan sebagai tersangka dan ditahan di Polsek Duren
Sawit. Dia dijerat dengan Pasal 365 KUHP tentang aksi perampokan.

Untuk diketahui, pengemudi mobil bernama Ade Wahyudi (32) dirampok
penumpangnya di Duren Sawit, Jakarta Timur. Korban sempat dijerat ikat
pinggang oleh pelaku, tetapi untungnya selamat.

Peristiwa itu terjadi di Jalan Gusti Ngurah Rai, Klender, Duren Sawit, Jakarta
Timur, pada Jumat (7/1) pukul 10.30 WIB. Mulanya korban berangkat dari
Indramayu, Jawa Barat, dan membawa empat penumpang dengan mobil Daihatsu Xenia
bernopol B-2110-KFE.

""Di Purwakarta, pelaku naik mobil korban, sementara empat penumpang lainnya
turun di tempat berbeda-beda,"" ujar Kabid Humas Polda Metro Jaya Kombes Zulpan
dalam keterangannya, Sabtu (8/1).

Kepada korban, pelaku meminta diantar ke Muara Angke, Jakarta Utara. Namun,
saat korban meminta ongkos, pelaku mengaku tidak memiliki uang.

""Kemudian keduanya setuju pembayaran dilakukan ketika pelaku diantar kembali
ke Indramayu,"" katanya.

Namun, saat mobil tiba di daerah Duren Sawit, pelaku melancarkan aksinya.
Pelaku tiba-tiba menjerat leher korban dengan ikat pinggang.

""Pelaku menjerat leher korban dengan menggunakan gesper warna hitam. Korban
melawan dengan cara menyikut dan memukul kepala pelaku, sehingga korban
terlepas dari jeratan pelaku,"" imbuh Zulpan.

[Gambas:Video 20detik]

  
  

 ",www.detik.com
Tendangan 2 Prajurit TNI AD Bikin Gagal Aksi Komplotan 9 Begal,"Selasa, 10 Mei  2022 07:34 WIB","\-

Salah sasaran. Beginilah kata yang tepat untuk menggambarkan aksi gagal 9
begal melawan 2 anggota TNI. Penuh ketegangan, dua prajurit matra Angkatan
Darat (AD) ini berhasil memojokkan balik para begal hingga terbirit-birit.

Kisah 2 prajurit TNI versus 9 begal terjadi pada Sabtu (7/5/2022) sekitar
pukul 05.00 WIB di Jl. Bumi, Kebayoran Baru, Jakarta Selatan. Lokasi persisnya
di depan SMPN 29 Jakarta.

Kabid Humas Polda Metro Jaya Kombes E. Zulpan menceritakan kronologi aksi
begal yang gagal tersebut. Dua prajurit TNI itu bernama Prada Junior Noval dan
Prada Ardian Sapta Savela dari kesatuan Yonarhanud 10/ABC Kodam Jaya.

""Pada Sabtu, 7 Mei pukul 05.00 pagi hari, telah terjadi pembegalan terhadap
pengendara roda dua yang kebetulan adalah anggota TNI. Kemudian dicoba
dihentikan 4 motor pelaku begal,"" jelas Kombes Zulpan kepada wartawan di Polda
Metro Jaya, Jakarta, Senin (9/5).

## Tendangan Prajurit TNI

Para pelaku saat itu menyuruh kedua anggota TNI tersebut untuk berhenti.
Kemudian, kedua anggota TNI menepi disusul salah satu pelaku yang berteriak,
'Berhenti, kita begal, nih'.

""Korban kemudian melakukan perlawanan. Akibat perlawanan ini membuat keempat
pelaku mencoba lari, kemudian dilakukan pengejaran oleh korban,"" imbuhnya.

Dalam pengejaran itu, salah satu anggota TNI tersebut menendang satu motor
pelaku. Akibatnya, pelaku terjatuh dari motor.

""Kemudian, akibat terjatuh, salah satu pelaku diamankan. Salah satu pelaku
atas nama Muhammad Rizki ini berhasil diamankan dan sudah ditangani Polsek
Kebayoran Baru,"" ujarnya.

## Salah Lawan

Dilansir situs resmi TNI Angkatan Darat, sembilan pelaku begal itu disebut
salah sasaran karena menyerang dua prajurit. Untuk diketahui, Junior Noval dan
Ardian berasal dari Batalyon Artileri Pertahanan Udara (Yoharnaud) 10/ABC.

""Sembilan pelaku begal tersebut diduga salah sasaran dengan menyerang dua
prajurit TNI saat menuju perjalanan pulang ke Batalion Arhanud 10/ABC Bintaro,
Jakarta Selatan, usai berbelanja di Pasar Kebayoran Baru,"" tulis TNI AD.

Kepala Dinas Penerangan Angkatan Darat (Kadispenad) Brigjen TNI Tatang Subarna
menyampaikan bahwa Kepala Staf Angkatan Darat (KSAD) Jenderal Dudung
Abdurachman mengapresiasi 2 prajuritnya yang menggagalkan aksi begal di
Kebayoran Baru, Jakarta Selatan.

""Pimpinan TNI AD mengapresiasi tindakan cepat dan sigap kedua orang prajurit
TNI AD saat menggagalkan aksi kawanan begal tanpa memikirkan keselamatan
jiwanya,"" kata Tatang, Senin (9/5).

Tatang menuturkan, aksi heroik yang dilakukan dua prajurit TNI tersebut
cerminan 7 perintah harian KSAD, yakni komitmen TNI untuk hadir di tengah
kesulitan masyarakat.

""Inilah dampak dari keberadaan TNI AD dalam memberikan rasa aman dan nyaman di
tengah-tengah masyarakat, terutama dari tindakan kejahatan yang sewaktu-waktu
selalu mengintai masyarakat,"" ujarnya.

##

## Cerita Noval dan Ardian

Prada Ardian Sapta Savela mengatakan pelaku sempat memintanya menyerahkan
barang berharga. Ardian dan rekannya awalnya dipepet pelaku begal saat pergi
membeli kebutuhan logistik.

Dia bersama rekannya, Prada Junior Noval, sempat dilempari batu besar oleh
pelaku begal. Namun lemparan batu tersebut meleset.

""Setelah itu, kendaraan mulai menggiring kami ke pinggir, kami berhenti agar
ada jarak dari kami sama mereka. Setelah itu nggak tahunya yang di depan sudah
menyiapkan batu, ukuran besar, di situ kita dilempar, sempat menghindar,""
ujarnya.

[Gambas:Video 20detik]

 _Simak di halaman selanjutnya soal batu besar_.

Selanjutnya __

Halaman

1  2

 ",www.detik.com
"Baru Kenalan di Medsos, Pria di Tanjungbalai Perkosa ABG 13 Tahun","Minggu, 10 Apr 2022 10:53 WIB","\-

Seorang pria di Tanjungbalai, Sumatera Utara, diduga memperkosa remaja berusia
13 tahun yang baru dia kenal lewat media sosial. Pria berinisal MA (23) itu
pun ditangkap polisi.

""Korban masih berusia 13 tahun. Jadi mereka baru saling kenal di sosial media
FB,"" kata Kasat Reskrim Polres Tanjungbalai, AKP Eri Prasetyo, dikonfirmasi
wartawan, Minggu (10/4/2022).

Aksi bejat pelaku itu terjadi pada Sabtu (2/4). Pelaku mengajak korban bertemu
dan langsung memperkosa korban.

  

""Pelaku menemui korban di rumahnya kemudian mengajaknya ke belakang rumah lalu
menyetubuhi korban layaknya suami istri,"" Ucap Eri.

Setelah diperkosa, korban menceritakan apa yang dialaminya itu kepada orang
tuanya. Karena tidak terima, orang tua korban langsung membuat laporan ke
polisi.

Polisi yang melakukan pengejaran kemudian menangkap pelaku pada Jumat (8/4)
yang lalu. Atas perbuatannya, pelaku dijerat dengan pasal tentang perlindungan
anak.

""(Pelaku) sudah ditahan dan ditetapkan tersangka,"" jelas Eri.

  
  
  
[Gambas:Video 20detik]  

 ",www.detik.com
Pembunuh Bocah yang Digantung di Kolong Tol Japek Ditangkap!,"Kamis, 19 Mei  2022 11:22 WIB","\-

Bocah 14 tahun berinisial S yang ditemukan tergantung di kolong Tol Jakarta-
Cikampek (Japek) ternyata merupakan korban pembunuhan. Pembunuh bocah itu kini
telah ditangkap.

""Bocah inisial S (14) itu memang sengaja digantung dan menjadi korban
kejahatan,"" ucap Kapolres Karawang AKBP Aldi Subartono melalui aplikasi pesan
singkat seperti dikutip dari detikJabar, Kamis (19/5/2022).

Dalam kasus ini pun pihaknya telah menangkap tersangka. Tersangka juga sudah
ditahan.

""Sudah kami tetapkan satu tersangka dan sudah ditahan,"" katanya.

Tersangka pembunuh bocah tersebut dikatakannya merupakan kerabat dekat korban.

""Tersangka berinisial T bin W laki-laki umur 26 tahun masih kerabat dekat
korban,"" ujarnya.

Kabid Humas Polda Jabar Kombes Ibrahim Tompo menuturkan pelaku berinisial TR
(26). Pelaku ditangkap oleh tim Polres Karawang.

""Identitas pelaku TR bin W 26 tahun,"" katanya.

Silakan baca selengkapnya di sini.

[Gambas:Video 20detik]

 ",www.detik.com
Motif Anak Bunuh Ibu Kandung di Kendal Terungkap: Gegara Uang Warisan!,"Kamis, 19 Mei  2022 21:48 WIB","\-

Polres Kendal saat ini terus mendalami kasus pembunuhan yang dilakukan oleh
Sunarto alias Tumian terhadap Suratmi yang merupakan ibu kandungnya. Polisi
baru bisa menangkap pelaku setelah 5 bulan dari peristiwa pembunuhan itu.

""Setelah ada bukti kuat yang mengarah ke tersangka Tumian, kami langsung
melakukan penangkapan,"" kata Kapolres Kendal, AKBP Yuniar Ariefianto di
Mapolres Kendal, Kamis (19/5).

Menurut Yuniar, polisi juga sudah mendapatkan motif dari peristiwa itu.
Disebutkan, Tumian tega membunuh ibunya secara keji karena persoalan uang
hasil penjualan tanah warisan.

Yuniar menjelaskan, sebelum kejadian itu, korban menitipkan uang hasil
penjualan tanah warisan senilai Rp 118 juta kepada pelaku. Hanya saja, pelaku
justru menggunakan uang itu sehingga hanya tersisa Rp 10 juta.

Saat korban menanyakan keberadaan uang yang dititipkan itu, tersangka justru
marah dan gelap mata.

""Korban selalu menanyakan uangnya tapi tersangka ini malah emosi dan marah.
Tersangka kalap dan akhirnya membacok korban dengan sabit,"" jelas Yuniar.

Setelah membacok ibunya, Tumian berbuat seolah-olah menemukan tubuh ibunya
bersimbah darah karena menjadi korban kejahatan. Para warga kemudian membawa
Suyatmi yang ternyata belum tewas itu ke puskesmas.

Hingga di puskesmas, Suyatmi mendapatkan perawatan. Namun, dengan keji Tumian
justru mencabut selang oksigen yang digunakan ibunya hingga tewas. Setelah
itu, Tumian memperkuat alibinya dengan melapor ke polisi bahwa ibunya menjadi
korban kejahatan.

Kasus pembunuhan itu sendiri terjadi pada Desember tahun lalu. Polisi semula
sempat kesulitan mengusutnya lantaran minim saksi dan alat bukti.

Hanya saja, polisi akhirnya memperoleh beberapa bukti yang cukup untuk
menguatkan dugaan bahwa Tumian merupakan pelaku pembunuhan itu.

  
  
  
[Gambas:Video 20detik]  

 ",www.detik.com
Polisi Ungkap 5 Bocah Curi Motor di Toraja Utara Belajar dari YouTube,"Kamis, 02 Jun 2022 03:01 WIB","\-

Polisi kembali mengungkap 2 barang bukti sepeda motor hasil pencurian
komplotan remaja di Toraja Utara, Sulawesi Selatan (Sulsel). Polisi juga
mengungkap para pelaku belajar membobol sepeda motor tanpa kunci dari YouTube.

""Kami baru temukan 2 barang bukti lagi di sekitar pasar Bolu Tallunglipu dan
di depan rumah warga di Rantepao. Jadi sudah ada 8 barang bukti kita amankan,""
kata Kasat Reskrim Polres Toraja Utara Iptu Andi Irvan Fachri kepada , Rabu
(1/6/2022).

Andi Irvan mengungkapkan, 5 pelaku yang masih di bawah umur ini membobol
sepeda motor yang terparkir di halaman rumah warga. Cara membobolnya belajar
dari internet.

  

""Mereka belajar bagaimana menyambung kabel untuk menghidupkan sepeda motor
tanpa kunci kontak itu dari YouTube,"" ungkapnya.

Tak hanya itu, kata Andi Irvan, setelah pelaku membawa kabur motor milik
warga, pelaku sama sekali tidak berniat menjual barang tersebut. Melainkan
hanya untuk digunakan sendiri.

""Ya mereka taruh begitu saja, untuk sewaktu-waktu diambil kemudian dipakai,""
jelas Andi Irvan.

Diberitakan sebelumnya, 5 pelaku yang merupakan komplotan pencuri motor ini
diamankan polisi di sebuah rumah kosong di Kelurahan Pasele Kecamatan
Rantepao, Toraja Utara pada (27/5) lalu. Kelimanya masih di bawah umur yang
masing-masing berinisial AA (15), AMS (14), JJR (15), M (15), dan S (14).

Andi Irvan juga menegaskan, pihaknya sementara ini tetap melakukan
pengembangan. Pasalnya, kata dia, kemungkinan masih ada pelaku bagian dari
komplotan anak di bawah umur tersebut.

""Kita masih selidiki kemungkinan adanya jaringan di belakang mereka. Masih
dikembangkan,"" tegasnya.

  
  
  
[Gambas:Video 20detik]  

 ",www.detik.com
"Maling Motor 12 TKP di Gunungkidul, 2 Pemuda Diringkus Polisi","Rabu, 20 Apr 2022 19:02 WIB","\-

Polisi meringkus dua pemuda inisial RDS (23) dan CP (17) karena melakukan
pencurian motor di 12 tempat kejadian perkara (TKP). Modusnya, kedua orang
tersebut merusak bagian kunci motor.

Kapolsek Semin, Gunungkidul, AKP Arif Heriyanto menjelaskan, kasus ini
terungkap bermula saat seorang korban warga Kapanewon Semin berangkat ke
ladang dengan mengendarai motor jenis matik bernomor polisi AB 5448 RW pada
tanggal 16 Februari sekitar pukul 13.00 WIB. Sesampainya di ladang, korban
memarkirkan motor dengan posisi dikunci setang dan kunci dibawa korban.

""Sekira pukul 14.30 WIB korban akan pulang dan mendapati motor korban yang
diparkir di pinggir ladang sudah tidak ada,"" kata Arif kepada wartawan, Rabu
(20/4/2022).

Selanjutnya korban melakukan pencarian di sekitar ladang namun tidak
membuahkan hasil. Korban kemudian melaporkan kejadian tersebut ke Polsek
Semin.

""Setelah lidik, tanggal 15 April kami amankan dua pelaku di rumahnya masing-
masing,"" ucapnya.

Sementara untuk barang bukti, polisi menyita satu unit sepeda motor milik
pelaku serta STNK dan BPKB dari motor yang dicuri. Dari hasil pemeriksaan,
kedua pelaku warga Kapanewon Semin itu mengaku telah beraksi di belasan
lokasi.

""Setelah dilakukan pemeriksaan pelaku mengakui telah melakukan pencurian motor
di 12 TKP seperti di Semin, Ngawen, Karangmojo dan Nglipar,"" katanya.

Rinciannya, enam TKP di Kapanewon Semin, di Kapanewon Ponjong dan Kapanewon
Ngawen masing-masing dua TKP, serta di Kapanewon Karangmojo dan Kapanewon
Ngawen masing-masing satu TKP.

""Selain itu, kemungkinan terdapat pelaku lain dari aksi ini, untuk itu kami
masih lakukan pendalaman,"" ujarnya.

Sementara untuk motor hasil curian, kedua pelaku mengaku menjualnya secara
daring. Untuk uang hasil pencurian sendiri dibagi dan digunakan untuk memenuhi
kebutuhan sehari-hari.

""Kalau untuk modusnya, kedua pelaku merusak bagian kunci motor,"" ucapnya.

Atas perbuatannya, kedua pelaku disangkakan Pasal 363 KUHP tentang pencurian
dengan pemberatan.

""Untuk ancaman hukumannya maksimal 7 tahun penjara. Sedangkan yang masih di
bawah umur kami bina dan dikembalikan ke orang tuanya tapi proses hukum tetap
berjalan,"" imbuhnya.

  
  
  
[Gambas:Video 20detik]  

 ",www.detik.com
"Ngeri Cara Begal Rampas Motor Ibu Hamil di Bekasi, Diketuai ABG","Jumat, 11 Mar 2022 20:56 WIB","\-

Polisi menangkap enam begal yang merampas motor ibu hamil inisial FR alias S
(31) di Mustika Jaya, Bekasi. Para pelaku ini ternyata diketuai oleh remaja
berusia 16 tahun.

Enam pelaku itu ialah MP (20), IZ (20), MAH (15), RAF (16), AS (18), dan MD
(16). Pelaku RAF diketahui merupakan pemimpin kelompok begal tersebut.

""RAF orang yang mengajak para pelaku untuk melakukan pencurian. Dia inisiator
sekaligus mendorong korban hingga terjatuh dan menodongkan senjata tajam jenis
celurit kepada korban,"" kata Kabid Humas Polda Metro Jaya Kombes E Zulpan
kepada wartawan, Jumat (11/3/2022).

Aksi begal itu terjadi pada Selasa (8/3) sekitar pukul 05.00 WIB. Saat itu
korban tengah mengendarai motor menuju tempat kerjanya.

Saat di lokasi, korban lalu dipepet oleh keenam pelaku. Ibu hamil itu kemudian
dibentak dan diminta berhenti.

""Korban disuruh berhenti dengan ditodong celurit,"" jelas Zulpan.

### Tersangka RAF Dorong Korban

Tersangka RAF dan dua rekannya inisial MP dan IZ lalu mendekati korban.
Tersangka RAF lalu mendorong korban hingga terjatuh.

""Setelah korban beserta sepeda motornya jatuh, salah satu pelaku langsung
mengambil sepeda motor milik korban. Kemudian pelaku lainnya mengancam korban
dengan menodongkan celurit hingga akhirnya meninggalkan lokasi,"" tutur Zulpan.

Aksi begal ini terekam kamera CCTV di lokasi dan viral di media sosial. Korban
lalu membuat laporan ke Polres Metro Bekasi Kota.

Dua hari berselang, pelaku ditangkap. Pelaku ditangkap tim yang dipimpin oleh
Kasubdit Resmob Polda Metro Jaya AKBP Handik Zusen, Kasubdit Jatanras Polda
Metro Jaya AKBP Awaludin Amin, dan Kasat Reskrim Polres Metro Bekasi Kompol
Aris Timang.

Para pelaku kini telah ditetapkan tersangka. Keenam pelaku tersebut dijerat
dengan Pasal 365 KUHP dengan ancaman 9 tahun penjara.

  
 _Simak cerita ibu hamil dibegal di Bekasi, di halaman berikut._

 __

[Gambas:Video 20detik]

  
  

Selanjutnya __

Halaman

1  2

 ",www.detik.com
"Cerita Wanita di Medan Setengah Jam Kejar Maling Motor, Dibantu Satpam","Minggu, 27 Mar 2022 22:46 WIB","\-

Aksi heroik dilakukan Jeni Herliana Sianturi, korban pencurian sepeda motor di
dekat sebuah mal di Jalan Gatot Subroto, Medan, Sumatera Utara (Sumut). Jeni
mengejar pelaku yang mencuri sepeda motornya sampai setengah jam.

Kisah Jeni mengejar pelaku itu viral di media sosial seperti dilihat , Minggu
(27/3/2022). Dalam unggahan yang viral itu, ada video yang menunjukkan warga
sedang mengamankan salah satu pelaku pencurian.

Narasi dalam video menceritakan detik-detik Jeni berhasil menangkap pelaku
pencurian. Penangkapan ini berawal saat satpam mal melihat Jeni sedang berlari
mengejar pelaku pencurian yang berjumlah dua orang.

Melihat hal itu, satpam kemudian datang dan membawa Jeni menggunakan sepeda
motor untuk mengejar pelaku. Keduanya kemudian mengejar para pelaku hingga ke
Jalan Perintis Kemerdekaan, Medan.

""Setibanya di Jalan Perintis Kemerdekaan, satu dari dua pelaku berhasil
diamankan dikarenakan pelaku terjatuh bersama sepeda motor milik korban yang
dicuri pelaku,"" tulis pengunggah video.

Setelah terjatuh, pelaku itu kemudian ditangkap warga dan dibawa ke Polsek
Medan Baru. Sementara satu pelaku lainnya berhasil kabur.

Kapolsek Medan Baru Kompol Teuku Fathir membenarkan kejadian tersebut. Saat
ini, polisi tengah memburu satu pelaku lainnya.

""Iya, satu pelaku sudah di polsek. Untuk satu pelaku lainnya sedang kami
lakukan pencarian,"" kata Fathir.

 _Selanjutnya, cerita korban mengejar pelaku yang mencuri motornya..._

Selanjutnya __

Halaman

1  2

 ",www.detik.com
"Cerita Ngeri Detik-detik Mobil Elpiji Dibegal di Jakut, Kernet Dibacok","Rabu, 11 Mei  2022 23:14 WIB","\-

Mobil yang mengangkut gas elpiji dibegal di Cilincing, Jakarta Utara. Tiga
pelaku ditangkap tidak lama setelah kejadian.

Sopir mobil, Fajri (36), mengungkapkan detik-detik pembegalan yang terjadi di
lokasi, Rabu (11/5/2022) dini hari. Saat itu, Fajri bersama kernetnya,
Agustiar (54), baru keluar dari Tol Kebon Bawang, tiba-tiba dicegat seorang
pelaku.

""Dia langsung ke setir. Mungkin dia mau minta duit langsung pecah kaca. Kernet
langsung turun,"" kata Fajri kepada wartawan di Polsek Cilincing, Rabu (11/5).

Saat Agustiar turun, beberapa teman pelaku datang dan langsung membacok tanpa
ba-bi-bu. Fajri lalu segera mengambil tabung gas dan menimpa pelaku, namun
tidak mengenainya.

""Yang kena bacok kernet saya, di bagian lengan kanan dan bagian perut sebelah
kanan,"" kata Fajri.

Fajri mengatakan pelaku membawa celurit. Dia menyebut mereka akan membawa dua
tabung gas, dompet, surat, dan dua HP.

""Saya dari Buaran mau pulang ke arah Panca Pano pengisian tabung. Saya biasa
lewat situ, kalau lewat BKT terlalu sepi,"" katanya.

Saat ini Agustiar masih dirawat di RS Cilincing, dia menerima pukulan besi di
kepala. Fajri mengatakan kejadian tersebut sudah tiga kali dialaminya.

""Kernet luka dalam, sampai sobek karena tulang. Saya sudah tiga kali begitu,
yang kedua saya nggak berhenti, tabung saya hilang tiga,"" katanya.

 _Simak cerita selengkapnya di halaman berikutnya._

Selanjutnya __

Halaman

1  2

 ",www.detik.com
Kronologi Karyawan di Sultra Bohong Uang Perusahaan Rp 230 Juta Dirampok,"Kamis, 21 Apr 2022 00:04 WIB","\-

Seorang karyawan swasta PT Obsidian Stainless Steel (OSS) Konawe, Sulawesi
Tenggara (Sultra) inisial AW (30) mengaku ke polisi telah dirampok uang
senilai Rp 230 juta di tengah jalan. Pengakuan itu ternyata bohong alias
palsu.

Polisi setelah melakukan penyelidikan lalu mengungkap pengakuan AW ternyata
tidak benar. Uang Rp 230 juta itu rupanya habis digunakan pelaku untuk bermain
judi.

Berikut kronologi keterangan palsu pelaku:

  

## Kamis, 14 Maret 2022

Pengakuan pelaku, keluar dari perusahaan PT OSS Morosi Konawe menuju Kota
Kendari. Saat itu, pelaku melewati jalan Poros Batu Gong, Kecamatan
Lalonggasumeeto, Konawe. Saat dipertigaan Lalonggasumeeto, pelaku mengaku
merasa dibuntuti kendaraan roda empat.

""Dia dari PT OSS keluar mau ke bengkel rekan perusahaan pakai mobil
pribadinya, dia mengaku mobil Innova hitam ikuti dia dari belakang,"" ujar
Kapolsek Mandonga Kompol Muhammad Salman kepada detikcom, Rabu (20/4/2022).

Masih dalam keterangan pelaku, Salman mengungkapkan mobil itu membuntuti terus
dari belakang sejak dari pertigaan hingga ke lokasi di Jalan dr Sutomo,
Kelurahan Lalodati, Kecamatan Puuwatu.

Pelaku memberikan keterangan bahwa mobil yang membuntutinya tersebut lantas
berhenti didepan mobil yang dikendarai pelaku. Pengemudi mobil Innova hitam
turun meminta kunci pas kepada pelaku di TKP Jalan dr Sutomo.

""Pengemudi itu turun menanyakan kalau ada kunci pas 14, pelaku bilang ada.
Begitu serahkan kunci, tiba-tiba pengemudi itu menodongkan pisau,"" ujar dia.

Pelaku lantas ingin bergegas pergi, namun mobilnya tidak bisa menyala. Lantas
rekan pengemudi Innova hitam tadi menggunakan motor datang langsung memecahkan
kaca mobil depan.

""Setelah dipecahkan kaca pintu mobil, pengendara motor tadi langsung membawa
kabur uang sejumlah Rp 230 juta,"" kata dia.

Sebelum itu, pelaku sempat melawan namun mengaku dilukai di bagian lengan
atas, lengan bwah dan dada. Kemudian dipukul dibagian kepala hingga tak
sadarkan diri.

Ia tersadar saat sang istri menelepon pelaku. Pelaku melaporkan jika ia
mengalami perampokan dan meminta saudaranya untuk datang ke TKP.

""Keluarga pelaku yang datang langsung membawa pelaku ke RS Bhayangkara,""
ujarnya.

Setelah itu, keluarga pelaku membuat laporan atas peristiwa tersebut ke
polisi.

## Senin 18 April 2022

Salman mengungkapkan pelaku datang ke Polsek Mandonga untuk memenuhi panggilan
penyidik atas peristiwa perampokan yang dialaminya. Saat tiba, pelaku di BAP
kembali terkait laporannya.

""Pelaku kembali memberikan keterangan palsu bahwa dirinya dirampok. Kami tetap
ikut alur cerita dia,"" ungkapnya.

Setelah mendengarkan laporan palsu pelaku, polisi lantas memberikan fakta-
fakta hasil penyelidikan dengan keterangan saksi dan alat bukti. Sempat
berkelit, namun pelaku akhirnya mengaku jika sudah membuat keterangan palsu.

  
  
  
[Gambas:Video 20detik]  

 ",www.detik.com
"Sudah Ditahan, Kejari Bebaskan Pelaku Pencurian Aki di Jembrana ","Senin, 11 Apr 2022 22:09 WIB","\-

I Komang Dwi Antara, tersangka pencurian aki yang sempat diamankan jajaran
Satuan Reserse Kriminal Polres Jembrana awal Februari 202 lalu, bisa bernafas
lega.

Kejari Jembrana membatalkan tuntutan bagi tersangka Dwi Antara.

Dwi Antara dinyatakan tak diproses hukum setelah upaya penghentian penuntutan
tersangka melalui RestorativeJustice dari Kejari Jembrana disetujui Jampidum
(Jaksa Agung Muda Tindak Pidana Umum) Kejagung RI.

  

""Kedua belah pihak sudah berdamai. Sebelum permohonan penghentian penuntutan
berdasarkan keadilan restoratif diajukan kepada Kejaksaan Agung. ""jelas Kasi
Pidum Kejari Jembrana Delfi Trimariono, saat dikonfirmasi, Senin (11/4/2022).

Kejari kata Delfi sudah melakukan upaya mediasi dan upaya perdamaian antara
tersangka dan korban, dengan menghadirkan pihak desa maupun adat.

""Korban sudah memaafkan dan membuat surat pernyataan berdamai. Tersangka juga
berjanji tidak mengulangi lagi. ""ungkapnya.

Dalam kasus pencurian aki, tambahDelfi, tersangka dijerat Pasal 362 KUHP
karena mengambil dua buah aki truk yang sedang terparkir di lahan kosong.

Aki dijual di tempat barang rongsokan dan mendapatkan uang sebesar Rp 380
ribu, karena membutuhkan uang untuk keperluan membayar cicilan motor dan
membeli kebutuhan sehari-hari.

Setalah upaya perdamaian antara korban dengan tersangka membuahkan hasil,
selanjutnya mengajukan upaya penghentian penuntutan berdasarkan keadilan
restorative justive yang diajukan kepada Kejagung RI melalui Jampidum.

""Artinya, tersangka yang ditahan sejak penyelidikan hingga pelimpahan tahap
kedua ke Kejari Jembrana, tidak akan menjalani persidangan di pengadilan.
""Jelasnya.

Pihaknya juga menyampaikan ekspos pelaksanaan restorative justice ini kepada
pimpinan.

Setelah proses dilalui, setelah ekspos permohonan penghentian penuntutan
berdasarkan keadilan restorative Justice, akhirnya disetujui untuk
dilaksanakan.

""Dalam waktu dekat akan dibebaskan dari tahanan setelah nantinya Kajari
Jembrana mengeluarkan Surat Ketetapan Penghentian Penuntutan (SKP2) atas dasar
persetujuan dimaksud. Saat ini tersangka masih dititip di ruang tahanan Polsek
Melaya. ""terang Delfi.

Delfi menambahkan, pihaknya mengajukan permohonan penghentian penuntutan
berdasarkan keadilan restorative (Restorative Justice), karena memenuhi
persyaratan dalam Peraturan Kejaksaan RI Nomor 15 Tahun 2020 tentang
Penghentian Penuntutan.

Berdasarkan keadilan restorative, diantaranya tersangka baru pertama kali
melakukan tindak pidana, dengan ancaman tidak lebih dari 5 tahun. Serta telah
ada kesepakatan perdamaian antara korban dan tersangka dan masyarakat, tokoh
adat, perbekel merespon positif upaya tesebut.

""Tersangka menjadi tulang punggung keluarga semenjak orangtuanya bercerai
serta tidak mempunyai pekerjaan tetap.""pungkasnya.

  
  
  
[Gambas:Video 20detik]  

 ",www.detik.com
"Viral Komplotan Maling Motor Tenteng Pistol di Jaktim, Polisi Selidiki","Jumat, 18 Mar 2022 20:52 WIB","\-

Aksi pencurian motor di Jakarta Timur terekam kamera CCTV dan viral di media
sosial. Pelaku berjumlah tiga orang terlihat menenteng pistol.

Peristiwa itu terjadi di Kramat Jati, Jakarta Timur, pada Kamis (17/3). Dalam
rekaman CCTV terlihat tiga pelaku mondar-mandir di depan rumah korban sembari
menenteng pistol.

Para pelaku nampak berkeliling di depan rumah calon korbannya. Mereka
memperhatikan situasi di lokasi sebelum melakukan aksi pencurian.

Dari rekaman video CCTV itu, tampak dua pelaku menenteng benda berwarna hitam.
Benda itu diduga merupakan senjata api.

Kapolres Metro Jakarta Timur Kombes Budi Sartono mengaku pihaknya telah
menerima laporan korban. Polisi saat ini masih menyelidiki kejadian itu.

""Ada sepeda motor diambil yang diparkir di halaman rumah,"" kata Budi saat
dihubungi, Jumat (18/3/2022).

Budi mengatakan proses penyelidikan saat ini masih dilakukan. Pihaknya telah
menurunkan tim penyidik untuk mengungkap identitas pelaku.

""Tim Resmob dan dari Polsek Kramat Jati sudah datang ke TKP,"" katanya.

Terkait dugaan pelaku menenteng senjata api, Budi enggan berkomentar jauh. Dia
mengaku perlu melakukan penyelidikan untuk memastikan benda yang dibawa oleh
pelaku dalam beraksi.

""Masih dalam penyelidikan di lapangan,"" pungkas Budi.

 ",www.detik.com
"Belum Sempat Curi Motor, 2 Pelaku Jadi Bulan-bulanan Warga Pasuruan","Jumat, 04 Feb 2022 16:37 WIB","\-

Dua orang yang dicurigai hendak melakukan pencurian motor (curanmor) menjadi
bulan-bulanan warga di Bangil, Pasuruan. Warga kesal karena daerah setempat
kerap terjadi curanmor.

Kedua orang itu yakni, BU dan MD warga Lekok dan Grati. Mereka dihajar hingga
babak belur di Dusun Panggung, Kelurahan Kidul Dalem, Bangil, Pasuruan.

Ahmad Nasihin, warga setempat, menuturkan peristiwa itu berawal saat kedua
orang tersebut melintas di pemukiman pada malam hari. Namun ketika ditanya
terkait keperluannya, mereka tampak kebingungan menjawab.

Warga kemudian mencurigai mereka mempunyai niat jahat. Sebab selama ini, di
daerah setempat kerap terjadi pencurian motor. Saat keluar dari pemukiman,
kedua orang ini kemudian dihadang oleh warga.

Selain menghajar, mereka juga sempat ditelanjangi hingga hanya mengenakan
celana dalam saja. Ini dipicu karena saat digeledah, dari tangan mereka berdua
ditemukan lima buah kunci letter T di sakunya.

Satu orang ditahan warga, sementara satu lain sempat kabur sebelum akhirnya
berhasil diringkus. Warga kemudian menghajar keduanya hingga berdarah-darah.

""Pas ketemu warga itu sempat ditanyai, bilangnya ke rumah teman. Tapi bingung
kedua orang itu ke mana. Saat mereka kendak keluar permukiman, mereka dihadang
warga dan ditangkap,"" kata Nasihin, Jumat (4/2/2022).

Kasat Reskrim Polres Pasuruan, AKP Adhi Putranto Utomo mengatakan peristiwa
tersebut terjadi sekitar pukul 02.30 WIB. Saat itu mereka memang tidak
tertangkap basah mencuri motor namun sudah ada niat melakukan curanmor.

Beruntung, meski sempat dihajar ramai-ramai, namun warga akhirnya menyerahkan
ke pihak berwajib. Dalam pengakuannya, mereka pernah mencuri motor sebanyak
dua kali.

""Warga menyerahkan mereka ke polisi beserta beberapa alat. Hasil interogasi
yang kami lakukan, sebelumnya mereka sudah dua kali melakukan pencurian motor
di wilayah Kabupaten Pasuruan,"" terang Adhi.

  
  
  
[Gambas:Video 20detik]  

 ",www.detik.com
Polisi Pastikan Pembunuhan Dini Nurdiani Dilakukan oleh Pelaku Seorang Diri,"Sabtu, 14 Mei  2022 23:08 WIB","\-

Polisi menyatakan NU (24) adalah pelaku tunggal pembunuhan Dini Nurdiani (26),
wanita yang ditemukan tewas usai dilaporkan hilang. Sang suami, IS (27), tidak
mengetahui istrinya telah membunuh Dini.

""Pada saat melakukan kejadian di TKP itu dia melakukan sendiri tanpa bantuan
orang lain,"" jelas Kapolsek Cengkareng Kompol Ardhie Dimasetyo saat jumpa pers
di Mapolsek Cengkareng, Sabtu (14/5/2022).

Ardhie mengatakan kejahatan yang dilakukan NU tidak diketahui oleh sang suami.
Sampai akhirnya, tim kepolisian menangkap NU di kediamannya di daerah Bekasi.

""Suaminya sendiri tidak mengetahui. Sampai kemarin pada saat kita jemput di
rumahnya, kita kerjasama dengan Reskrim Polres Bekasi Kota, kita amankan dan
kita langsung olah TKP di sana,"" ujar Ardhie.

NU juga diketahui sempat mengganti baju yang sebelumnya sudah dia siapkan
terlebih dahulu. Hal itu dikarenakan bajunya terkena percikan darah. Dia juga
membuang peralatan yang telah dipakai untuk membunuh korban di dekat TKP.

""Dia menunjukkan lokasi saat dia menghabisi korban dan setelah dihabisi dia
juga sudah menyiapkan baju untuk diganti. Jadi tersangka ini sudah menyiapkan
baju karena dia berlumur darah, jadi dia pakai baju yang sudah dipersiapkan
dari rumah,"" tutur Ardhie.

""Setelah itu, alat-alat yang dipakai untuk melakukan kejagatannya dibuang di
dekat TKP, makannya kemarin kita bersama Reskrim Polres Metro Bekasi Kota
menyisir untuk mencari alat bukti yamg digunakan oleh tersangka,"" sambungnya.

NU mengaku membunuh Dini Nurdiani karena terbakar cemburu setelah suaminya, ID
(27) berselingkuh dengan korban. NU kemudian merencanakan pembunuhan Dini
Nurdiani.

 ",www.detik.com
"Perampok di Tangerang Bawa Lari Rp 70 Juta, Staf Minimarket Dikunci dari Luar","Rabu, 20 Apr 2022 11:32 WIB","\-

Aksi perampokan dengan senjata api terjadi di sebuah minimarket daerah
Pagedangan, Kabupaten Tangerang. Para pelaku membawa uang Rp 70 juta dari
minimarket tersebut.

""Akibat kejadian ini, pihak Alfamart menderita kerugian uang sebanyak Rp 70
juta,"" kata Kabid Humas Polda Metro Jaya Kombes E Zulpan di Mapolda Metro
Jaya, Jakarta, Rabu (20/4/2022).

Perampokan itu terjadi pada Selasa (19/4), sekitar pukul 22.00 WIB. Saat itu
pegawai minimarket tengah bersiap menutup tokonya.

Tiba-tiba tiga pelaku datang ke lokasi. Mereka berpura-pura hendak membeli di
minimarket tersebut.

Dua dari tiga orang pelaku membekali diri dengan senjata. Satu pelaku bahkan
sempat menodongkan senjatanya ke kasir minimarket.

""Pelaku tiga orang, di mana dua menggunakan senjata. Satu diduga senpi yang
sempat ditodongkan ke salah satu karyawan, yaitu kasir, dan satu menggunakan
senjata tajam pisau,"" ucap Zulpan.

Para pelaku lalu bergegas mengambil uang yang ada di minimarket tersebut. Uang
Rp 70 juta yang didapat pelaku diambil dari dua lokasi.

""Rp 30 juta diambil dari kasir kemudian Rp 40 juta diambil dari brankas yang
mereka paksa untuk dibuka oleh karyawan Alfamart,"" tutur Zulpan.

 _Baca selengkapnya di halaman selanjutnya._

Selanjutnya __

Halaman

1  2

 ",www.detik.com
Polisi Gerebek 2 Sarang Penadah Motor Curian di Bangkalan,"Selasa, 12 Apr 2022 11:27 WIB","\-

Polsek Kamal menggerebek 2 sarang penadah motor curian di Bangkalan, Selasa
(12/4/2022). Lokasinya berada di Desa Pandabah dan Desa Sanggra Agung.

Kapolsek Kamal AKP Andi Bahtera Indra Jaya mengonfirmasi kabar tersebut. Ia
juga menunjukkan langsung video penggerebekan yang dilakukan bersama
anggotanya.

""Ya betul, sampai tadi subuh. Untuk keterangan sementara yang bisa saya
sampaikan ada tiga pelaku dan satu penadah yang berhasil kami amankan,"" jelas
Andi dikonfirmasi .

Dari video tersebut, terlihat petugas menggerebek beberapa rumah yang ada
dalam satu halaman. Dari rumah-rumah itu polisi menemukan 15 motor yang diduga
hasil curian.

Selain itu, dalam video penggerebekan terlihat motor-motor tersebut sengaja
disembunyikan di dalam ruang tamu, dapur, hingga kamar-kamar rumah. Diduga,
para pelaku berkomplot untuk melancarkan aksinya.

""Untuk ungkap kasus ini kami limpahkan ke Polres Bangkalan, jadi selanjutnya
akan didalami oleh Satreskrim Polres Bangkalan,"" imbuh Andi.

  
  
  
[Gambas:Video 20detik]  

 ",www.detik.com
"Perampokan Sadis di Semarang, Bunuh Sekuriti-Gasak Drone","Minggu, 03 Apr 2022 10:04 WIB","\-

Kasus perampokan berdarah terjadi di Semarang pada Selasa (29/3/2022). Seorang
pemuda bernama Rismantoro (24) membobol sebuah studio foto yang berada di
bilangan Gajahmungkur, Kota Semarang.

Pemuda itu juga tega membunuh Supriyanto (37), sekuriti yang berjaga di studio
itu. Beruntung, pelaku berhasil ditangkap kurang dari 12 jam setelah polisi
menerima laporan.

Supriyanto malam itu memang sedang apes. Dia sebenarnya sudah mencurigai
pelaku yang saat itu pura-pura tidur di sekitar studio. Namun, dia berbaik
hati tidak melaporkannya ke polisi.

Perlakuan itu tidak mendapatkan balasan yang sama dari pelaku. Pelaku justru
memukul kepala korban yang sedang lengah dengan batu.

""Pelaku memukul kepala bagian bawah menggunakan batu sebanyak 3-4 kali,
kemudian korban pingsan,"" kata Direktur Reserse Kriminal Umum Polda Jateng,
Kombes Djuhandhani Rahardjo Puro, Kamis (31/3/2022).

Saat melihat korban hanya pingsan, dia lantas menggorok leher sekuriti itu
dengan pisau hingga tewas.

Pelaku lantas mencoba membobol pintu studio dengan alat las yang dibawanya.
Karena tidak berhasil, dia lalu membobol plafon dan masuk ke dalam. Setelah
menggasak kamera, lensa dan drone, dia kemudian melarikan diri.

Sejumlah peralatan las yang digunakan untuk membobol studio itu tertinggal di
lokasi, termasuk pisau untuk menggorok korban.

Dia kemudian melarikan diri ke Kebumen yang merupakan tempat tinggalnya.
Polisi berhasil mengendusnya. Dia berhasil ditangkap dalam waktu kurang dari
sehari dari kejadian.

Kini dia sudah mendekam di dalam tahanan. Perampok muda yang sadis itu akan
dijerat pasal 365 KUHP ayat 4 tentang pencurian disertai pemberatan dan atau
pasal 339 KUHP tentang pembunuhan dengan ancaman maksimal 20 tahun dan hukuman
mati.

Di hadapan polisi, dia mengakui semua perbuatannya. Pemuda yang lulusan sebuah
SMK jurusan multimedia itu mengaku merampok karena ingin memiliki barang-
barang itu.

""Saya tidak mampu beli kamera tapi tahu banyak soal kamera,"" kata pelaku,
Rismantoro dalam jumpa pers di Mapolda Jateng, Kamis (31/3/2022).

  
  
  
[Gambas:Video 20detik]  

 ",www.detik.com
"Motif Pria Sultra Bohong Dirampok, Uang Perusahaan Rp 230 Juta Dipakai Judi","Rabu, 20 Apr 2022 23:56 WIB","\-

Polisi mendalami keterangan karyawan swasta PT Obsidian Stainless Steel (OSS)
Konawe, Sulawesi Tenggara (Sultra) inisial AW (30) yang berbohong telah
dirampok Rp 230 juta. AW mengaku terpaksa berbohong karena malu sama keluarga
dan takut diminta perusahaannya untuk ganti rugi.

""Jadi pelaku ini malu sama keluarganya kalau ketahuan uang sebanyak itu habis
dipakai judi dan takut disuruh ganti uang oleh perusahaan,"" kata Kapolsek
Mandonga Kompol Muhammad Salman kepada , Rabu (20/4/2022).

Pelaku kemudian merekayasa peristiwa perampokan dengan mengaku menjadi korban.
Salman menuturkan pihaknya juga mendalami asal uang yang digunakan pelaku.

  

""Kami dalami, sementara pengakuan pelaku uang perusahaan Rp 180 juta dan uang
keluarganya yang dia hutangi Rp 50 juta, masih kita gali keterangan, kami mau
mempertanyakan ke pihak perusahaan juga,"" ujarnya.

Pelaku mengaku malu jika harus ketahuan keluarganya uang Rp 230 juta itu habis
dipakai bermain judi. Salman memastikan semua uang itu hanya digunakan main
judi.

""Semua murni dipakai bermain judi, tanggal 12 April itu dia kirim ke rekening
bandar judi sebesar Rp 80 juta,"" papar dia.

Dari keterangan pelaku, uang dari pihak perusahaan tersebut harusnya digunakan
untuk membayar biaya perbaikan kendaraan. Pelaku tercatat karyawan dengan
jabatan kepala kendaraan di PT OSS.

""Nah uang itu sudah diminta orang bengkel segera dibayarkan. Itu saja pelaku
sudah menunda-nunda permintaan orang bengkel dengan dibuatkan alasan yang
tidak jelas,"" bebernya.

Atas dasar itu semua, Salman mengungkapkan pelaku lantas membuat peristiwa
rekayasa dengan alasan uang Rp 230 juta tersebut dirampok komplotan perampok
pada Kamis (14/4) siang.

Salman mengungkapkan setelah menggali keterangan pelaku, polisi sudah
mencurigai bahwa pelaku membuat keterangan palsu. Namun dengan asas praduga
tak bersalah, polisi terus menggali keterangan.

""Sejak awal kami curiga dari keterangan pelaku yang memberikan keterangan yang
tumpang tindih, ke kami bicara seperti ini, ke intel Polresta bicara seperti
itu jadi berbeda keterangannya,"" ujarnya.

Hingga akhirnya, saat korban dilakukan pemanggilan sebagai saksi pada Senin
(18/4), pelaku akhirnya mengaku jika sudah berbohong.

""Hari Senin kita panggil ke kantor untuk diperiksa, setelah polisi
mempertanyakan semua keterangan pelaku, pelaku lantas mengaku jika sudah
berbohong dirampok,"" tukasnya.

  
  
  
[Gambas:Video 20detik]  

 ",www.detik.com
Detik-detik Ngeri Wanita di Bekasi Tewas Dibegal dalam Adegan Rekonstruksi,"Kamis, 31 Mar 2022 18:30 WIB","\-

Polisi menggelar rekonstruksi kejadian tewasnya seorang wanita berinisial IN
(22) gegara diserang kawanan begal di Cikarang Utara, Kabupaten Bekasi. Dalam
rekonstruksi itu, ada 30 adegan yang menunjukkan detik-detik korban dibegal
hingga tewas.

""Untuk rekonstruksi tadi ada 30 adegan,"" ucap Kanit Jatanras Polres Metro
Bekasi Iptu I Gede Bagus Ariska dalam keterangannya, Kamis (31/3/2022).

Bagus menjelaskan korban meninggal dunia karena kehabisan darah akibat insiden
begal itu. Selain itu, Bagus menyebut tidak ada yang memberi pertolongan
kepada korban saat itu.

""Kalau untuk hasil rekonstruksi sebenarnya tidak bisa menjelaskan korban ini
meninggal atau tidak, cuma dia memerankan adegan bahwa korban ini sempat masih
ada nyawa kemudian setelah lama tidak dilakukan pertolongan secara cepat
akhirnya di itulah penyebab kematiannya, karena kehabisan darah,"" jelas Bagus.

Berdasarkan hasil autopsi, korban mengalami luka di bagian bawah ketiak. Luka
itu disebut Bagus akibat sabetan celurit para pelaku.

""Si tersangka bilang empat kali dia mengayunkan celurit tapi yang kena adalah
sekali pas pertama kali dia menyabetkan celurit itu,"" ungkap Bagus.

Bagus menyampaikan pelaku berinisial N kerap beraksi dengan cara membacok
korbannya. Korban kala itu diketahui sempat melawan dengan berteriak.

 _Baca berita selengkapnya di halaman selanjutnya._

Selanjutnya __

Halaman

1  2

 ",www.detik.com
7 Fakta Begal di Makassar Didalangi Pengusaha Wanita Asal Jakarta,"Senin, 30 Agu 2021 10:11 WIB","\-

Pengusaha wanita asal Jakarta inisial NA (31) menjadi dalang aksi penculikan
dan perampokan mobil milik pengemudi taksi online di kota Makassar, Sulawesi
Selatan. Pelaku rela merogoh kocek sebesar Rp 70 juta dan memerintahkan tiga
orang stafnya mencari eksekutor yang akan beraksi di Makassar.

Berikut sejumlah fakta terkait kasus tersebut:

### 1\. Pengusaha Wanita Asal Jakarta Otaki Aksi Begal

Pengusaha berinisial NA (31) dibekuk polisi usai mengotaki aksi penculikan dan
perampokan mobil milik pengemudi taksi online di kota Makassar. Pengusaha
wanita asal Jakarta ini, rela merogoh kocek sebesar Rp 70 juta dan
memerintahkan tiga orang stafnya mencari eksekutor yang akan beraksi di
Makassar.

""Jadi (3 staf) laki laki ini, mencari orang yang berada di Makassar untuk
melakukan aksi (penculikan dan perampokan),"" ujar Kanit Jatanras Polrestabes
Makassar, Iptu Afhi Abrianto, kepada wartawan, Minggu (29/8).

### 2\. Pelaku kucurkan dana Rp 70 juta untuk bayar staf mencari eksekutor
begal

Pelaku NA memberi uang senilai Rp 10 juta ke masing-masing stafnya. Uang itu
digunakan sebagai imbalan untuk mencari orang yang bersedia melakukan aksi
kejahatan terhadap korban.

Setelah para staf menemukan tiga orang yang bersedia menjadi eksekutor begal,
pengusaha tersebut kembali mengucurkan dana sebesar Rp 40 juta sebagai imbalan
kerja untuk para stafnya itu. Total dana yang dikucurkan untuk memuluskan aksi
penculikan dan perampokan oleh pengusaha wanita ini sebesar Rp 70 Juta.

""Jadi pelaku utama perempuan ini memberikan upah kepada stafnya ini sebanyak
Rp 10 juta dan ketiga orang lainnya mendapat Rp 10 juta dan mereka langsung
berkoordinasi ke orang yang berada di Makassar yang kami amankan sebelumnya
yang setelah mendapatkan Rp 40 juta untuk melakukan aksinya,"" jelas Afhi.

### 3\. NA Ditangkap Bersama dengan Tiga Stafnya yang Diperintah untuk Cari
Eksekutor Begal

NA (31) ditangkap polisi bersamaan dengan tiga stafnya yang diperintah untuk
mencari eksekutor begal yang akan beraksi Makassar. Penangkapan dilakukan di
sebuah hotel dan di sebuah kawasan di Jakarta.

""Jadi berdasarkan (keterangan) ketiga orang pelaku yang kami amankan
sebelumnya di daerah Makassar terkait kasus penculikan dan pencurian, kemarin
tim kami dari Unit Jatanras Polrestabes Makassar berangkat ke DKI Jakarta
untuk melakukan pengembangan. Di sana, tim kami berhasil mengamankan empat
orang pelaku,"" ujar Iptu Afhi Abrianto.

Polisi menyebut NA adalah dalang dibalik aksi penculikan dan perampokan yang
membuat korban akhirnya dibuang hingga ke perbatasan Provinsi Gorontalo.

""Di mana empat orang ini salah satunya perempuan yang merupakan otak dari aksi
dari keseluruhan yang kami amankan,"" sebut Afhi.

Afhi menerangkan tiga orang lainnya yang ditangkap itu merupakan staf dari
pengusaha tersebut. ""Untuk yang laki laki berperan sebagai anak buah dari
perempuan di mana dia adalah staf dari perusahaan yang dia punya,"" sebut Afhi.

### 4\. Polisi Telah Lebih Dulu Tangkap Eksekutor Begal Taksi Online

Polisi sebelumnya telah lebih dulu menangkap komplotan begal taksi online di
Kota Makassar ini. Komplotan ini diketahui juga sempat menculik pengemudi
taksi online tersebut.

""Unit Jatanras Polrestabes Makassar berhasil mengamankan tiga orang yang
diduga pelaku dari kasus penculikan dan pencurian terhadap salah satu warga
Makassar sopir taksi online di daerah Makassar,"" kata Iptu Afhi Abrianto pada
Sabtu (28/8).

Setelah membegal korban, para pelaku menculik dan membuang korban ke
perbatasan Provinsi Gorontalo lantaran mendapat perintah dan dijanjikan
bayaran oleh NA. Ketiga pelaku itu dibekuk setelah Unit Jatanras Polrestabes
Makassar mendapatkan laporan dari korban dan menyelidiki kasusnya.

Setelah dilakukan pencarian, ketiga pelaku pun dibekuk di rumah masing-masing
di Kecamatan Tamalate, Kota Makassar, Sulsel.

[Gambas:Video 20detik]

 _Simak fakta selengkapnya di halaman berikut_

Selanjutnya __

Halaman

1  2

 ",www.detik.com
Bejat! 3 Remaja Pria di Aceh Perkosa ABG 15 Tahun,"Senin, 28 Mar 2022 16:15 WIB","\-

Tiga remaja laki-laki di Banda Aceh ditangkap polisi karena diduga memperkosa
ABG perempuan berusia 15 tahun. Salah satu pelaku, MY (17), merupakan pacar
korban.

Kasat Reskrim Polresta Banda Aceh Kompol M Ryan Citra Yudha mengatakan ketiga
pelaku pemerkosaan itu adalah MY, YA (18), dan FJH (17). Pemerkosaan itu
dilakukan MY di dua lokasi pada satu malam.

""Awalnya tersangka MY membujuk dan merayu korban untuk mau melakukan hubungan
badan dengannya,"" kata Ryan kepada , Senin (28/3/2022).

Kasus itu bermula saat MY menjemput pacarnya untuk jalan-jalan, Senin (21/3)
malam. Tak lama kemudian, MY disebut membawa pacarnya ke sebuah bengkel di
kawasan Aceh Besar.

Di sana, MY diduga memperkosa pacarnya. Korban disebut berusaha melawan tapi
lokasi kejadian sepi sehingga tidak ada yang mendengar teriakan korban.

Usai memperkosa, MY berencana membawa pulang korban. Namun dalam perjalanan,
keduanya bertemu dengan FJH.

Menurut Ryan, korban kemudian dibawa ke tempat _laundry_ milik FJH di kawasan
Aceh Besar. Di sana, MY diduga kembali memperkosa korban.

""Perbuatan tersangka MY terhadap korban tersebut dilihat langsung oleh teman
tersangka, yaitu FJH dan YA, sehingga keduanya tergiur untuk ikut menyetubuhi
korban,"" jelas mantan Kasat Reskrim Polres Aceh Tamiang ini.

Ryan menjelaskan FJH dan YA meminta izin kepada MY untuk memperkosa korban. MY
disebut mengizinkan kedua temannya itu memperkosa korban.

""Tersangka FJH dan YA meminta langsung kepada MY untuk ikut menyetubuhi korban
secara bergiliran dan diperbolehkan oleh MY hanya dengan alasan pertemanan,""
jelas Ryan.

Usai memperkosa, MY mengantar korban ke rumahnya di Banda Aceh. Korban disebut
menceritakan pemerkosaan itu ke orang tuanya sambil menangis.

Kasus itu lalu dilaporkan ke Polresta Banda Aceh dan ketiga pelaku ditangkap.
Ketiganya saat ini mendekam di sel Mapolresta Banda Aceh.

""Tersangka YA kita dijerat Pasal 50 _juncto_ Pasal 47 Qanun Aceh No 6 tahun
2014 tentang Hukum Jinayat. Sementara MY dan FJH dijerat Pasal 50 _juncto_
Pasal 47 Qanun Aceh No 6 tahun 2014 tentang Hukum Jinayat _juncto_ UU RI No 11
Tahun 2012 tentang Sistem Peradilan Pidana Anak,"" ujar Ryan.

 ",www.detik.com
"Polisi Tangkap 3 Pelaku Pengeroyokan Sekeluarga di Jaktim, 4 DPO","Kamis, 06 Jan 2022 11:48 WIB","\-

Polres Metro Jakarta Timur mengungkap kasus pengeroyokan satu keluarga di
Cipinang Melayu, Jakarta Timur. Tiga orang pelaku berhasil diamankan,
sedangkan 4 lainnya berstatus DPO.

""Dilakukan oleh pelaku ada tujuh orang, yang sudah tertangkap ada tiga. Masih
ada empat DPO,"" Kapolres Metro Jakarta Timur Kombes Budi Sartono kepada
wartawan di kantornya, Jakarta Timur, Kamis (6/1/2022).

Ketiga pelaku tersebut berinisial AE (53), VO (23) dan AA (20). Ketiganya
ditangkap oleh jajaran kepolisian Polsek Makassar pada Senin (4/1) lalu.

Budi mengatakan, ketujuh pelaku juga merampok sejumlah barang di rumah korban.
Korban sekeluarga sempat mengungsi ke Bogor karena takut.

""Tujuh orang itu mengeroyok satu keluarga, ada 5 korban. Dianiaya setelahnya
korban merasa takut, korban pun _ngungsi_ ke Bogor, rumahnya kosong. Pelaku
datang ngambil barang-barang di rumahnya,"" katanya.

Polisi kini tengah mengejar 4 pelaku lain.

""Tim gabungan akan melaksanakan pengejaran terhadap pelaku,"" kata Budi.

Atas perbuatannya tujuh orang pelaku kini sudah ditetapkan sebagai tersangka
dijerat pasal berlapis, yakni Pasal 365 Kitab Undang-Undang Hukum Pidana
(KUHP) tentang pencurian dengan kekerasan, Pasal 170 KUHP tentang
pengeroyokan, dan Pasal 351 KUHP tentang penganiayaan berat dengan ancaman
hukuman pidana 12 tahun penjara, tujuh tahun penjara dan lima tahun penjara.

""Barang buktinya, sepeda motor, 1 BPKB, gitar warna coklat, gitar kecil satu
buat TV ini yang diamanakan. Bagaimana sadisnya, melakukan pengeroyokan dan
juga ternyata melakukan pencurian dengan kekerasan,"" terang Budi.

### Pelaku Mabuk

Untuk diketahui, satu keluarga menjadi sasaran pengeroyokan dan perampokan
oleh sejumlah pemuda pada malam tahun baru di Cipinang Melayu, Jakarta Timur
(Jaktim). Para pemuda tersebut diduga dalam keadaan mabuk.

""Jadi datang tiba-tiba sekelompok orang _mukulin_ satu keluarga, barang-barang
di rumah dijarah,"" kata Kepala Unit Reskrim Polsek Makassar Iptu Mochamad Zen
kepada wartawan, Selasa (4/1).

Iptu Zen menduga para tersangka pengeroyokan tersebut sedang mencari musuh.
Namun, akhirnya mereka menganiaya satu keluarga dan melakukan penjarahan pada
Sabtu (1/1).

 ",www.detik.com
Viral Pria Nekat Mau Lompat dari JPO di Jaksel Usai Kepergok Maling HP,"Selasa, 24 Mei  2022 19:15 WIB","\-

Seorang pria nekat hendak melompat dari JPO Pasar Mayestik, Kebayoran Baru,
Jakarta Selatan. Pria itu nekat melakukan aksinya gegara kepergok mencuri
sebuah _handphone_.

Video pria tersebut sedang bergelantungan di atas JPO Pasar Mayestik viral di
media sosial. Dilihat , pria itu tengah dikepung petugas kepolisian.

Kemudian petugas mencoba menggagalkan aksi nekat pria itu. Mereka menarik
tangan pelaku hingga akhirnya diselamatkan petugas.

Seorang saksi bernama Tarsidi (33) mengatakan peristiwa tersebut terjadi pukul
02.00 WIB, Selasa (24/5). Saat itu banyak warga dan petugas kepolisian yang
mengepung pelaku, baik di bawah JPO maupun sisi kanan kiri JPO.

""Tiba-tiba sudah ada polisi ramai, terus ada orang mau loncat _gitu_ doang
tahu-tahu di situ,"" ujar Tarsidi saat ditemui di sekitar lokasi, Kebayoran
Baru, Jakarta Selatan, Selasa (24/5/2022).

""Itu lagi dikejar warga, dia maling HP,"" sambungnya.

Kemudian ramai warga meneriaki dan menyuruh pelaku turun dari JPO. Namun
pelaku malah mengancam polisi mundur dengan nekat bergelantungan di JPO.

""Ya _denger_ orang ramai banyak _teriakin_ , 'turun-turun' _gitu_ , _nyuruh_
turun. Jadi si maling mau _disamperin_ polisi dia _ngancam_ mau loncat, polisi
mau naik ragu-ragu. Jadi seperti polisinya ragu-ragu dia takut loncat
_beneran_ ,"" jelasnya.

Selain meneriaki petugas, pelaku juga disebut membawa balok. Dia menyebut
balok itu akan digunakan untuk menyerang siapa pun yang mendekatinya.

""Dia bawa balok, bawa kayu di atas. Iya kayaknya begitu (buat _ngancem_ ),""
ucapnya.

Namun pelaku berhasil dibujuk petugas kepolisian. Pelaku kemudian dibawa ke
Polsek Kebayoran Baru. Kapolsek Metro Kebayoran Baru Kompol Donni Bagus
Wibisono membenarkan kejadian tersebut.

""Sudah ditangkap semalam. Masih ditangani,"" singkat Donni saat dimintai
konfirmasi.

[Gambas:Video 20detik]

  
  

 ",www.detik.com
Akhir Tragis Dini Nurdiani Dilaporkan Hilang Ditemukan Tewas,"Sabtu, 14 Mei  2022 22:15 WIB","\-

Warga Cengkareng, Jakarta Barat, Dini Nurdiani (26) sempat dilaporkan hilang
usai pamit untuk buka puasa bersama (bukber). Namun Dini tak pernah kembali
pulang hingga akhirnya ditemukan sudah tidak bernyawa di Jatisampurna, Kota
Bekasi.

Dini dinyatakan tewas dibunuh setelah polisi mencocokkan identitas sesosok
mayat perempuan yang ditemukan di Jatisampurna, Bekasi, pada Jumat (29/5). Dua
minggu setelah Dini dinyatakan hilang, polisi menangkap pelaku pembunuhan Dini
Nurdiani, seorang perempuan berinisial NU (24).

##  
Informasi Dini Nurdiani Hilang Viral di Medsos

Tepat di hari penemuan jasad perempuan di Jatisampurna, Bekasi itu, keluarga
melapor polisi dengan harapan Dini segera ditemukan. Di sisi lain, keluarga
juga terus berikhtiar mencari Dini ke mana-mana.

""Ikhtiar (mencari Dini) udah ke mana-mana, bahkan om saya di Tangerang, udah
_digerakin_ semua, ada info sinyal ponsel itu masih ada di daerah sini
(Cengkareng), sinyal Google-nya,"" ujar Riyan (31), kakak kandung Dini, saat
dihubungi , Rabu (11/5).

Wanita yang bekerja sebagai _cleaning service_ di bank di Jl Gatot Subroto,
Jaksel itu terakhir berkomunikasi dengan keluarga pada Rabu (26/4). Dia pamit
untuk bukber selepas pulang bekerja.  
  
""Ngomongnya sih dari berangkat dari Jakarta, begitu kerja tuh pas pulang
kerja, Dini ngomong sama temannya, mau bukber, tapi nggak dikasih tahu bukber
ke mana? sama siapa? nggak dikasih tahu,""

## Keluarga Sempat Cari Dini hingga ke Tangerang

Sejumlah _netizen_ merespons mengaku melihat Dini di sebuah Alun-alun Legok,
Tangerang. Namun setelah ditelusuri, hasilnya nihil.

Riyan meyakini pihak keluarga dan Dini tak ada masalah. ""Kalau dari sini sih
nggak ada masalah, aman-aman _aja_ ,"" lanjutnya.

  
 _Baca di halaman selanjutnya: Dini ditemukan tewas dibunuh._

Selanjutnya __

Halaman

1  2  3

 ",www.detik.com
"Pencurian Motor di Bogor Terekam CCTV, Pelaku Todongkan Pistol ke Warga","Senin, 14 Feb 2022 11:16 WIB","\-

Dua pelaku pencurian motor di Cileungsi, Kabupaten Bogor, terekam kamera CCTV
dan viral di media sosial. Salah satu pelaku sempat menodongkan pistol sebelum
akhirnya kabur dengan motor korban.

Warga sekitar menyadari aksi pencurian sepeda motor tersebut dan mencoba
menghadangnya. Namun pelaku yang berada di motor mengacungkan benda mirip
senjata api (senpi) berjenis pistol kepada warga, sehingga warga tak berani
mendekat.

 _""Saat itu ada warga yang ngeh dan coba ngehalau, namun seorang pelaku yang
di motor mengacungkan pistol ke warga,""_ demikian keterangan dalam video
tersebut.

Pelaku berhasil menggondol satu unit sepeda motor, lalu melarikan diri.
Peristiwa itu terjadi pada Minggu (13/2) sekitar pukul 08.00 WIB di Jl Raya
Narogong Km 21 Limus Nunggal, Cileungsi, Kabupaten Bogor.

Kapolsek Cileungsi Kompol Andri Alam membenarkan adanya peristiwa itu. Saat
ini polisi tengah menyelidiki kasus tersebut.

""Iya (sedang penyelidikan),"" kata Andri saat dihubungi, Senin (14/2/2022).

Andri mengatakan pelaku melarikan diri. Pihaknya tengah memburu pelaku.

""(Pelaku) kabur, lagi dikejar,"" terangnya.

[Gambas:Video 20detik]

 ",www.detik.com
Pria Bejat Pemerkosa ABG hingga Hamil di Bekasi Terancam 15 Tahun Bui,"Selasa, 19 Apr 2022 17:06 WIB","\-

Polisi menetapkan pria berinisial S (47) sebagai tersangka pemerkosa anak usia
14 tahun di Cibitung, Bekasi. Atas perbuatan bejatnya itu, tersangka terancam
hukuman 15 tahun penjara.

""Tersangka bernama SBR yang kemudian terhadap tersangka dikenakan pasal
persetubuhan terhadap anak di bawah umur yaitu Pasal 81 Undang-Undang 35 Tahun
2014 dengan ancaman hukuman 15 tahun penjara,"" ujar Kapolres Metro Bekasi
Kombes Gidion Arif dalam konferensi pers pada Selasa (19/4/2022).

Pelaku ditangkap di rumahnya setelah polisi mengantongi bukti. Selain itu,
kata Gidion, korban akan mendapatkan pendampingan dari psikolog.

""Iya ada pendampingan, kita juga kenapa lama melakukan penetapan tersangka
karena kondisi korban maka kita dikuatkan dengan pembuktian saintifik,
melakukan pemeriksaan terhadap psikolog, melakukan pemeriksaan terhadap ahli,
sehingga kami meyakini bahwa keterangan yang dilakukan oleh korban, sangat
konsisten,"" ucapnya.

### Modus Iming-iming Uang

Sementara itu, Kombes Gidion menjelaskan modus tersangka memperkosa korban
dengan mengiminginya sejumlah uang.

""Mengajak korban dengan memberikan uang sebesar Rp 20 ribu, kemudian memaksa
korban untuk melayani yang bersangkutan,"" imbuhnya.

Tak hanya itu, tersangka juga mengancam korban agar tidak melaporkan
perbuatannya itu kepada siapa pun.

""Diiming-imingi, ancaman ada setelah melakukan. Ancamannya jangan melaporkan
kepada siapa pun,"" katanya.

Berdasarkan pengakuan tersangka, dia sudah dua kali memperkosa korban. Tetapi,
menurut korban, tersangka sudah memperkosanya berkali-kali hingga kini hamil
dengan usia kandungan menuju 6 bulan.

""Kalau pengakuan tersangka dua kali, tapi pengakuan korban ada beberapa kali
dan estimasinya kan mulai Januari hingga Desember 2021. Faktanya kemudian
korban hamil dan sekarang usianya menginjak bulan ke-6,"" tuturnya.

 ",www.detik.com
"Maling Bobol Rumah Warga di Tangerang Siang Bolong, Lemari Diacak-acak","Selasa, 31 Mei  2022 12:49 WIB","\-

Sebuah rumah warga di Pasar Kemis, Kabupaten Tangerang, dibobol maling di
siang bolong. Pelaku mengacak-acak lemari pakaian korban hingga berantakan.

Aksi maling ini terekam kamera CCTV dan viral di media sosial. Dalam rekaman
CCTV, terlihat pelaku 2 orang pria bermotor memasuki rumah korban pada Senin
(30/5/2022), sekitar pukul 14.00 WIB.

Korban baru mengetahui rumahnya dibobol maling pada malam hari sekitar pukul
22.00 WIB saat baru pulang. Saat tiba di rumah, korban mendapati pakaian di
rumah telah diacak-acak pelaku.

""Rumah dibobol maling, acak-acakan,"" ujar pemilik rumah dalam video viral.

Tampak pakaian di lemari dalam kondisi berantakan di lantai. Di medsos
disebutkan jika yang hilang dari aksi pembobolan rumah ini berupa satu unit
_handphone_ dan uang senilai Rp 1 juta.

Kanit Reskrim Polsek Pasar Kemis AKP Tedy Murtian mengatakan pihaknya belum
menerima laporan dari korban. Namun ia memastikan polisi melakukan pengecekan
ke TKP.

""Kita cek ke Unit Reskrim Pasar Kemis, ada tim _tuh_ apakah sudah ada laporan
polisi, belum ada. Jadi kita baru mau meluncur ke TKP dan mengarahkan korban
untuk membuat laporan,"" kata Tedy saat dimintai konfirmasi, Selasa (31/5).

Ia menjelaskan, saat ini pihaknya belum dapat memastikan apa saja yang diambil
oleh para pelaku. Menurutnya, peristiwa pembobolan ini dilakukan pada kemarin.

""Jadi kita belum bisa merinci apa saja yang diambil, baru mau cek ke TKP. Kita
kan baru tau hari ini kejadiannya. Kalau dari CCTV kan saya melihatnya
kejadiannya kemarin tuh tanggal 30 Mei,"" tambahnya.

Selain itu, menurutnya, pengecekan ke TKP ini dilakukan sebagai upaya untuk
memastikan kebenaran fakta atas kejadian tersebut. Menurutnya, pihaknya perlu
untuk ke TKP untuk mengkonfirmasi kebenaran atas pembobolan rumah ini.

""Ya kalau berdasarkan medsos itu kan, kita masih dalam perjalanan menuju TKP.
Kalau berdasarkan (fakta) kita belum mengecek kejadian tersebut. Karena korban
sesaat kejadian belum lapor ke polsek,"" tuturnya.

 ",www.detik.com
Detik-detik Penyelamatan Sopir Truk di Asahan Dirampok Lalu Dibuang ,"Rabu, 11 Mei  2022 14:13 WIB","\-

Sebuah video memperlihatkan detik-detik penyelamatan sopir truk muatan sawit
yang menjadi korban perampokan dan dibuang di Labuhanbatu, Sumatera Utara
beredar di media sosial.

Dilihat , Rabu (11/5/2022) video itu memperlihatkan seorang pemuda dalam
keadaan lemas dalam posisi telungkup tanpa mengenakan baju. Sementara tangan
serta kakinya tampak terlilit tali dan lakban.

""Koe supir,"" tanya perekam gambar dalam video itu. ""Iya pak,"" dijawab korban
seketika.

  

""Uwe gak popo, tenang ae aman iku (sudah tenang aja aman itu),"" kata perekam
suara.

Belakangan pria yang diketahui bernama Sandi tersebut diketahui sebagai sopir
truk sawit yang baru saja dirampok dan dibuang di desa N-3 Labuhanbatu. Dia
juga menyebut asal daerah tempat tinggalnya di Aek Bange, Kabupaten Asahan.

""Toke ku namanya Tasrif bang,"" kata pria itu.

Sementara itu, Tasrif yang dikonfirmasi mengakui bahwa truk bermuatan sawit
bermuatan 8 ton yang baru dirampok tersebut adalah miliknya.

""Memang biasa sendirian dia (sopir) itu bawanya selama ini aman saja. Muatan
sawit sekitar 8 ton habis panen mau dijual ke pabrik,"" katanya.

Sebelumnya, seorang sopir truk bernama Sapdam Sandi Zulfikar (27) mengaku jadi
korban perampokan di Kabupaten Asahan lalu dibuang di Kabupaten Labuhanbatu,
Sumatera Utara. Istri dari Sandi, Ani Thalita, mengatakan suaminya itu kini
dalam keadaan trauma.

""Saat ini kondisinya masih trauma bang. Masih berusaha menenangkan diri,""
sebut Ani kepada wartawan, Selasa (10/5/2022).

Peristiwa perampokan itu terjadi di dusun III desa Aek Nabuntu Kecamatan Aek
Ledong Kabupaten Asahan. Sementara korban dibawa perampok lalu dibuang di desa
N-3, Kecamatan Bilah Hulu Kabupaten Labuhanbatu pada Minggu (8/5) malam.

Ani mengatakan perampokan itu terjadi saat Sandi hendak mengantarkan buah
sawit ke pabrik yang berada di Aek Loba, pada Minggu (8/5) sore, sekitar pukul
15.30 WIB. Ketika itu tiba-tiba truknya dihentikan sekelompok orang yang
mengendarai mobil, dan langsung mengancam serta mengambil alih truknya.

Setelah itu, Sandi kemudian dimasukkan ke mobil yang dikendarai perampok. Kaki
dan tangannya diikat perampok serta mata dan mulutnya dilakban.

""Selama dibawa di mobil, abang (Sandi) ditidurkan di lantai, di bangku tengah.
Kaki perampok itu ya memijak badannya,"" ungkap Ani.

Selain itu, Sandi juga sempat dianiaya oleh perampok. Lengannya dekat ketiak
disayat perampok pakai pisau dan wajahnya juga dipukul beberapa kali. Ani
mengatakan saat ditemukan polisi, suaminya mengaku sudah diturunkan 30-60
menit sebelumnya.

Sandi akhirnya bisa ditemukan setelah berusaha mengesot dari tempat sepi ke
arah jalan raya dan berusaha berteriak minta tolong kepada warga. Usahanya
ternyata tidak sia-sia setelah seorang warga yang melihatnya melapor ke
polisi.

  
  
  
[Gambas:Video 20detik]  

 ",www.detik.com
"Tombak Perwira Polisi, Begal di Kota Jambi Tewas Ditembak","Rabu, 11 Mei  2022 08:56 WIB","\-

Pelaku begal bernama Taufik Galing (32) akhirnya tewas usai menombak seorang
perwira polisi berpangkat AKP di Kota Jambi, Jambi. Pelaku yang juga masuk
dalam daftar pencarian orang (DPO) itu tewas usai ditembak di bagian dada kala
melawan bahkan menombak polisi saat akan ditangkap.

""Pelaku tewas dengan luka tembak di bagian dada saat melawan dan menombak
bagian perut anggota kita,"" kata Direktur Reserse Kriminal Umum Polda Jambi,
Rabu (11/5/2022).

Pelaku yang juga sudah melakukan kejahatan di berbagai wilayah Jambi itu tewas
di tempat karena anggota Resmob Polda Jambi merespon tindakan pelaku saat
menusuk seorang perwira polisi. Apalagi tusukan tersebut membuat perwira
polisi itu alami luka serius dibagian perutnya.

  

Tindakan polisi itu merupakan hal yang tepat, setelah pelaku begal itu
melakukan perlawanan dan penusukan terhadap anggota. Pelaku begal itu juga
ikut dilarikan ke rumah sakit setelah ditembak polisi.

""Anggota lakukan tembakan terukur dibagian dada pelaku sebanyak tiga kali
hingga pelaku akhirnya tewas,"" ujar Kaswandi.

Sebelumnya diberitakan, penangkapan pelaku begal ini dilakukan oleh tim
gabungan dari Polda Jambi, Polresta Jambi, Polres Batanghari dan Polres
Tanjung Jabung Timur Jambi. Penangkapan pelaku begal yang merupakan spesialis
curat dengan 11 TKP diberbagai wilayah Jambi itu dilakukan polisi pada Selasa
petang (10/5) pukul 18.00WIB.

Pelaku ditangkap setelah polisi mendapatkan informasi jika pelaku begal yang
sudah masuk Daftar Pencarian Orang (DPO) itu berada dikediaman rumahnya di
Kelurahan Tanjung Pasir, Kecamatan Danau Teluk, Seberang Kota Jambi.

Saat hendak ditangkap, pelaku juga sudah mengetahuinya. Bahkan pelaku sudah
bersiap diri saat akan dilakukan penangkapan dengan menombak perut anggota
polisi yang menjabat sebagai Kanit Resmob Polda Jambi.

""Iya, anggota kita itu bernama AKP Silaen, kini masih dalam kondisi belum
sadar lantaran habis operasi pengangkatan tombak,"" kata Direktur Reserse
Kriminal Umum Polda Jambi, Kombes Kaswandi Irwan.

Tombakan pelaku ke bagian perut Perwira polisi ini juga sangat parah. Apalagi
tombak pelaku ini menancap dibagian perut juga cukup dalam sehingga baru dapat
dilepaskan setelah dilakukan bius dan operasi di Rumah Sakit Raden Mataher
Jambi.

Sementara, pelaku yang tewas saat dilarikan ke Rumah Sakit Bhayangkara Polda
Jambi. Dia sempat di autopsi lalu kemudian dibawa ke rumah duka untuk
dimakamkan.

  
  
  
[Gambas:Video 20detik]  

 ",www.detik.com
Polisi: Perampok Bank di Jaksel Pegawai Bank Swasta Bergaji Rp 60 Juta,"Rabu, 06 Apr 2022 12:18 WIB","\-

Polisi menangkap pria inisial BS (43) yang melakukan percobaan perampokan di
Bank BJB Cilandak, Jakarta Selatan. Usut punya usut, BS ternyata adalah
pegawai di sebuah bank swasta dengan gaji fantastis.

""Jadi yang bersangkutan sebenarnya dari latar belakangnya, yang bersangkutan
adalah pegawai di salah satu bank swasta,"" kata Kapolres Metro Jakarta Selatan
Kombes Budhi Herdi dalam jumpa pers di Polres Metro Jakarta Selatan, Rabu
(6/4/2022).

BS memiliki posisi cukup bagus di bank swasta kala itu. Bahkan dia memiliki
gaji yang fantastis sebagai seorang staf.

""Posisinya cukup bagus sebenarnya, staf HRD. Dan kalau dilihat dari
penghasilan atau gajinya, itu sudah cukup besar. Kalau tidak salah Rp 60 juta
per bulan,"" tutur Budhi.

BS ditangkap setelah melakukan percobaan perampokan di BJB Cilandak, Jakarta
Selatan, pada Selasa (5/4). BS sempat melepaskan tembakan ke arah _teller_ ,
tetapi beruntung tidak ada korban jiwa.

Proses penangkapan dibantu oleh F, satpam bank tersebut. Pada saat bersamaan,
polisi yang sedang melaksanakan patroli mendapatkan informasi terkait adanya
perampokan di bank tersebut hingga menangkap pelaku.

""Pada saat itu juga ada patroli di sekitar. Karena melihat orang berhamburan
dan ada permintaan tolong, kemudian secara refleks anggota segera turun dari
mobil patroli dan langsung menuju ke TKP,"" kata Budhi.

###

### Satpam Duel dengan Perampok

Budhi mengatakan, saat itu satpam berduel dengan tersangka. Polisi kemudian
menangkap tersangka berikut barang bukti _airsoft gun_ dan pisau lipat.

""Di situlah kemudian bersama dengan saksi F tadi melakukan penangkapan
terhadap tersangka, yang saat itu sedang ada pergumulan dengan saksi F ini,""
sambungnya.

""Dari penggeledahan yang kami lakukan, kami menemukan beberapa barang bukti.
Selain tadi senjata yang menyerupai senjata api yang ternyata _airsoft gun_
kami juga menemukan pisau lipat,"" jelasnya.

Atas perbuatannya itu, tersangka kini ditahan di Polres Metro Jaksel.
Tersangka dijerat dengan Pasal 365 KUHP tentang pencurian dengan kekerasan.

[Gambas:Video 20detik]

  
  

 ",www.detik.com
Polisi Duga Ustaz di Lampung Rekayasa Dibegal-Adu Silat demi Konten,"Senin, 25 Okt 2021 16:34 WIB","\-

Pria di Lampung Tengah, Lampung, yang dikenal dengan panggilan Ustaz Nasihin,
dipanggil ke Polda Lampung. Nasihin dipanggil polisi karena video saat dirinya
'dibegal' viral.

Video tersebut awalnya diunggah di kanal YouTube-nya, Ustadz Nasihin, pada
Rabu (13/10). Video berdurasi 16 menit 36 detik itu telah ditonton sebanyak
234.621 kali.

Video itu juga beredar di media sosial (medsos). Dalam video yang beredar,
disertai tulisan 'Perjalanan di Lampung Ustad Nasihin Kena Begal'.

Nasihin dipanggil Ditreskrimum Polda Lampung untuk menjelaskan video yang
viral tersebut.

""Pemanggilan (untuk) melakukan klarifikasi kebenaran atas peristiwa dalam
video tersebut,"" kata Kabid Humas Polda Lampung, Kombes Zahwani Pandra Arsyad,
Senin (25/10/2021).

Polisi ingin melakukan konfirmasi perihal video yang viral tersebut. Sebab,
video tersebut terkesan hasil rekayasa.

""Bahwasanya dengan video tersebut bukan mendidik melainkan penuh rekayasa yang
membuat citra Lampung menyeramkan dan merugikan masyarakat Lampung pada
umumnya,"" katanya.

Polisi memanggil Nasihin sebagai upaya menjaga keamanan dan ketertiban
masyarakat (kamtibmas). Dia menjelaskan pemanggilan terhadap Nasihin ini
sebagai bagian dari langkah presisi.

""Pemanggilan yang bersangkutan sebagai upaya prediksi terhadap potensi
kejahatan, responsif ini makanya kita lakukan klarifikasi, dan transparansi
yakni proses dilakukan dengan keterbukaan,"" ujar dia.

Pandra mengatakan polisi terus melakukan tindakan preventif, patroli demi
menciptakan keamanan, hingga penindakan terhadap pelaku kejahatan. Dia meminta
video yang dibuat tidak kemudian membuat gaduh masyarakat.

""Kalau hanya untuk tingkatkan konten atau _follower_ , jangan membuat gaduh.
Dengan dia membuat konten seperti itu kan muncul kesan Lampung tidak aman,""
imbuhnya.

###

### Video Viral Nasihin Dibegal

Dalam video yang beredar, tampak Nasihin yang menumpangi mobil dihadang
sejumlah orang. Nasihin dihampiri sejumlah orang yang meminta uang.

Kelompok penghadang tersebut meminta uang senilai Rp 100 ribu. Nasihin tidak
terima dimintai uang Rp 100 ribu karena dia melintas di jalan umum.

Kemudian orang-orang yang menghadang itu meminta ponsel dan tas Nasihin.
Nasihin lalu diminta turun dari jalan jika tidak memberi uang atau mobilnya
akan dirusak.

Nasihin lalu turun dari mobil dan terlibat keributan dengan pihak yang
menghadangnya. Nasihin menggunakan silat dan membuat lawannya mental, bahkan
hingga kaku tak bergerak.

 ",www.detik.com
"1 Cewek Terlibat Kasus Curanmor Sasar Anak di Jakbar, Begini Perannya","Jumat, 20 Mei  2022 03:03 WIB","\-

Salah satu dari lima pelaku pencurian motor dengan modus menuduh korban anak-
anak di Jakarta Barat merupakan seorang wanita. Pelaku berinisial PF (23)
berperan sebagai penadah.

""Betul ada satu orang wanita, peran sebagai 480 KUHP (pertolongan jahat),""
kata Kasi Humas Polres Metro Jakarta Barat, Kompol Taufik Ikhsan, saat
dihubungi, Kamis (19/5/2022).

Taufik mengatakan para pelaku telah beraksi sebanyak puluhan kali. Mereka
beraksi di wilayah Jakarta.

Dia menyebut pelaku utama berjumlah dua orang dan tiga di antaranya sebagai
penadah. Taufik mengatakan pihaknya masih mengembangkan kasus tersebut.

""Pelaku utama dua orang (sementara). Masih dalam pengembangan ke penadah
(apakah ada pelaku lain),"" katanya.

""Sudah puluhan kali, kurang lebih dalam 1 tahun,"" katanya.

Sebelumnya, polisi menangkap lima pelaku pencurian motor dengan sasaran korban
anak-anak. Pelaku dalam aksinya menuduh korban telah memukul atau bertengkar
dengan adik pelaku.

""Kami berhasil mengamankan pelaku penipuan sepeda motor dengan modus membawa
kabur kendaraan bermotor yang sedang di kendarai oleh para korbannya,"" kata
Kapolres Metro Jakarta Barat Kombes Pol Pasma Royce dalam keterangannya, Kamis
(19/5).

Dua pelaku, ER dan DS, berperan sebagai eksekutor. Sedangkan tiga pelaku
lainnya, STR, PF, dan MR, berperan sebagai penadah.

Pasma mengatakan para pelaku mengincar anak-anak di bawah umur. Korban lalu
dipepet oleh kendaraan pelaku dan diberhentikan.

[Gambas:Video 20detik]

 ",www.detik.com
Polisi Usut Penyebar Hoax 'Perampokan Bersenpi Tewaskan 3 Orang' di Jakbar,"Jumat, 20 Mei  2022 23:14 WIB","\-

Polisi memastikan video viral yang dinarasikan 'perampokan bersenjata api
tewaskan 3 orang' di Citra 6 Kalideres, Jakarta Barat, adalah _hoax_. Polisi
kini mengusut penyebar _hoax_tersebut.

""Jadi ini yang kita lagi cari suara siapa yang bisa mengirim begitu? Karena
alhamdulillah untuk di Citra 6, Kalideres, nggak ada perampokan,"" kata
Kapolsek Kalideres AKP Syafri Wasdar saat dihubungi, Jumat (20/5/2022).

Syafri memastikan isi pesan di video viral tersebut tidak benar. Untuk itu,
penyebar pesan akan diusut karena dianggap meresahkan masyarakat.

""Iya kita akan cari tahu (penyebar pesan) karena ini sangat meresahkan
masyarakat,"" ungkap Syafri.

###

### Viral di Media Sosial

Video yang beredar itu menampilkan gambar sebuah bangunan. Dari seberang
bangunan itu, terdengar suara pemberi pesan yang menyebut terjadinya
perampokan bersenpi tersebut.

""Diinfokan untuk _temen-temen_ di wilayah Citra 6 telah terjadi perampokan
dengan bersenjata api. Tiga orang tewas, _nih_. Di Citra 6 telah terjadi
perampokan senilai Rp 1,5 miliar. Kalau ada di Citra 6 merapat nih,"" kata
perekam video.

Kapolsek Kalideres AKP Syafri Wasdar membantah narasi di video viral tersebut.
Dia menegaskan isi video itu _hoax_ belaka.

""Untuk saat ini aman terkendali. Apa yang diberitakan itu betul-betul murni
_hoax_ ,"" kata Syafri saat dihubungi, Jumat (20/5).

 _Baca di halaman selanjutnya: tidak ada kejadian menonjol di Citra 6
Kalideres._

Selanjutnya __

Halaman

1  2

 ",www.detik.com
"Wanita Jepang Pekerja Proyek MRT Dijambret di Jakbar, 2 Pelaku Ditangkap","Selasa, 14 Jun 2022 10:20 WIB","\-

Polisi mengungkap kasus penjambretan yang menimpa wanita asal Jepang, Satomi
Oki, di kawasan Glodok, Jakarta Barat. Satomi Oki, yang merupakan pekerja
proyek _mass rapid transit_ (MRT), dijambret dua pelaku sepulang bekerja.

""Yang menjadi korban adalah warga negara asing, yaitu warga negara Jepang.
Yang bersangkutan bekerja di MRT dengan nama Satomi Oki,"" kata Kapolres Metro
Jakarta Barat Kombes Pasma Royce saat konferensi pers di Polsek Tambora,
Selasa (14/6/2022).

Pasma mengatakan peristiwa itu terjadi pada Senin (13/6) sekitar pukul 03.00
WIB. Korban dirampok ketika pulang dari bekerja.

""Adapun yang jadi kronologi kejadiannya adalah korban pada 13 Juni 2022 pukul
3, korban baru pulang dari tempat kerja, jam 3 pagi karena kerja lembur di
daerah Glodok,"" ujarnya.

Dia mengatakan polisi mengamankan dua pelaku bernama Nirwana (22) dan Fahrul
(20). Dia menyebut para pelaku _mobile_ mencari sasaran kemudian bertemu
dengan korban.

""Pada saat pulang kerja, si pelaku atas nama Nirwana dan Fahrul ini melakukan
kegiatan mencari sasaran, korban ya. Ketemu dengan Satomi Oki,"" ucapnya.

Salah satu tersangka turun dan menjambret tas korban. Tersangka kemudian
mengayunkan celurit dan melukai korban.

""Tersangka turun dari sepeda motor merebut tas korban, dan tarik-menarik,
sehingga tersangka Fahrul dengan menggunakan celuritnya melukai kepala
korban,"" tutur Pasma.

Sebelumnya diberitakan, seorang perempuan asal Jepang menjadi korban kejahatan
di Tambora, Jakarta Barat. Polisi mengungkapkan korban mengalami luka akibat
kejadian itu.

Kapolsek Tambora Kompol Rosana Albertina Labobar membenarkan adanya WN Jepang
yang menjadi korban kejahatan. Dia mengatakan pihaknya akan menggelar jumpa
pers terkait kejadian tersebut.

""Iya ada (WN Jepang korban pencurian dengan kekerasan), nanti kita rilis ya,""
kata Rosana saat dihubungi , Senin (13/6).

Polwan yang akrab disapa Ocha ini mengatakan korban menderita luka, namun
tidak serius. Kerugian korban yang dilaporkan adalah sebuah ponsel.

""Ada luka, dia luka tapi nggak papa, artinya nggak dirawat. (Kerugiannya) HP,""
katanya.

[Gambas:Video 20detik]

  
  

 ",www.detik.com
4 Fakta Aksi Biadab Abah Sukabumi Perkosa 10 Bocah Berakhir Vonis Mati,"Rabu, 27 Apr 2022 08:00 WIB","\-

Hendi alias Abah Heni pria lanjut usia asal Kabupaten Sukabumi bikin geger
usai ulahnya memperkosa 10 anak terkuak. Perbuatannya itu diganjar hakim
dengan hukuman mati.

Berikut fakta-fakta soal Abah Heni:

### 1\. Divonis Hukuman Mati

Seorang pria di Kabupaten Sukabumi dijatuhi hukuman mati. Pria bernama Hendi
alias Abah Heni dihukum mati usai mencabuli 10 bocah perempuan.

  

Hukuman mati dijatuhkan hakim tinggi pada Pengadilan Tinggi (PT) Bandung dalam
sidang yang digelar pada Selasa (26/4/2022). Dalam sidang tersebut, majelis
hakim yang diketuai oleh Yuli Heryati itu menganulir putusan 15 tahun penjara
yang sebelumnya diketok hakim Pengadilan Negeri (PN) Cibadak Sukabumi.

""Menjatuhkan pidana kepada terdakwa oleh karena itu dengan pidana mati,"" ucap
hakim sebagaimana kutipan amar putusan yang diterima detikJabar.

Putusan itu diambil hakim setelah menerima banding dari jaksa. Dalam perkara
ini, jaksa mengajukan banding atas putusan hakim PN Cibadak Sukabumi yang
menghukum Abah Heni dengan vonis 15 tahun penjara.

""Menerima permintaan banding terdakwa dan jaksa penuntut umum. Memperbaiki
putusan pengadilan negeri Cibadak nomor 449/Pid.Sus/2021 PN Cbd tanggal 10
Maret 2022,"" kata hakim.

Dalam putusannya, hakim menyatakan Abah Heni terbukti bersalah melakukan
tindak pidana pencabulan dengan korban lebih dari satu orang.

""Menyatakan terdakwa Hendi alias Abah Heni tersebut di atas terbukti secara
sah dan meyakinkan bersalah melakukan tindak pidana membujuk anak melakukan
persetubuhan dengannya dan melakukan kekerasan atau membujuk anak untuk
melakukan perbuatan cabul menimbulkan korban lebih dari satu orang yang
mengakibatkan luka berat, terganggu atau hilangnya fungsi alat reproduksi
sebagaimana dakwaan gabungan,"" tutur hakim.

### 2\. Korban Berjumlah 10 Orang

Abah Heni melakukan aksinya itu terhadap bocah perempuan yang notabene
merupakan teman main dari anaknya.

Ada 10 bocah perempuan yang jadi korban kebiadaban Abah Heni. Rata-rata korban
berusia paling muda 5 tahun dan paling tua 11 tahun.

### 3\. Aksi Biadab Dilakukan Sejak 2017

Hendi alias Abah Heni seorang pria di Sukabumi divonis hukuman mati usai
memperkosa 10 bocah perempuan. Aksi biadab pria tersebut dilakukan sejak 2017.

Hal itu terungkap dalam dokumen putusan Pengadilan Negeri (PN) Cibadak yang
diunggah di website Mahkamah Agung (MA). Dalam dokumen tersebut terungkap aksi
biadab yang dilakukan Abah Heni.

""Bahwa terdakwa Hendi alias Abah Heni sejak tahun 2017 dan tahun 2021 atau
setidak-tidaknya dalam tahun 2017 dan 2021 bertempat di rumah terdakwa telah
melakukan kekerasan atau ancaman kekerasan memaksa anak melakukan persetubuhan
dengannya atau dengan orang lain,"" tulis dakwaan sebagaimana tertuang dalam
dokumen putusan PN Cibadak yang dilihat pada Selasa (26/4/2022).

### 4\. Ragam Modus dari Cari Kutu Hingga Jalan-jalan

Pria di Sukabumi divonis hukuman mati oleh hakim usai terbukti memperkosa 10
bocah perempuan. Terungkap modus yang digunakan pria bernama Hendi alias Abah
Heni ini dengan modus mencari kutu.

Hal itu terungkap dalam dokumen putusan Pengadilan Negeri (PN) Cibadak,
Sukabumi yang diunggah di website Mahkamah Agung (MA). Dalam dokumen tersebut
terungkap aneka modus yang dilakukan oleh terdakwa.

Salah satunya terungkap dari perbuatan yang dilakukan terdakwa terhadap salah
satu korban. Disebutkan, perbuatan terhadap korban ini terjadi sekitar tahun
2020. Di mana saat itu, korban sedang bermain dengan anak terdakwa.

""Lalu anak korban bertemu dengan terdakwa di tangga rumah kemudian menarik
tangan anak korban sambil berkata 'kadieu urang siaran heula (sini Abah cariin
kutu dulu)' dengan menyuruh anak korban duduk di atas punggung kaki terdakwa,""
tulis dokumen putusan sebagaimana dilihat detikJabar pada Selasa (26/4/2022).

Setelah itu, terjadilah pencabulan yang dilakukan terdakwa terhadap korban.
Anak korban yang kala itu berusia 11 tahun sempat merasa tak nyaman dan pamit
pulang. Namun terdakwa sempat melarang dengan menarik baju anak korban.

Usai kejadian yang pertama itu, anak korban tersebut berkali-kali dicabuli.
Bahkan sebagaimana dokumen putusan, korban ini enam kali menjadi korban
kebiadaban.

Modus pencarian kutu ini dilakukan terdakwa terhadap enam anak korban.
Terdakwa berulang kali menggunakan modus ini guna memenuhi nafsunya.

Selain modus mencari kutu, terungkap juga modus lainnya. Salah satunya dengan
mengajak korban jalan-jalan menggunakan motor. Modus ini dilakukan kepada dua
korban.

Sementara itu, beberapa korban juga mendapatkan iming-iming uang. Kepada
korbannya, terdakwa mengancam agar tak berbicara kepada siapapun.

 ",www.detik.com
Jabar Hari Ini: Pengungkapan Sabu Rp 29 M-Anggota DPRD Kuningan 'Ngamuk' di Rapat,"Kamis, 07 Apr 2022 22:05 WIB","\-

Beragam peristiwa terjadi di Jawa Barat (Jabar) pada Kamis (7/4/2022). Mulai
dari pengungkapan sabu senilai Rp 29 miliar di Sukabumi hingga aksi anggota
DPRD Kuningan yang gulingkan meja saat rapat.

Berikut rangkuman Jabar hari ini:

### Warga Karawang Beli Mobil Pakai Duit Koin

H Endang (62) warga di Kabupaten Karawang bikin heboh. Ia membeli sebuah mobil
seharga hampir setengah miliar rupiah dengan menggunakan uang koin.

  

H Endang yang merupakan seorang pengusaha jembatan perahu ini mendatangi
sebuah dealer mobil ditemani istrinya dan hanya memakai kemeja bercorak warna
merah serta celana pendek dan memakai topi yang sedikit miring.

Dengan gaya begitu, ia membawa ratusan bungkus uang koin pecahan Rp 500 dengan
mobil bak terbuka.

""Saya ke sini hanya anter istri beli mobil Pajero,"" kata H Endang saat
diwawancarai, Kamis (7/4/2022).

Uang receh yang dibawa H Endang berjumlah Rp 133 juta didapat selama empat
bulan dari penghasilan penyediaan jasa penyebrangan jembatan perahu yang
sempat viral.

""Totalnya itu Rp 133 juta dan sisa kekurangan uangnya paling nanti ada
sebagian pakai uang kertas. Uang receh itu hasil 4 bulan dari jembatan
perahu,"" katanya.

### Polisi Sukabumi Gagalkan Peredaran Sabu Senilai Rp 29 M

Satuan Reserse Narkoba Polres Sukabumi menggagalkan peredaran 24,479 kilogram
narkotika jenis sabu. Total dua orang pelaku diamankan dan satu pelaku lainnya
masih berstatu DPO.

Kapolres Sukabumi AKBP Dedy Darmawansyah mengatakan dua pelaku ditangkap di
Kampung Caringin, Kecamatan Cicurug. Pelaku inisial YS (34) dan YH (23).

""Dua tersangka berstatus sebagai kurir dari pelaku lainnya yang saat ini
berstatus DPO. Narkotika jenis sabu dengan berat 24,479 Kilogram, kalau
dirupiahkan sekitar 29.374.800.000,"" kata Dedy didampingi Wakapolres Sukabumi
Kompol R Bimo Moernanda dan Kasat Narkoba AKP Kusmawan, kepada awak media
Kamis (7/4/2022).

Menurut Dedy, kedua pelaku berperan sebagai kurir dengan modus jual bertemu
langsung. Mereka bergerak berdasarkan pesanan dan Dedy memastikan kedua pelaku
merupakan jaringan besar peredaran sabu di Kabupaten Sukabumi.

""Jadi selama ini sabu-sabu yang beredar di Kabupaten dan Kota Sukabumin
berasal dari mereka sistem bertemu langsung. Bertemu di jalan kemudian
langsung menghilang. Jadi sabu ini rencana akan disebarkan di Sukabumi, Bogor
daerah perbatasan dengan Sukabumi, Bandung, Garut dan Cianjur, masih ada
pengembangan pengendalinya belum ditangkap dan masih ada jaringan lagi lewat
laut masih kami pantau,"" beber Dedy.

Sementara itu, dari barang bukti yang digelar polisi sabu itu sudah berbentuk
kemasan 1 kilogram berjumlah 24 buah dengan rincian 21 dalam kemasan plastik
hijau bertuliskan Refined Chinese Tea dan 3 plastik bening sudah dibuka.

""Yang dua orang ini jaringan dari pemain pengedar gelap jaringan sumatra yang
berada di wilayah Sukabumi. Mereka ditangkap di daerah Cicurug. Mereka dari
Sumatera jalur masuk ke Sukabumi menggunakan jalur darat, Kita melakukan
penyelidikan kurang lebih 3 minggu sebelum mereka melakukan kegiatannya kita
sudah profiling sebelumnya,"" kata Kasat Narkoba AKP Kusmawan.

### Viral Anggota DPRD Kuningan Gulingkan Meja Saat Rapat

Sebuah video yang memperlihatkan aksi seseorang menjungkalkan meja saat rapat
viral di media sosial. Video berdurasi 30 detik itu diunggah oleh akun
Facebook bernama Mas Rio.

Dilihat detikJabar, Kamis (7/4/2022), dalam video itu menampilkan seorang pria
berbaju putih nampak sedang berdebat dengan nada emosi. Hanya beberapa detik
bicara, pria itu langsung menjungkalkan meja yang ada di hadapannya.

Peristiwa itu diduga terjadi pada saat sidang paripurna DPRD Kuningan. Dalam
teks video juga menjelaskan bahwa pria berbaju putih yang menjungkalkan meja
itu adalah Ketua Fraksi Gerindra Bintang bernama Toto Tohari.

""DETIK DETIK KETUA FRAKSI GRINDRA BINTANG MEMBANTING MEJA DI RUANG SIDANG
PARIPURNA,"" dikutip detikJabar dari teks video tersebut.

""PERPOLITIKAN INDONESIA MAKIN KACAU !

Paripurna Perombakan Akd DPRD Kuningan Ricuh , Fraksi Gerindra ""Ngamuk""
Gulingkan Meja kek anak kecil aja 🤦♀️.

Ketua umumnya Prabowo Subianto dulu gebrak meja , eh.. anak buahnya malah
lebih bar-bar,"" tulis akun tersebut dalam captionnya.

Setelah menjungkalkan meja pria yang berbaju putih itu langsung keluar ruangan
dan membuat suasana ruangan menjadi gaduh. ""Tenang-tenang (suara tidak
terdengar) teman-teman,"" ucap suara dalam video yang berusaha menenangkan
suasana.

Viralnya video tersebut membuat warganet turut mengomentari aksi yang
dilakukan oleh pria yang berbaju putih itu. Bahkan salah satu warganet yang
mengomentari video tersebut sampai mengutip kata-kata almarhum Gus Dur, karena
miris melihat aksi tersebut.

""Jadi ingat kata Gus Dur, anggota DPR sama dengan anak2 TK,"" komentar akun Sri
Hidayati.

""Benar kata Guru Bangsa Kyai Gus Dur.. anngota dewan itu sifatnya kayak anak
TK,"" diamini akun Siti Fatimah.

""Memalukan aja kelakuan mereka,"" tulis akun Tribudi Setyarini lanjut
berkomentar.

Saat dikonfirmasi Wakil Ketua DPRD Kuningan sekaligus Ketua DPC partai
Gerindra, Dede Ismail membenarkan peristiwa tersebut.

Menurutnya peristiwa itu terjadi pada Rabu (6/4) kemarin saat DPRD Kuningan
sedang menggelar sidang paripurna pemilihan Alat Kelengkapan Dewan (AKD).

""Iya betul. Pas kemarin,"" kata Dede Ismail dihubungi detikJabar.

### Pembunuh Ibu-Anak di Subang Masih Bebas Berkeliaran

Beragam upaya dilakukan polisi demi mengungkap pembunuh ibu dan anak, Tuti
(55) dan Amalia Mustika Ratu alias Amel (23), warga Kabupaten Subang. Dari
mulai memeriksa saksi hingga menelaah alat bukti yang masing-masing jumlahnya
ratusan.

Upaya itu tak lepas demi bisa mengungkap siapa pembunuh sadis tersebut. Sebab,
sudah tujuh bulan berlalu, pelaku masih bebas berkeliaran.

""Sekitar 216 alat bukti yang kita periksa,"" ucap Kabid Humas Polda Jabar
Kombes Ibrahim Tompo saat dikonfirmasi, Kamis (7/4/2022).

Ibrahim tak menjelaskan terkait alat bukti yang diperiksa tersebut. Akan
tetapi, ratusan alat bukti yang ditelaah itu termasuk 10 TKP yang juga
berkaitan dengan perkara itu turut diperiksa.

""Termasuk 10 TKP yang ada,"" kata dia.

Sementara itu berkaitan dengan saksi, saat ini ada 121 yang juga telah
diperiksa penyidik Polda Jabar. Jumlah saksi kemungkinan bertambah seiring
penyelidikan yang dilakukan oleh polisi.

""Jadi memang kita memeriksa sudah demikian banyak saksi-saksi ya dan masih
terus berlangsung pemeriksaan, sampai sekarang kita sudah periksa 121 saksi,
nanti akan ada proses pemeriksaan saksi tambahan,"" tutur dia.

### Polisi Buru Perampok Madam di Cimahi

Perampokan pada sebuah toko rias, milik Triyanto alias Madam (41) di Cimahi,
diduga dilakukan oleh dua orang. Mereka diduga melakukan perampokan disertai
kekerasan terhadap korban.

Wakapolsek Cimahi Selatan AKP Heru Rustiono mengungkapkan, pihaknya telah
memeriksa sejumlah saksi terkait kasus perampokan di Jalan Kebon Kopi,
Cibeureum, Cimahi Selatan, Kota Cimahi, Selasa (5/4). Selain itu, ada juga
sebuah rekaman CCTV yang memperlihatkan aksi perampok.

""Kami sudah memeriksa sebanyak empat orang saksi serta sebuah rekaman CCTV
yang cukup jelas merekam pelaku ketika masuk dan keluar dari toko tersebut,""
ungkap Heru kepada detikJabar, Kamis (7/4/2022).

Diketahui, kejadian terjadi sekira pukul 3 dini hari. Dari keterangan sejumlah
saksi, korban keluar dari toko sekira pukul 7 pagi.

Masih keterangan saksi, kata Heru, pelaku berjumlah dua orang. Keterangan itu
diperkuat dengan rekaman CCTV yang dimiliki pihak kepolisian.

""Pelaku diperkirakan ada dua orang laki laki, tidak dikenal,"" ungkapnya.

Saat ini pihaknya tengah melakukan penyidikan terkait kasus yang menimpa madam
seorang penata rias. ""Masih dilakukan penyidikan,"" pungkasnya.

 ",www.detik.com
"3 Perampok Viral yang Bikin Polisi 'Tolak Laporan' Ditangkap, 2 Lagi Diburu","Senin, 27 Des 2021 16:29 WIB","\-

Polda Metro Jaya mengungkap kasus perampokan yang menimpa perempuan bernama
Meta Kumalasari di Pulogadung, Jakarta Timur. Total, tiga pelaku berhasil
ditangkap.

""Hasil penyelidikan dan pengungkapan kasus yang dilakukan Polda Metro Jaya
berhasil menangkap tiga orang pelaku. Pelaku sebenarnya ada lima orang, tapi
baru tiga orang yang kita tangkap,"" kata Kabid Humas Polda Metro Jaya Kombes E
Zulpan di Mapolda Metro Jaya, Jakarta, Senin (27/12/2021).

Ketiga pelaku itu berinisial BI (31), AAM (40), dan MW (43). Ketiganya
ditangkap pada Selasa (21/12) dan Rabu (22/12) di daerah Johar Baru, Jakarta
Pusat. Penangkapan dipimpin Kasubdit Jatanras Polda Metro AKBP Awaludin dan
Kasubdit Resmob Polda Metro Jaya AKBP Handik Zusen.

""Mereka pemain lama. Jadi sudah sering beraksi dengan modus seperti ini dan
mereka residivis dua kali dengan kasus sama,"" ujar Zulpan.

Kasus perampokan ini terjadi pada Selasa (7/12) di daerah Pulogadung, Jakarta
Timur. Pelaku saat itu berhasil menggasak tas milik korban yang berisi uang
senilai Rp 7 juta.

Zulpan mengatakan uang Rp 7 juta tersebut kini telah dibawa oleh dua pelaku
inisial MA dan B yang kini masih buron. Para pelaku ini mengaku melancarkan
aksi perampokannya kepada perempuan yang mengemudikan mobil seorang diri.

""Mereka ini mengincar kendaraan roda empat yang khususnya wanita dan sendirian
menyetir mobil. Mereka tidak tunggu di kantor-kantor ban, mereka hanya lihat
saja di jalan, hunting dan lihat kendaraan di dalam itu wanita dan sendiri dan
itu yang jadi target,"" jelas Zulpan.

Lebih lanjut Zulpan mengatakan dua pelaku yang tengah buron kini telah
diketahui keberadaannya. Dia menyebut dalam waktu dekat akan segera menangkap
dua pelaku tersebut.

""Dua orang DPO masih kita lakukan pengejaran. Kita sudah ketahui lokasinya
mudah-mudahan dalam waktu tidak lama kita berhasil tangkap,"" katanya.

Atas perbuatannya, ketiga pelaku ini telah ditahan di Polda Metro Jaya.
Ketiganya dijerat dengan Pasal 363 KUHP dengan ancaman 7 tahun penjara.

 _Simak selengkapnya di halaman selanjutnya._

Selanjutnya __

Halaman

1  2

 ",www.detik.com
Pria di Cipayung Alami Luka Bacok Usai Dibegal 8 Orang,"Minggu, 15 Jul 2018 14:03 WIB","\- Seorang pria mengalami luka bacok cukup parah di bagian tangan dan kakinya.
Diduga pria yang diketahui bernama Farhan Malik (20) tersebut menjadi korban
pembegalan di kawasan Cipayung, Jakarta Timur.  
  
Berdasarkan rekaman video yang beredar di aplikasi WhatsApps, Minggu
(15/7/2018), memperlihatkan seorang pria memakai jaket hitam dan celana
cokelat duduk di samping sepeda motor. Terlihat tangan pria itu dililit kain
oleh temannya yang ada di dekatnya.  
  
""Pembegalan, pembegalan ini di jembatan Tol Jagorawi, Munjul nih. Di bacok
pakai celurit. Ini baru ini,"" kata seorang pria di rekaman video itu.  
  
Diduga pria itu menjadi korban pembegalan di lokasi tersebut. Tampak pria yang
mengenakan jaket hitam itu juga kesusahan untuk berdiri. Sehingga sejumlah
warga lain mencoba menolongnya.  
  

Kapolsek Cipayung Kompol Aswin membenarkan kejadian itu terjadi di kawasan
Munjul, Cipayung. Kejadian itu terjadi pada Minggu dini hari sekitar pukul
00.30 WIB.  
  
  

[Gambas:Video 20detik]

  
  
""Itu penganiayaan yang mengakibatkan orang luka berat,"" kata Kompol Aswin
dikonfirmasi.  
  
Aswin mengatakan korban mengalami luka bacok senjata tajam cukup parah di
bagian kaki dan tangan. Pelakku penyerangan itu diduga berjumlah 8 orang.
Menurut Aswin, polisi masih menyelidiki kasus ini.  
  
""Belum tertangkap (pelaku, red). Mereka diduga berjumlah 8 orang. Kita masih
selidiki. Saksi juga belum ada yang kita periksa korban masih di rumah sakit,""
terang dia.  
  
Dari kejadian itu polisi menyita satu unit sepeda motor milik korban dan satu
buah senjata tajam. Barang bukti diamankan di Polsek Cipayung untuk
penyelidikan lebih lanjut.  

![Pria di Cipayung Alami Luka Bacok Usai Dibegal 8
Orang](https://akcdn.detik.net.id/community/media/visual/2018/07/12/466dd8f7-fb3e-4665-9e7a-68e7f6c68a22.gif?a=1)  
  
---

 ",www.detik.com
"Curi Motor Tetangga, 2 Pemuda di Semarang Dibekuk Polisi","Jumat, 11 Feb 2022 13:51 WIB","\-

Bersama satu temannya, seorang pemuda di Desa Kenteng, Kecamatan Bandungan,
Kabupaten Semarang, nekat menggasak sepeda motor milik tetangganya sendiri.
Beruntung warga sekitar sudah mencurigai pemuda itu lantaran seringnya gonta-
ganti motor.

""Pencurian dengan pemberatan ini dilaporkan oleh Polsek Bandungan Pada 5
Februari 2022, yang mana korban melaporkan kehilangan Honda Beat merah
berpelat nomor H 5921 MI,"" kata Kapolres Semarang AKBP Yovan Fatika di Polres
Semarang, Jumat (11/02/2022).

Yofan mengatakan, dua tersangka pencurian tersebut berinisial MF (19), warga
Kenteng, Bandungan Kabupaten Semarang, dan NG (20), warga Desa Bakalan,
Kecamatan Sawangan, Kabupaten Magelang.

Pencurian itu terjadi pada Rabu (26/1) pagi. Saat itu, korban, S (56), warga
Desa Kenteng, Bandungan, Kabupaten Semarang, mendapati sepeda motornya sudah
raib, sedangkan pintu rumahnya dalam kondisi terbuka.

""Korban melapor motornya hilang waktu subuh. Kemudian, korban melapor ke
Polsek Bandungan,"" ujar Yofan.

Setelah melakukan penyidikan, dan meminta keterangan dari para saksi, polisi
pun menemukan titik terang. Polisi pun menangkap kedua pencurinya.

Tersangka MF yang tinggal di satu desa yang sama dengan korban pun dicurigai.
Sebab, menurut informasi dari warga sekitar, MF dikenal sering gonta-ganti
motor. Setelah mendatangi rumah MF, polisi menemukan sepeda motor dan helm.

MF pun mengakui perbuatannya, kemudian dia dibawa ke Polsek Bandungan guna
melakukan penyidikan lebih lanjut. Kepada polisi, MF mengaku mencuri motor
korban dengan cara merusak pintu rumahnya.

""Pintu rumah dibobol, terus sepeda motor diambil, kuncinya ditaruh di
_dashboard_ ,"" kata tersangka.

Setelah dilakukan penyidikan lebih lanjut, dua tersangka diketahui telah
melakukan dua kali mencuri motor di Dusun Golak, Kecamatan Bandungan, yaitu
Yamaha RX Special Nopol H 5361 GC pada September 2021 dan Honda Beat Nopol H
2187 EL pada Oktober 2021.

Atas perbuatannya, kedua tersangka pasal 363 KUHP tentang tindak pidana
pencurian dengan pemberatan. ""Ancamannya maksimal 7 tahun penjara,"" ujar
Yofan.

##

## Penadah Motor Curian Juga Diciduk

Tak hanya menangkap dua pemuda pelaku pencurian sepeda motor itu, polisi juga
menangkap penadah motor tersebut. Penadah berinisial J (37) itu merupakan
warga Desa Kalongan, Kecamatan Ungaran Timur, Kabupaten Semarang.

""Kita dapatkan seorang penadah barang hasil pencurian, saudara J warga Ungaran
Timur. Terlapor ini bertemu dengan pelaku pencurian dengan maksud transaksi
jual beli sepeda motor hasil pencurian,"" ujar Kapolres Semarang AKBP Yovan
Fatika.

J ditangkap saat membeli motor Honda Beat tahun 2014 itu diposting di akun
Facebook. Motor curian itu pun ditebus seharga Rp 3,7 juta.

""Pas ditanya BPKB-nya ke mana, MF menjawab bahwa BPKB terbakar di rumah
kakaknya. Lalu tersangka membayar Rp. 3.700.000 dan setelah transaksi terlapor
mengirim pesan kepada MF kalau bisa BPKB diurus dan menghubunginya,"" katanya.

Usai serah terima sepeda motor tersebut, pada 5 Februari 2022 tersangka
didatangi oleh petugas Polsek Bandungan. Ternyata motor yang dibeli J milik S
(56) yang hilang di rumahnya.

""Pada tanggal 5 Februari 2022 sekitar pukul 23.00 WIB tersangka dirumah
didatangi oleh petugas Polsek Bandungan dan sepeda motor diserahkan ke
petugas,"" imbuhnya.

Atas perbuatannya melakukan transaksi hasil curian, tersangka dikenakan Pasal
480 KUHP. ""Dengan ancaman pidana 4 tahun penjara,"" tutupnya.

  

  
  
  
[Gambas:Video 20detik]  

 ",www.detik.com
Dishub Turun Tangan Sikapi Bocah SMP Bandung Diperkosa di Angkot,"Kamis, 19 Mei  2022 14:49 WIB","\-

Dinas Perhubungan (Dishub) Kabupaten Bandung Barat (KBB) bakal mengecek
pemilik serta eksistensi angkutan kota (angkot) dipakai memerkosa bocah SMP,
Senin (9/5/2022) lalu.

Sebelumnya, seorang bocah 1t tahun diperkosa oleh Deri Aryanto (32), seorang
sopir angkot jurusan Cijenuk-Cililin. Aksi bejat itu dilakukan Deri di kawasan
Cipongkor, KBB.

Korban diperkosa Deri di dalam angkot yang dikemudikannya pada pukul 23.00
WIB. Korban sempat melakukan perlawanan. Namun apa daya Deri lebih kuat dan
mampu menghempaskan tubuh korban.

  

""Terkait kejadian itu kami akan pastikan dulu terkait eksistensi angkot
tersebut. Kita cek nanti siapa pengusahanya (pemilik), kemudian apakah trayek
masih berlaku atau tidak dan kelengkapan administrasinya,"" ujar Kepala Dinas
Perhubungan Bandung Barat Lukmanul Hakim kepada wartawan, Kamis (19/5/2022).

Selain itu, pihaknya bakal memastikan status sopir yang mengemudikan angkot
tersebut apakah tercantum sebagai sopir resmi yang ditunjuk pengusaha maupun
pemilik angkot atau sopir tembak.

""Untuk sopirnya akan kita cek apakah sopir itu namanya tercantum sebagai sopir
yang dipekerjakan langsung oleh pengusaha atau di luar itu,"" kata Lukmanul.

Jika dari hasil pengecekan didapati ada unsur kelalaian dari pengusaha,
pihaknya bakal menjatuhkan sanksi administrasi kepada yang bersangkutan.

""Pasti akan diterapkan sanksi administrasi. Kita akan koordinasi juga dengan
pihak Organda. Terkait pidana, itu sepenuhnya jadi kewenangan pihak
kepolisian,"" ungkap Lukmanul.

Lukmanul mengakui peristiwa pemerkosaan terhadap siswi SMP di dalam angkot itu
bakal menurunkan kepercayaan masyarakat terhadap angkot yang selama ini sudah
rendah.

""Tentu akan menurunkan _trust_ (kepercayaan) masyarakat. Jadi kita upayakan
supaya _trust_ masyarakat bisa naik lagi untuk menggunakan angkot dengan
menjamin keamanan pengguna,"" ujar Lukmanul.

  
  
  
[Gambas:Video 20detik]  

 ",www.detik.com
3 Pelaku Begal Pria Saat Beli Makan Sahur Anak di Bawah Umur,"Kamis, 28 Apr 2022 11:58 WIB","\-

Polisi berhasil menangkap pelaku begal terhadap seorang pria berinisial WS
(20) saat hendak membeli makanan sahur di Palembang, Sumatera Selatan. Pelaku
berjumlah empat orang, tiga di antaranya ternyata anak di bawah umur.

Kasat Reskrim Polrestabes Palembang, Kompol Tri Wahyudi menyebut identitas
keempat pelaku adalah RN (16), NF (17), MH (17) dan Ismu Hamidi (20).

""Keempat tersangka yang tiga diantaranya masih di bawah umur ditangkap guna
mempertanggung jawabkan perbuatannya,"" kata Tri kepada wartawan, Kamis
(28/4/2022).

  

Dari penangkapan tersebut, polisi menyita empat bilah senjata tajam dan satu
unit mobil Honda Brio warna kuning yang digunakan tersangka saat melakukan
aksinya.

""Para tersangka kini ditahan dan dikenakan perkara tindak pidana percobaan
pencurian dengan kekerasan dan atau pengeroyokan sebagaimana dimaksud dalam
Pasal 365 Jo 53 dan atau 170 KUHPidana,"" jelasnya.

Sebelumnya seorang pria di Palembang, Sumsel WS (20) diduga dibegal saat
hendak membeli makanan untuk sahur. Pria itu dikeroyok dengan senjata tajam
dan disiram air keras.

Informasi yang dihimpun, peristiwa itu terjadi pada Rabu sekitar pukul 03.00
WIB di Jalan Jenderal Sudirman Ilir Timur I, Palembang, tepatnya di dekat
rumah makan cepat saji (RM Sederhana).

Kasat Reskrim Polrestabes Palembang Kompol Tri Wahyudi mengatakan peristiwa
nahas yang dialami Wahyu terjadi ketika dia bersama rekannya RC (19), tengah
berboncengan menggunakan sepeda motor untuk membeli makan sahur.

""Dan sesampainya di TKP (di Jalan Jenderal Sudirman) korban dihadang oleh
rombongan pelaku,"" kata Tri kepada , Kamis (28/4/2022).

Menurut keterangan korban, kata Tri, pelaku yang menganiaya korban ada sekitar
30 orang. Namun, setelah dilakukan penyelidikan pelaku ternyata hanya
berjumlah empat orang.

""Para pelaku menggunakan satu unit mobil jenis Honda Brio warna kuning. Total
semua pelaku yang benar ada empat orang,"" katanya.

  
  
  
[Gambas:Video 20detik]  

 ",www.detik.com
"Ditahan, Pembunuh Dini Nurdiani Terancam Penjara Seumur Hidup!","Minggu, 15 Mei  2022 11:54 WIB","\-

Polisi telah menangkap perempuan berinisial N (24), pembunuh Dini Nurdiani.
Pelaku N kini telah ditahan di Polres Metro Bekasi Kota.

""Iya (ditahan) kemarin sore setelah rilis langsung saya limpahkan karena
berkaitan dengan masa penahanan,"" kata Kapolsek Cengkareng Kompol Ardhie
Demastyo saat dihubungi, Minggu (15/5/2022).

Ardhie menjelaskan penahanan kepada N dilakukan di Polres Metro Bekasi Kota
usai lokasi kejadian berada di Bekasi. Laporan awal yang terdaftar di Polsek
Cengkareng pada kasus itu pun awalnya mengenai orang hilang.

""Ini perkara karena locus kejadian ada di Polres Bekasi Kota kemarin sudah
saya limpahkan ke Polres Bekasi Kota. Jadi karena memang ada LP di saya orang
hilang. Karena kemarin saya bekerja sama dengan Polres Bekasi Kota untuk
melakukan lidik dan kemarin bersama-sama tangkap pelaku di rumahnya,"" ujar
Ardhie.

### Terancam Penjara Seumur Hidup

Sementara itu, Kanit Reskrim Polsek Cengkareng AKP Ali Barokah menambahkan,
pelaku N dikenai Pasal 340 KUHP soal pembunuhan berencana. N terancam penjara
seumur hidup.

(Ancaman penjara) seumur hidup ya seumur hidup, maksimalnya,"" jelas Ali.

Sejauh ini polisi memastikan N melakukan aksi pembunuhan berencana kepada Dini
Nurdiani seorang diri. Perempuan N nekat melakukan aksinya itu setelah
terbakar api cemburu.

""Dia melakukan itu secara sadar. Dia melihat chat di _handphone_ suaminya yang
memperlihatkan ada hubungan (dengan Dini). Di situ dia merasa cemburu dan
akhirnya mempersiapkan rencana itu,"" tutur Ali.

Korban Dini diketahui menjalin hubungan dengan suami N. Terbakar api cemburu,
pelaku N lalu menjebak Dini untuk bertemu pada 26 April 2022.

Hari itu juga N menghabisi nyawa Dini. Jasad Dini ditemukan warga di daerah
Cibubur, Bekasi, pada Minggu (1/5). Sementara pelaku N ditangkap di rumahnya
di Cipayung, Jakarta Timur, pada Jumat (13/5).

[Gambas:Video 20detik]

  
  

 ",www.detik.com
Pelaku Pembegalan Driver Ojol di Surabaya Seorang Residivis,"Rabu, 14 Okt 2020 18:01 WIB","\-

Seorang driver ojol di Surabaya menjadi korban pembegalan penumpangnya
sendiri. Pelaku merupakan seorang residivis.

Pelaku diketahui bernama Achmad (34) warga Sampang, Madura. Pada Senin (12/10)
sekitar pukul 22.58 WIB, ia mencoba merampas motor ojol, Dimas Raka (24) warga
Tengumung Baru Selatan, Kelurahan Pegirian, Kecamatan Semampir, Surabaya.

Kapolsek Genteng AKP Hendry Ferdinand Kennedy mengatakan, awalnya pelaku
memesan ojol dari Waru, Sidoarjo menuju Undaan, Surabaya. Sampai di Jalan
Undaan, pelaku kemudian berusaha merampas motor korban.

""Pada saat kejadian pengendara ojol sempat melawan. Terus kemudian diketahui
oleh warga dan berhasil diamankan,"" kata Kennedy saat rilis di Mapolsek
Genteng, Rabu (14/10/2020).

Kennedy menambahkan, pelaku mengaku sudah dua kali melakukan aksi kejahatan
seperti itu. Pelaku juga pernah ditahan di Polrestabes Surabaya terkait
pencurian motor.

""Dari hasil pemeriksaan, pelaku merupakan seorang residivis. Pelaku juga sudah
mengakui melakukan pencurian dengan kekerasan baru dua kali,"" lanjut Kennedy.

Kennedy juga menjelaskan, pelaku sudah merencanakan aksinya. Ia beraksi
sendirian.

Selanjutnya __

Halaman

1  2

 ",www.detik.com
Ayah-Anak Bobol Rumah Kosong di Barito Kuala Ditangkap,"Kamis, 10 Mar 2022 12:04 WIB","\-

Ayah dan anak inisial AB (45) dan FG (26) di Barito Kuala, Kalimantan Selatan
(Kalsel) diringkus polisi usai melakukan perampokan. Keduanya membobol sebuah
rumah kontrakan saat ditinggal pemiliknya.

""Kedua pelaku kami amankan tanpa memberikan perlawanan,"" ujar Kapolsek Alalak,
Barito Kuala, Iptu M Suhansyah Eko kepada wartawan, Kamis (10/3/2022).

Kedua pelaku diamankan di kediamannya pada Selasa (8/3/2022) malam. ""Ternyata
kedua pelaku ini bapak dan anak,"" kata Suhansyah.

  

Menurut Suhansyah, kedua pelaku membobol rumah warga bernama Gisna Saufita di
wilayah Komplek Cinta Mulia, Kecamatan Alalak, pada Rabu (2/3). Akibat
kejadian ini korban kehilangan satu unit laptop Dell warna hitam dan handphone
merek iPhone 8 Plus warna putih dengan nilai kerugian Rp 12,3 juta.

""Pada saat diamankan keduanya mengaku telah melakukan pencurian di beberapa
tempat, seperti Komplek Cinta Mulia dan Jalan Trans Kalimantan Handil Bakti
Kompleks Perumahan Griya Annisa Permai,"" sebutnya.

Setelah dilakukan pengembangan, polisi kembali meringkus 1 orang sebagai
penadah barang curian berinisial AR. Pria ini pun diciduk petugas bersama
barang bukti satu unit laptop merek Dell warna hitam dan satu lembar nota
pembelian laptop seharga Rp 1,2 juta.

Ketiga pelaku langsung digelandang ke Polsek Alalak untuk menjalani
pemeriksaan lebih lanjut.

  
  
  
[Gambas:Video 20detik]  

 ",www.detik.com
Maling di Pasuruan Ini Hanya Butuh 40 Detik Bawa Kabur Motor,"Selasa, 25 Jan 2022 12:39 WIB","\-

Aksi pencurian motor di Pasuruan kembali marak terjadi. Kali ini pencurian
terjadi di depan minimarket di Desa Kedawung Wetan, Kecamatan Grati, Pasuruan.

Pencurian ini sempat terekam CCTV. Pelaku diketahui ada dua orang. Mereka
datang ke lokasi dengan mengendarai sebuah motor Honda Scoopy warna merah
datang ke parkir toko.

Dalam rekaman CCTV, pelaku hanya membutuhkan waktu 40 detik untuk menggasak
motor yang terparkir di depan minimarket. Motor yang digasak pelaku yakni
jenis Honda BeAT warna hitam nopol N 2040 XS.

Kapolsek Grati AKP Wilang Langsung mengatakan pihaknya telah memeriksa rekaman
CCTV. Hasilnya diketahui para pelaku ternyata menggunakan motor dengan pelat
palsu.

Lokasi pencurian diketahui berada di minimarket Basmallah di Dusun Betotot,
Desa Kedawung Wetan.

""Berdasarkan penyelidikan, pelat nomor yang dipakai pelaku palsu,"" kata
Wilang, Selasa (25/1/2022).

Pihaknya saat ini, lanjut Wilang, tengah melakukan penyelidikan kasus
pencurian itu. Sejumlah saksi dan rekaman CCTV masih digali lebih lebih lanjut
untuk menjadi petunjuk mengenali ciri pelaku.

  
  
  
[Gambas:Video 20detik]  

 ",www.detik.com
Ini Peran Wanita Muda di Balik Aksi Perampok Mobil Rental di Sukabumi,"Senin, 25 Apr 2022 20:45 WIB","\-

Perempuan inisial RS (24) tampak tertunduk saat kamera awak media mencoba
mengambil gambar wajahnya. Kedua tangannya saling bertautan di belakang
punggung terikat borgol. Menurut polisi perempuan muda itu adalah salah satu
pelaku utama dalam komplotan sindikat penggasak mobil rental.

Peranan RS dalam aksi perampokan atau pencurian dengan kekerasan itu adalah
sebagai penyewa mobil rental. Berperan sebagai umpan, RS berkoordinasi dengan
komplotannya yang kemudian menggasak mobil saat sopir lengah. Dalam
menjalankan aksinya, kawanan RS juga tidak segan melakukan kekerasan kepada
para sopir mobil rental tersebut.

""Pencurian dengan kekerasan (Curas) di beberapa Tempat Kejadian Perkara (TKP),
dengan modus memesan mobil rental kemudian di titik yang sepi mereka
memperdaya sopir rental tersebut, kalau dia (sopir) dalam kondisi lengah mobil
dilarikan pelaku, kalau sopir masih sadar dengan curas,"" kata Kasat Reskrim
Polres Sukabumi AKP I Putu Asti Hermawan kepada , Senin (25/4/2022).

  

Asti menjelaskan peranan RS cukup sentral dalam perjalanan kasus tersebut,
bahkan ia mengatakan RS adalah salah satu pelaku utama dalam rangkaian
sindikat tersebut.

""Pelaku 11 orang, mereka ini sindikat, peranannya berbeda. Sopirnya di suruh
istirahat, kalau dia masih terjaga disikat di jalan, dibekap. Ada dua kejadian
(dengan kekerasan), sisanya dibikin lengah, pesan kamar dua. Saat sopir masuk
kamar pelaku pinjam kunci lalu dibawa kabur,"" ungkap Asti.

""RS ini adalah salah satu pelaku utama yang memesan beberapa unit mobil rental
dijanjikan dititik bersangkutan, sopir istirahat di hotel, dalih meminjam
mobil lalu diambil. Curas dan tipu gelap. 10 TKP, 5 TKP di Polres Sukabumi,""
sambungnya menambahkan.

### Dapat Komisi Rp 5 Juta

Di depan awak media, Kapolres Sukabumi AKBP Dedy Darmawansyah sempat menanyai
RS soal keterlibatan aksinya. RS mengatakan bahwa ia sudah melakukan aksi
serupa sebanyak 5 sampai 6 kali.

""Yang memesan mobil rental ya,"" kata Dedy kepada RS yang langsung dijawab RS
dengan menganggukan kepala.

""Iya sebagian saya,"" jawab RS.

""Bagaimana ceritanya, kok bisa menyewa mobil rental kemudian diserahkan ke
orang lain,"" tanya Dedy lagi.

""Bagian saya untuk memesan mobil rentalnya saja, sebagian tidak semua sebagian
saya yang pesan,"" jawab RS.

Saat tanya jawab itu, RS juga mengungkap besaran komisi yang diterimanya usai
menjalankan aksi sebagai umpan kepada pemilik mobil rental. ""Lima juta sekali
melakukan aksi untuk dapat satu mobil. Saya melakukan itu antara 5 sampai 6
kali,"" jawab RS.

 ",www.detik.com
"Kasus Cinta Segitiga Maut, Polisi Punya Bukti Perselingkuhan Suami Neneng","Jumat, 20 Mei  2022 08:27 WIB","\-

Cinta segitiga melatari pembunuhan Dini Nurdiani (26) oleh tersangka Neneng
Umaya (24). Neneng tega menghabisi nyawa Dini Nurdiani lantaran suaminya, ID
(27) menjalin hubungan dengan korban.

Kabid Humas Polda Metro Jaya Kombes Endra Zulpan mengatakan suami Neneng, ID
juga telah mengakui adanya hubungan asmara dengan korban yang kemudian memicu
Neneng untuk mengambil jalan pintas membunuh korban.

""Hasil pemeriksaan terhadap suami tersangka, yang bersangkutan mengakui
hubungan gelap itu,"" kata Zulpan, Jumat (20/5/2022).

Zulpan menambahkan polisi memiliki bukti perselingkuhan ID dengan korban yang
melatarbelakangi pembunuhan oleh tersanga Neneng ini.

""Karena rekam jejak di medsos sudah dimiliki penyidik dan itu yang
melatarbelakangi kecemburuan istri, dia sakit hati, cemburu,"" ujarnya.

### Tersangka Pernah Ingatkan Korban

Neneng membongkar perselingkuhan suaminya dengan Dini Nurdiani setelah melihat
isi chat keduanya yang merencanakan menceraikan Neneng. Neneng mengaku pernah
mengingatkan Dini untuk menjauhi suaminya, tetapi tidak digubris.

""Setelah mendapat percakapan di handphone suaminya, tersangka sudah berikan
peringatan ke korban, menurut pengakuannya,"" kata Zulpan.

Tetapi setelah itu korban masih berhubungan dengan ID. Neneng pun murka hingga
merencanakan pembunuhan tersebut.

""Namun hubungan korban dan suaminya masih berlanjut. Inilah yang buat
tersangka melakukan perencanaan pembunuhan korban,"" tuturnya.

Saat ini Neneng Umaya sudah ditetapkan sebagai tersangka dan ditahan di Polres
Metro Bekasi Kota atas kasus pembunuhan berencana. Akibat perbuatannya, Neneng
dijerat Pasal 340 sub 338 KUHP, dengan ancaman pidana 20 tahun penjara.

[Gambas:Video 20detik]

Baca di halaman selanjutnya: perselingkuhan pasangan bisa dilaporkan ke
polisi.

Selanjutnya __

Halaman

1  2

 ",www.detik.com
Pria di Gowa Perkosa Putrinya hingga Hamil 7 Bulan Sempat Ancam Korban,"Senin, 25 Apr 2022 19:06 WIB","\-

Pria inisial AS (44) di Kabupaten Gowa, Sulawesi Selatan (Sulsel) ditangkap
polisi atas kasus pemerkosaan putri kandungnya hingga hamil 7 bulan. Pelaku
sempat mengancam korban akan menceraikan ibunya jika berani buka mulut.

""Saat malam hari pelaku masuk ke kamar korban, lalu memaksa korban untuk
disetubuhi (diperkosa) dengan mengancam bahwa apabila tidak dituruti maka
pelaku akan meninggalkan (menceraikan) ibu korban,"" kata Kasubag Humas Polres
Gowa AKP Hasan Fadhlyh dalam keterangannya, Senin (25/4/2022).

Fadhlyh mengatakan, pelaku kerap menggunakan modus serupa. Korban akhirnya
diperkosa berulang kali oleh pelaku.

  

""Setelah melakukan ancaman (akan menceraikan ibu korban) pelaku memperkosa
korban,"" katanya.

Pemerkosaan pertama kali terjadi saat pelaku dan korban masih berdomisili di
Kabupaten Bone pada tahun 2016. Saat itu tanpa basa-basi pelaku memperkosa
korban.

Ulah bejat pelaku berlanjut saat keluarga korban pindah tempat tinggal ke
Kabupaten Gowa dan saat itu korban masih tinggal serumah dengan pelaku. Pelaku
tak segan-segan menggunakan kekerasan jika korban menolak.

""Jadi pascaberpindah tempat tinggal, kembali terjadi pemerkosaan yang
dilakukan pelaku terhadap korban dengan cara dipaksa dan kembali diancam akan
dipukul apabila pelaku tidak dilayani,"" kata Hasan.

""Dan hal tersebut terjadi berulang kali setiap pelaku hendak memenuhi hasrat
birahinya. Pada bulan September 2021, di mana untuk terakhir kalinya pelaku
memaksa korban melakukan hubungan badan,"" sambungnya.

Sebelumnya diberitakan, korban yang sudah berusia 18 tahun kini sedang hamil
tujuh bulan. Akibatnya kasus pemerkosaan tersebut terbongkar.

""(Korban hamil) 7 bulan,"" kata Kasat Reskrim Polres Gowa AKP Boby Rachman saat
dimintai konfirmasi terpisah.

Menurut Boby, korban curiga sehubungan dengan datang bulan tidak seperti
bulan-bulan sebelumnya. Hingga pada bulan Desember 2021 datang bulan korban
cuma 3 hari.

""Selanjutnya pada tanggal 10 April 2022, korban menyampaikan kepada sepupu
korban bahwa sudah beberapa bulan tidak datang bulan dan perut korban
diperiksa (dan hamil),"" ungkapnya.

Akibat ulah biadabnya, pelaku dijerat UU Nomor 23 Tahun 2002 tentang
perlindungan anak. Pelaku kini sudah ditahan di Polres Gowa.

  
  
  
[Gambas:Video 20detik]  

 ",www.detik.com
Polisi Ungkap Motif Pembunuhan Sadis ABG di Kebumen,"Kamis, 19 Mei  2022 19:30 WIB","\-

Polisi mengungkap motif pembunuhan sadis gadis ABG berusia 14 tahun di Desa
Kaliputih, Kebumen. Pelaku berinisial RK (17) diduga membunuh korban gegara
sering dimaki korban.

""Alasan pelaku karena korban sering berkata kasar, _sengak_ begitu,"" kata
Direktur Reskrimum Polda Jateng Kombes Djuhandhani Rahardjo Puro dikutip dari
detikJateng, Kamis (19/5/2022).

Pelaku dan korban diketahui menjalin hubungan pacaran. Kemudian pelaku dan
korban, bersama satu temannya, bertemu di Waduk Wadaslintang dan menuju Desa
Ketekan pada Jumat (13/5). Di tengah perjalanan, pelaku dan korban sempat
mencari tempat untuk berduaan.

Temannya yang sempat menunggu kemudian pergi. Saat berduaan itulah RK
menghabisi nyawa korban dengan menjerat leher korban kemudian memukuli dan
menendang berkali-kali hingga tewas.

Setelah menghabisi korban, pelaku membawa ponsel dan motor korban. Setelah
itu, pelaku menjual ponsel tersebut.

"" _Handphone_ korban dibawa pelaku kemudian dijual. Untuk motor yang dipakai
itu motor korban. Dibawa, dipreteli sama pelaku,"" ucapnya.

 _Simak berita selengkapnyadi sini._

[Gambas:Video 20detik]

  
  

 ",www.detik.com
Pencuri Sesari di Pura Indrakila Ternyata Anak Anak,"Senin, 18 Apr 2022 11:04 WIB","\-

Polisi akhirnya berhasil mengungkap kasus pencurian sesari (uang amal) di Pura
Indrakila, Desa Dausa, Kecamatan Kintamani, Kabupaten Bangli, pada 11 Oktober
2021 lalu. Pelakunya ternyata GA, warga desa setempat yang masih tergolong
anak anak.

GA yang masih berusia 17 tahun ditangkap di rumahnya oleh pihak Polres Bangli
yang tergabung dalam Satuan Tugas (Satgas) Operasi Sikat Agung 2022. Di mata
hukum Indonesia, usia di bawah 18 tahun masih digolongkan sebagai anak anak.

""Tim Satgas Operasi Sikat Agung telah mengungkap pelaku tindak pidana
pencurian uang sesari yang terjadi di pura Indra Kila, Desa Dausa kintamani
Bangli,"" kata Kasatreskrim Polres Bangli AKP Androyuan Elim dalam keterangan
tertulis kepada detikBali, Senin (18/4/2022).

  

GA mencuri sesari yang diletakkan di dalam kotak. Pengempon Pura Indrakila
kepada polisi melaporkan bahwa uang sesari yang dicuri yakni sebesar Rp 3
juta.

""Dari keterangan pelapor I Putu Suraputra selaku pengempon Pura Indrakila,
sesari yang tersimpan dalam kotak sesari yang berhasil dibawa pelaku sejumlah
Rp 3 juta,"" terang Androyuan.

Dari laporan pengempon Pura Indrakila, polisi kemudian melakukan penyelidikan
dan menginterogasi beberapa saksi. Akhirnya didapatkan informasi dari seorang
saksi yang melihat terduga pelaku keluar dari areal Pura Indrakila. Dari
informasi tersebut, tim kemudian bergerak untuk mengetahui identitas terduga
pelaku.

Tim kemudian mendapatkan identitas yang bersangkutan dan langsung bergerak
cepat menemukan pelaku yang berada di rumahnya. GA yang juga pemuda dari desa
setempat itu mengakui bahwa dirinya sebagai pelaku yang mengambil uang sesari
di areal Pura Indrakila. Pelaku masuk ke areal Pura Indrakila dengan melompat
tembok.

Setelah berhasil masuk ke areal Pura Indrakila, pelaku lalu merusak kunci
gembok kotak sesari menggunakan obeng. Kini GA telah berhasil ditangkap. Usai
ditangkap, pelaku dan barang bukti diamankan ke Polres Bangli.

""Untuk pelaku dan barang bukti kami amankan di Kantor Satreskrim Polres Bangli
guna proses pengembangan dan penyidikan lebih lanjut,"" ungkap Androyuan.

Atas perbuatannya, pelaku dikenakan Pasal 363 Kitab Undang-Undang Hukum Pidana
(KUHP) dengan ancaman hukuman pidana paling lama 7 tahun penjara.

  
  
  
[Gambas:Video 20detik]  

 ",www.detik.com
Dua Pembegal Amaq Sinta Terancam 12 Tahun Penjara,"Selasa, 19 Apr 2022 14:00 WIB","\-

Kasus korban begal jadi tersangka di Nusa Tenggara Barat (NTB) yang sempat
jadi sorotan, kini telah rampung. Polda NTB mendapat apresiasi karena telah
menghentikan penyidikan atas Amaq Sinta, korban pembegalan yang sempat
dijadikan tersangka pembunuhan karena membunuh dua diantara 4 begal yang
menyerangnya.

Kepolisian kini fokus pada proses hukum dua pelaku begal yang selamat, Wahid
dan Holidi. Keduanya kini terancam hukuman 12 tahun penjara atas upaya
pembegalan yang dilakukan terhadap Murtade alias Amaq Sinta.

""Pelaku terancam dijerat dengan Pasal 365 KUHP dengan ancaman 12 tahun
penjara,"" kata Kabid Humas Polda NTB, Kombes Artanto dalam keterangannya
Selasa (19/4/2022).

  

Kepada polisi, keduanya mengakui hendak melakukan pencurian dengan kekerasan
atau begal bersama dua orang rekannya yang meninggal. Baik Wahid maupun Holidi
telah ditahan polisi sejak awal kasus ini karena pengakuan mereka.

Meski kesaksian mereka juga sempat dijadikan dasar oleh Kepolisian Resor
Lombok Tengah untuk menetapkan Amaq Sinta sebagai tersangka pembunuhan
terhadap dua rekan mereka.

Direktur Reserse Kriminal Umum Polda NTB Kombes Hari Brata mengatakan,
berdasarkan keterangan saksi yang termasuk dua orang tersangka yang selamat,
mereka telah merencanakan aksi pembegalan ketika sedang minum minuman keras di
sebuah pasar di Praya Timur, Lombok Tengah.

""Kita sudah mintai keterangan 5 orang saksi, termasuk korban Amaq Sinta, dan
sebagian lagi saksi yang mengetahui rencana mereka di tempat minum tuak,"" ujar
Hari Brata. Fakta itu juga diungkapkan oleh tersangka Wahid kepada polisi.
Keempatnya merencanakan aksi mereka saat berada di Pasar Beleka.

Diberitakan sebelumnya, seorang pria NTB, Amaq Sinta, seorang korban begal
dijerat pasal pembunuhan karena melawan empat begal yang menyerangnya. Dua
dari empat begal tersebut tewas di tangan Amaq Sinta. Amaq Sinta sendiri
sempat ditahan beberapa hari di Mapolres Lombok Tengah, sebelum penahanannya
ditangguhkan. Kasus korban begal menjadi tersangka ini menjadi sorotan publik.

Pengungkapan kasus ini bermula dari penemuan mayat dua pria bersimbah darah di
Lombok Tengah Senin (11/4/2022) dinihari. Belakangan diketahui bahwa kedua
pria adalah pelaku begal yang dibunuh oleh korbannya.

Korban pembegalan itu, Amaq Sinta, justru dijadikan tersangka atas kasus
pembunuhan akibat aksi bela diri yang dia lakukan menyebabkan dua begal tewas.
Dua orang begal lainnya yang kabur dari Amaq Sinta, kini ditahan polisi atas
sangkaan pasal pencurian dengan kekerasan. Kedua begal itu juga menjadi saksi
memberatkan untuk Amaq Sinta yang justru dijerat pasal pembunuhan.

  
  
  
[Gambas:Video 20detik]  

 ",www.detik.com
"Melawan Saat Dibegal, Mahasiswa Unesa Dibacok 2 Kali dan Motor Sport Raib","Kamis, 26 Nov 2020 16:56 WIB","\-

Mahasiswa Universitas Negeri Surabaya (Unesa) dibegal di Kota Probolinggo saat
berangkat dari Lumajang. Ia dua kali dibacok sebelum motor sport-nya diambil.

Aksi pembegalan itu terjadi pagi tadi di Jalur Lingkar Selatan sekitar pukul
05.15 WIB. Tepatnya di jembatan Desa Kedung Galeng, Kecamatan Wonoasih.

Korban yakni Dwi Subekti Wicaksono (20), warga Desa Tempeh Lor, Kecamatan
Tempeh, Lumajang. Ia mengalami luka bacok di bagian punggung sebelah kiri dan
pundak sebelah kanan. Saat ini ia dirawat intensif di IGD RSUD dr Mochamad
Saleh, Kota Probolinggo.

Kronologinya, korban hendak berangkat ke kampus di Surabaya. Dari Lumajang
korban membonceng teman perempuannya. Sampai jembatan tersebut, korban
diberhentikan dua pelaku yang membawa celurit. Pelaku meminta paksa motor
sport milik korban.

Karena korban melawan, salah seorang pelaku menyabetkan celurit ke tubuh
korban, lalu membawa kabur motor sport beropol N 4285 YAF warna oranye itu.
Menurut Dwi, saat kejadian kondisi di TKP sepi.

[Gambas:Video 20detik]

Selanjutnya __

Halaman

1  2

 ",www.detik.com
"Pembunuhan Pria di Tangerang, Pelaku-Korban Sempat Tonton Film Porno","Kamis, 02 Jun 2022 18:41 WIB","\-

Dua pelaku pembunuhan pria berinisial S (60), yang jasadnya ditemukan dalam
karung di Legok, Tangerang, telah ditangkap. Pelaku diketahui sempat menonton
film porno bersama korban sebelum membunuhnya.

Tindakan pembunuhan itu terjadi pada Minggu (29/5) malam. Korban awalnya
mengajak pelaku SY (35) dan MYM (18) datang ke rumahnya untuk menonton film
porno.

""Saat kejadian, MYM dan SY berkumpul di rumah korban pukul 20.30 WIB nonton
bersama menonton video porno yang berasal dari _handphone_ pelaku SY,"" kata
Kabid Humas Polda Metro Jaya Kombes E Zulpan di Mapolda Metro Jaya, Jakarta,
Kamis (2/6/2022).

Di tengah kegiatan itu, korban lalu menyampaikan perkataan yang dianggap
melecehkan keluarga pelaku SY. Saat itu korban menyebut ingin meniduri kakak
perempuan SY.

""Kalimat ini bisa disampaikan korban meminta pelaku untuk kiranya menawarkan
ke kakak korban, 'mau nggak Rp 300 ribu' (untuk) dipakai pelaku,"" ungkap
Zulpan.

Perkataan korban memancing amarah pelaku SY. Tanpa pikir panjang, SY lalu
memukul korban dengan menggunakan kapak di lokasi hingga menyebabkan korban
meninggal dunia.

### Korban Dibuang ke Sungai

Usai membunuh korban, pelaku SY lalu mengajak rekannya berinisial MYM membuang
jasad korban. Tubuh korban lalu dibawa menggunakan mobilnya oleh pelaku ke
tempat pembuangan.

""Memang betul mobil korban dibawa tersangka. Mobil itu digunakan untuk membawa
korban dan dijual lagi ke Pandeglang,"" kata Kanit 2 Subdit 3 Ditreskrimum
Polda Metro Jaya Kompol Maulana Mukarom.

 _Baca selengkapnya di halaman selanjutnya._

[Gambas:Video 20detik]

  
  

Selanjutnya __

Halaman

1  2

 ",www.detik.com
Polisi Ultimatum Begal Payudara di Taman Sempur: Pasti Kami Tangkap!,"Jumat, 01 Apr 2022 13:37 WIB","\-

Begal payudara terhadap sisiwi SMA yang beraksi di Taman Sempur, Kecamatan
Bogor Tengah, Kota Bogor, masih bebas berkeliaran. Polisi mengultimatum pelaku
dan memastikan akan menangkapnya.

""Yang pelaku (begal payudara) di Sempur sedang kami lakukan pemburuan terhadap
pelakunya,"" kata Kapolresta Bogor Kota Kombes Susatyo Purnomo Condro dalam
jumpa pers di Alun-alun Kota Bogor, Jumat (1/4/2022).

Susatyo menegaskan, akan terus memburu pelaku. Ia memastikan pelaku pelecehan
seksual akan ditahan setelah berhasil ditangkap nanti.  
  
""Kemudian yang meresahkan beberapa waktu kemarin, maraknya begal payudara atau
perbuatan asusila, ini saya pastikan ditahan,"" tegasnya.

Susatyo juga memastikan memberikan perlindungan terhadap para wanita agar
beraktivitas dengan nyaman ketika berada di luar rumah.

""Kami melindungi para wanita untuk bisa nyaman di jalan raya, nyaman
berkegiatan, dan untuk pelaku-pelaku ini adalah akan kami lakukan
penangkapan,"" kata Susatyo.

Ia kembali memperingatkan pelaku. Ia tegaskan akan menangkap pelaku cepat atau
lambat.

""Jadi jangan coba-coba lagi untuk melakukan perbuatan asusila kepada wanita di
Kota Bogor, pasti akan kami tangkap,"" tambah Susatyo menegaskan.

Diberitakan sebelumnya, seorang siswi SMA di Kota Bogor menjadi korban begal
payudara saat melintas di Taman Sempur, Kota Bogor. Pelaku diduga adalah laki-
laki yang menggunakan motor jenis matik.

Petugas parkir di Taman Sempur bernama Asep mengatakan peristiwa tersebut
terjadi sekitar pukul 17.30 WIB pada Rabu (23/3/2022). Saat itu korban tengah
melintas di Taman Sempur. Di lokasi kejadian, korban yang mengendarai motor
berpapasan dengan pemotor pria dan langsung menyentuh payudaranya.

""Jadi pas lewat sana (menunjuk lokasi kejadian), korban papasan sama pelaku,
pelaku naik motor matik, terus itu pelaku langsung pegang itu, payudara
korban,"" kata Asep saat ditemui di Taman Sempur, Kota Bogor beberapa waktu
lalu.

 ",www.detik.com
"Viral Anjing di Minut Dicuri, Pemilik Buat Sayembara Hadiah Rp 10 Juta","Minggu, 01 Mei  2022 01:30 WIB","\-

Viral di media sosial (medsos) aksi pencurian di Minahasa Utara (Minut),
Sulawesi Utara (Sulut), terekam kamera CCTV saat mencuri seekor anjing yang
berada di depan rumah. Pemilik anjing tersebut kini membuat sayembara
berhadiah Rp 10 juta bagi siapa saja yang bisa memberi informasi valid terkait
identitas pelaku.

Dalam video yang beredar, tampak satu unit mobil berwarna hitam dengan
kursinya berwarna merah berhenti di depan rumah. Kemudian terlihat seorang
pria yang keluar dari mobil tersebut.

Tampak pria itu menggunakan hoodie berwarna hitam dengan celana jeans pendek
menghampiri anjing yang ada di depan rumah. Tak berselang lama, pria itu
lantas menangkap anjing itu dan membawanya ke dalam mobil.

  

Belakangan diketahui, kasus pencurian anjing itu terjadi pada hari Jumat
(29/4), sekitar pukul 07.45 Wita. Peristiwa tersebut terjadi di Desa Treman
Kecamatan Kauditan, Kabupaten Minahasa Utara (Minut), Sulut.

Pemilik anjing bernama Hendrik Kawilarang Luntungan (46) lantas membuat
sayembara. Dia bakal memberikan imbalan sebesar Rp 10 juta bagi siapa saja
yang mengungkap identitas pelaku.

""Supaya cepat dapat informasi siapa yang dapat kan. Kalau kita (saya) cuma
apa, biar dibantu masyarakat,"" kata Hendrik saat dikonfirmasi , Sabtu
(30/4/2022).

Hendrik juga mengaku bakal memanfaatkan perkembangan teknologi untuk
menelusuri identitas pelaku. Karena dengan adanya media sosial (medsos), maka
bisa memudahkan untuk menemukan pelaku.  
  
""Supaya cepat dapat informasi siapa yang dapat kan. Kalau kita (saya) cuma apa
biar dibantu masyarakat. Sekarang kan sudah zamannya media sosial, pasti
cepatlah dapat informasi,"" kata dia.

Hendrik menuturkan saat ini sudah ada beberapa orang yang menghubunginya
memberitahukan keberadaan atau identitas pelaku. Hanya saja dia menyerahkan
sepenuhnya kepada pihak kepolisian untuk mengusut tuntas kasus tersebut.

""Sekarang saja sudah banyak yang kasih informasi, dan ini bukan masalah
uangnya, kalau anjingnya kan nggak seberapa. Anjing berapa sih harga anjing,
yang penting kalau saya sih sudah menyangkut berani mencuri di depan rumah
saya,"" sebut dia.

Dia mengatakan sayembara itu bukan persoalan uang. Namun karena anjing
miliknya itu merupakan hewan kesayangannya.

""Itu anjing kesayangan keluarga, sudah bukan masalah uangnya, selain itu juga
biar ada efek jera biar ketangkap itu orang. Dia kan pasti sudah sering
merugikan orang lain kan,"" pungkasnya.

  
  
  
[Gambas:Video 20detik]  

 ",www.detik.com
"Emak-emak di Garut Divonis 9 Bulan Bui Buntut Prank Rp 1,3 M Raib Dibegal","Selasa, 29 Mar 2022 12:48 WIB","\-

Majelis hakim menjatuhkan vonis 9 bulan bui untuk Ineu Siti Nurjanah (31),
emak-emak asal Garut yang sempat bikin geger karena mengaku dibegal dan
kehilangan uang Rp 1,3 miliar. Vonis ini lebih ringan dari tuntutan jaksa
penuntut umum.

Dilansir detikJabar, sidang digelar secara daring pada Senin (28/3/2022)
kemarin. Ineu dinyatakan terbukti bersalah merekayasa kejadian begal yang
menimpanya.

""Majelis hakim menjatuhkan vonis untuk Ineu ini 9 bulan penjara,"" kata Kasi
Pidana Umum Kejari Garut Ariyanto, kepada wartawan, Selasa (29/3/2022) pagi.

Ineu divonis melanggar Pasal 220 KUHP tentang Laporan Palsu Jo Pasal 55 KUHP.
Vonis yang dijatuhkan majelis hakim sendiri diketahui lebih rendah dibanding
tuntutan jaksa yang menginginkannya dibui 11 bulan penjara.

""Sebelumnya JPU kami menuntut 11 bulan penjara,"" katanya.

Kasus Ineu yang ngaku dibegal dan kehilangan uang Rp 1,3 miliar ini sempat
menghebohkan warga Garut sekitar Oktober 2021.

Baca selengkapnya di sini.

[Gambas:Video 20detik]

  
  

 ",www.detik.com
Maling Motor Parlente di Pasuruan Gondol Motor Matik Pemilik Klinik,"Selasa, 15 Mar 2022 03:06 WIB","\-

Maling perlente beraksi di sebuah klinik bersalin di Kota Pasuruan. Pelaku
yang tampil necis itu berhasil menggondol motor matik milik pemilik klinik.

Pencurian itu terekam melalui CCTV klinik bersalin di Kelurahan Pohjentrek,
Kecamatan Purworejo, Kota Pasuruan. Dari video itu, terlihat pelaku mencuri
motor Honda Scoopy berwarna putih.

Salah satu tukang bangunan yang ada di lokasi, Ali Subhan mengatakan bahwa
dirinya tidak mengira kedua orang itu pencuri. Sebab, pelaku berpakaian rapi.

""Orangnya rapi. Saya kira tamu. Gerak-geriknya juga tidak mencurigakan,"" kata
Subhan, kepada , Senin (14/3/2022).

Aksi pencurian itu dilakukan Minggu (13/3/2022) pukul 10.00 WIB. Kronologinya
diawali dengan 2 pria yang datang ke klinik menggunakan motor Honda BeAT warna
hitam.

Seorang pelaku memakai kemeja putih dan tas dada dan pelaku lainnya memakai
jaket merah. Keduanya memakai helm berwarna merah dan tampak tenang saat
berada di tempat parkir motor.

Bahkan, 2 perempuan yang sempat keluar dari klinik tidak menaruh curiga dan
langsung pergi.

Saat tempat parkir sepi, pelaku beraksi menjebol kontak motor Scoopy putih.
Tidak butuh waktu lama, pelaku berhasil membawa kabur motor korban.

""Sudah dua kali pencurian motor di sini dalam sebulan ini,"" imbuh Subhan.

Namun, hingga saat ini, korban belum melaporkan kejadian tersebut pada pihak
kepolisian.

  
  
  
[Gambas:Video 20detik]  

 ",www.detik.com
"Bawa Motor Hasil Curian, Pria Diduga Penadah di Bogor Ditangkap Korban","Rabu, 23 Mar 2022 08:06 WIB","\-

Pria berinisial MS (28) ditangkap saat membawa motor hasil curian di Cibinong,
Kabupaten Bogor. MS, yang diduga penadah, ditangkap oleh korbannya sendiri dan
dibantu polantas.

MS ditangkap oleh korban pada Selasa (22/3/2022), sekitar pukul 07.00 WIB. MS
dipergoki keponakan korban saat mengemudikan motor tersebut.

""Ketika ponakan korban melihat motor korban, lalu diikuti,"" kata Kanit Reskrim
Polsek Cibinong AKP Yunli Pangestu saat dimintai konfirmasi, Rabu (23/3).

Pelaku kemudian diamankan oleh keponakan korban bersama anggota Satlantas yang
sedang bertugas. Pelaku membeli motor tersebut dari temannya.

""(Terduga pelaku) diamankan oleh ponakan korban dibantu anggota Lantas.
Terduga adalah penadah yang benar membeli motor dari temannya,"" tuturnya.

Saat diinterogasi, MS mengaku membeli motor tersebut seharga Rp 2,5 juta pada
2020 dari seseorang. Saat ini MS ditahan di Polsek Cibinong.

""Masih proses,"" ungkapnya.

Teman terduga pelaku yang menjual motor tersebut juga akan dicari polisi.
Keberadaannya kini belum diketahui dan nomor teleponnya sudah tidak aktif.

""(Teman terduga pelaku) dicari, ditelepon nggak aktif,"" pungkasnya.

 ",www.detik.com
Begal yang Ditembak Mati di Sumenep Dalam Pengaruh Miras,"Minggu, 13 Mar 2022 23:57 WIB","\-

Seorang begal di Sumenep ditembak mati. Begal tersebut dalam pengaruh alkohol
saat melakukan aksinya di Jalan Adirasa, Kalor.

Begal tersebut adalah Herman (22), warga Gadu Timur, Ganding, Sumenep.

""Memang betul, apa yg disampaikan pihak keluarga bahwa pelaku dalam pengaruh
miras,"" ujar Kasubbag Humas Polres Sumenep AKP Widiarti kepada wartawan,
Minggu (13/3/2022).

Keluarga pelaku juga membenarkan jika Herman sering mabuk-mabukan. Bahkan
Herman dikatakan mabuk setiap hari.

""Minum minum sebelumnya. Sehari-harinya minum minuman,"" kata Jalil, paman
Herman kepada wartawan, Minggu (13/3/2022).

Herman sendiri ditembak mati setelah mencoba membegal seorang perempuan di
Jalan Adirasa, Kalor, Sumenep, Madura. Video penembakan itu viral. Herman
tidak mengindahkan peringatan polisi.

Dia bahkan maju mendekati polisi sambil menenteng celurit. Polisi pun
memberikan tembakan terukur yang membuat Herman jatuh tersungkur dan tewas
dalam perjalanan ke rumah sakit.

  
  
  
[Gambas:Video 20detik]  

 ",www.detik.com
"Kronologi Maling Niat Untung Tapi 'Buntung': Dikejar Warga, Motor Tertinggal","Rabu, 26 Jan 2022 14:33 WIB","\-

Aksi curanmor di Kabupaten Pasuruan kepergok warga hingga pelaku dikejar
sampai hutan. Niat pelaku untung malah buntung karena gagal mengambil motor
korban dan motor mereka juga tertinggal.

Aksi maling motor itu terjadi di Dusun Mesagi, Desa Wonosari, Kecamatan Tutur,
Kabupaten Pasuruan, pada Senin (25/1) pukul 17.33 WIB. Kapolsek Tutur AKP
Kusmani menerangkan kronologi pencurian itu.

Menurut Kusmani, awalnya dua pelaku mengendarai motor Honda Vario dengan pelat
nomor palsu AG 3145 NM. Mereka memarkir motor di jalan.

Mereka kemudian ke parkiran minimarket dan mencuri motor yang ada di sana.
Aksi pencurian itu diketahui karyawan minimarket.

Empat karyawan langsung menyerbu pelaku hingga pencurian bisa digagalkan.
Motor korban aman meski kuncinya sudah dirusak.

""Kedua pelaku lalu kabur dengan motor ke hutan pinus. Namun warga mengejarnya.
Pelaku akhirnya meninggalkan motornya dan masuk ke hutan,"" terang Kusmani,
Rabu (26/1/2022).

""Jadi selain gagal mencuri motor korban, motor pelaku juga tertinggal,""
tambahnya.

Video aksi maling motor yang bukannya untung malah buntung beredar di media
sosial. Video yang beredar berdurasi 32 detik. Dalam video itu tampak dua
pencuri motor menggunakan jaket hitam.

Dalam caption posting-an video itu diterangkan, dua pencuri motor datang ke
sebuah minimarket di kawasan Nongkojajar, Kabupaten Pasuruan. Mereka datang
menggunakan sepeda motor yang ditaruh di luar parkir minimarket.

Kemudian salah satu dari mereka masuk ke minimarket tersebut. Sementara
temannya duduk di sepeda motor korban.

Pelaku kemudian mengambil motor matic yang diparkir di sebelah motor yang
diduduki temannya. Namun aksi pencurian itu diketahui orang yang ada di dalam
minimarket.

Sekelompok remaja bersarung yang diduga karyawan minimarket akhirnya berusaha
menggagalkan aksi pencurian itu. Mereka memukuli pelaku yang mengambil motor.

  
  
  
[Gambas:Video 20detik]  

 ",www.detik.com
Satu Bandit Berpistol yang Nyebur ke Danau di Bogor Belum Ditemukan,"Rabu, 23 Feb 2022 13:57 WIB","\-

Dua orang bandit berpistol _nyebur_ ke danau bekas galian di Desa Bojong,
Klapanunggal, Kabupaten Bogor. Satu pelaku berhasil ditangkap, sementara satu
lainnya belum ditemukan.

""Informasinya satu orang (yang berhasil melarikan diri). Mereka kan berdua,
jadi baru satu yang kita amankan,"" kata Kanit Reskrim Polsek Klapanunggal Ipda
AM Zalukhu saat dimintai konfirmasi, Rabu (23/2/2022).

Polisi mendapat keterangan dari warga bahwa kedua pelaku menceburkan diri ke
danau saat merasa terdesak. Karena kondisi gelap saat malam hari, yang
terlihat hanya satu pelaku yang kini sudah diamankan.

""Informasi dari warga sih ikut _nyebur_ juga karena malam mungkin nggak
terlalu kelihatan. Danaunya bekas galian _gitu_ ,"" terangnya.

Diberitakan sebelumnya, aksi curanmor di Desa Bojong, Klapanunggal, Kabupaten
Bogor, digagalkan warga. Pelaku sempat menodong warga dengan senjata api dan
mencoba kabur dengan menceburkan diri ke danau.

""Jadi, ketika dia ketahuan, kemudian dia _nodong_ warga dan melarikan diri.
Melarikan diri salah jalan,"" kata AM Zalukhu saat dimintai konfirmasi.

Pencurian tersebut terjadi pada Selasa (22/2), sekitar pukul 19.30 WIB. Pelaku
juga sempat dihajar warga sebelum diamankan polisi.

 ",www.detik.com
"Korban Begal Malah Jadi Tersangka, Ini Alasan Polisi","Selasa, 12 Apr 2022 11:56 WIB","\-

Kasus penemuan mayat dua pria bersimbah darah di Lombok Tengah, Nusa Tenggara
Barat (NTB) yang merupakan pelaku begal berbuntut panjang. Korban begal
tersebut kini justru ditetapkan sebagai tersangka. Polisi membeberkan alasan
kenapa menetapkan pria yang awalnya sebagai korban itu menjadi tersangka kasus
pembunuhan.

Direktur Kriminal Umum Polda NTB, Kombes Hari Brata mengatakan, MA alias AS
(34) awalnya sebagai korban begal. Namun ia ditetapkan sebagai tersangka
karena perbuatan menghilangkan nyawa orang lain. Meski pun dalam tindakannya
itu, tersangka melakukannya karena ada upaya untuk membela diri. Namun tentang
alasan membela diri itu, menurut polisi, itu akan diputuskan oleh hakim.

""Korban sudah membuat laporan sebagai korban begal. Proses dua-duanya tetap
jalan. Masalah dia nanti dikategorikan membela diri, itu nanti putusannya ada
di pengadilan,"" kata Hari Brata pada detikBali Selasa (12/4/2022).

  

Meski telah membuat laporan sebagai korban begal, Hari Brata mengaku pihaknya
tetap memproses kasus perbuatan yang menghilangkan nyawa orang lain.

""Proses dia menghilangkan nyawa orang lain itu tetap kita proses. Walaupun ada
upaya membela diri tadi, tapi yang menilai itu saya tegaskan adalah
pengadilan, hakim yang memutuskan,"" tegasnya.

Hari Brata mengatakan, berdasarkan pengakuan dua rekan korban yang saat itu
melihat langsung kejadian itu, tersangka melakukan perlawanan ketika hendak
dibegal oleh korban. Saat itu pula, tersangka menusuk kedua korban menggunakan
senjata tajam miliknya sendiri.

""Kenapa kita bisa tahu dia membela diri menjadi korban begal, berdasarkan
pengakuan dari pelaku atau saksi rekan kedua korban meninggal. Jadi dua orang
ini peranannya mengikuti dan membututi tersangka yang akan dibegal dari arah
belakang,"" terang Hari.

""Karena korban ini membawa senjata tajam, makanya dia membela diri. Bukan
menggunakan senjata tajam milik pelaku begal. Tapi dia membawa senjata tajam
sendiri,"" sambungnya.

Diberitakan sebelumnya, Direktorat Reserse Kriminal Umum (Dit Reskrimum) Polda
NTB akhirnya berhasil mengidentifikasi penyebab kematian dua pria yang
ditemukan bersimbah darah di jalan raya Praya Timur, Lombok Tengah (Loteng),
NTB. Kedua pria itu ternyata adalah pelaku begal yang dibunuh oleh calon
korbannya.

  
  
  
[Gambas:Video 20detik]  

 ",www.detik.com
"Kepergok Curi Motor Mahasiswa USU, 2 Pria Ini Dihajar Massa","Senin, 06 Jun 2022 14:35 WIB","\-

2 pelaku pencuri sepeda motor milik mahasiswa Universitas Sumatera Utara (USU)
dihajar massa. Kedua pelaku itu melakukan aksinya itu di Jalan Pasar VII,
Kecamatan Medan Selayang, Medan.

Kapolsek Sunggal, Kompol Chandra Yudha menjelaskan aksi pencurian itu terjadi
pada Minggu (5/6) kemarin. Adapun pelaku bernama Faisal Manik (25) warga Jalan
Setia Budi, dan Ibrahim Simamora (37) warga Jalan Medan Binjai.

""Kejadiannya sekitar pukul 16.00 WIB. Korbannya seorang mahasiswa bernama
Arpin Ekin Suranta Ginting (27),"" kata Chandra, Senin (6/6/2022).

  

Karena mengalami luka-luka akibat dihajar massa, kedua pria itu pun dilarikan
ke rumah sakit.

""Keduanya sempat dibawa RS Bhayangkara untuk menjalani perawatan medis,""
ujarnya.

Sementara itu saksi mata, Robby Niska menceritakan bahwa Arpin adalah seorang
mahasiswa USU yang sedang bekerja menjadi driver ojek online.

""Jadi waktu itu, Arpin sedang duduk di warung kopi menunggu orderan. Karena
dia kerja sebagai driver ojek online. Nah, saat itu dia parkir sepeda motornya
di gang kecil pas di samping warung itu,"" sebutnya.

""Setelah itu, ada salah satu pelaku yang mematahkan stang sepeda motornya.
Aksi pelaku dilihat oleh warga yang mengenali bahwa itu motor Arpin. Terakhir
diteriaki maling. Pelaku lari bersama kawannya yang sudah nunggu di seberang
jalan,"" tambahnya.

Kedua pelaku pun kemudian dikejar warga sekitar ke arah Fly Over Jamin
Ginting. Tepatnya dekat Rumah Makan Olakisat, kedua pelaku berhasil ditangkap
warga.

""Itu sempat dihajar massa. Lalu ditarik ke pasar VII. Pelaku diikat warga dan
kembali dihajar massa sampai akhirnya polisi datang,"" sebutnya.

""Itu kasihan korbannya. Karena dia mau wisuda tapi motornya sampai sekarang
masih ditahan untuk proses hukum di kepolisian,"" tutupnya.

  
  
  
[Gambas:Video 20detik]  

 ",www.detik.com
"Komplotan Curanmor Spesialis Pagi Hari di Tangsel Digerebek, 19 Motor Disita","Senin, 21 Mar 2022 14:29 WIB","\-

Komplotan pencurian sepeda motor (curanmor) di wilayah Tangerang Selatan,
Banten, ditangkap pihak kepolisian. Total ada enam pelaku yang berhasil
dibekuk petugas.

Kabid Humas Polda Metro Jaya Kombes E Zulpan mengatakan kelompok itu telah
rutin beroperasi sejak 2021. Para pelaku selalu memilih beraksi di pagi hari.

""Modus yang digunakan pelaku itu selalu melakukan pencurian di pagi hari yang
dijadikan target dengan cara mencongkel sepeda motor dengan kunci _letter T_
,"" kata Zulpan di Polda Metro Jaya, Jakarta, Senin (21/3/2022).

Enam pelaku itu berinisial AP (26), MN (31), DS (26), V (26), S (41), dan S
(34). Keenam pelaku berperan sebagai eksekutor hingga penadah.

Zulpan menyebutkan kasus ini terungkap dari laporan seorang warga pada Senin
(7/3). Saat itu perempuan berinisial NF melaporkan bahwa sepeda motornya raib
dicuri.

""Pada 16 Maret, dari hasil penyelidikan yang telah dilakukan kita ketahui satu
pelaku identitas AP. Tim bergerak dan menangkap yang bersangkutan di
Pandeglang,"" jelas Zulpan.

Polisi lalu mengembangkan penyelidikan dari penangkapan AP. Lima tersangka
lainnya termasuk penadah berhasil diamankan.

## Amankan 19 Motor Curian

Zulpan mengatakan dari penangkapan pelaku, total 19 motor hasil curian
berhasil diamankan polisi. Belasan motor itu kini diamankan ke Polres Tangsel
sebagai barang bukti.

""Dari kejahatan ini yang berhasil diungkap berhasil amankan 19 unit sepeda
motor yang merupakan hasil kejahatan,"" jelas Zulpan.

Lebih lanjut Zulpan mengatakan pihaknya membuka ruang bagi masyarakat yang
merasa menjadi korban pencurian motor untuk mengambil barang bukti itu ke
Polres Tangsel. Dia memastikan tidak ada biaya yang dikeluarkan dalam proses
pengambilan motor hasil curian tersebut.

""Dengan penyampaian rilis, di sini masyarakat yang merasa kehilangan motor di
wilayah hukum Tangsel ini bisa datangi Polres Tangsel siapa tahu itu kendaraan
masyarakat. Sepanjang miliki bukti kepemilikan tentu akan dikembalikan kepada
masyarakat yang kehilangan motor dan dijamin gratis,"" katanya.

Enam pelaku ini telah ditetapkan tersangka dan ditahan di Polda Metro Jaya.
Para pelaku dijerat dengan Pasal 363 KUHP dengan ancaman 7 tahun penjara.

[Gambas:Video 20detik]

 ",www.detik.com
Wanita Tewas Korban Perampokan Sadis di Bone Alami 13 Luka,"Senin, 14 Mar 2022 16:43 WIB","\-

RSUD Tenriawaru mengungkap Murniati, wanita korban tewas perampokan sadis di
Kabupaten Bone, Sulawesi Selatan (Sulsel) total mengalami 13 luka. Ke-13 luka
tersebut didominasi luka pada bagian kepala korban.

""Hasil visumnya di kepala ada 13 titik luka, bagian kepala belakang atau
tulang kepala ada retak,"" kata Humas RSUD Tenriawaru, Ramli kepada Senin
(14/3/2022).

Dia mengatakan, visum yang dilakukan merupakan visum luar untuk mengetahui
kondisi jenazah, dan luka-lukanya. Selain di kepala, terdapat juga luka
menganga di atas alis kiri korban, telapak tangan kanan, punggung, dan luka di
tangan kiri korban.

  

""Kalau di badan ke bawah tidak ada. Memang, kalau visum hanya memeriksa bagian
luar tidak memeriksa bagian dalam, dan tidak memeriksa penyebab kematian.
Kalau penyebab kematian nanti bisa ditahu kalau autopsi,"" tambahnya.

""Itu pun hasil pemeriksaan visum hanya disampaikan ke pihak keluarga. Kalau
mau dibuatkan dari surat keterangan harus permintaan dari penyidik. Yang jelas
kalau penyidik datang minta surat visum, sudah bisa dibuatkan, karena sudah
ada datanya,"" sambung Ramli.

Sebelumnya, Murniati ditemukan tewas bersimbah darah di kompleks pasar lama
Desa Pattiro, Kecamatan Dua Boccoe, Kabupaten Bone, sekitar pukul 09.45 Wita
pagi tadi. Korban diduga kuat menjadi korban perampokan.

""Pelakunya masuk ke dalam toko kemudian melakukan penganiayaan terhadap korban
dengan menggunakan parang dan palu yang menyebabkan korban meninggal dunia.
Pelaku masih dalam lidik (penyelidikan),"" ujar Kapolres Bone AKBP Ardiansyah
saat dimintai konfirmasi terpisah.

Polisi mengatakan barang berharga milik korban berupa uang tunai Rp 40 juta
raib digasak pelaku. ""Uang (Rp 40 juta) yang merupakan penjualan pupuk
rencananya akan disetorkan hari ini ke distributornya namun sudah hilang,""
sebutnya.

Selain menggasak uang tunai Rp45 juta, pelaku juga menggondol emas 50 gram
milik korban.

""Pemilik kios yang dibunuh bernama Hj. Murniati umurnya 40 tahun. Perampok
mengambil uang Rp 45 juta dan emas 50 gram,"" kata Camat Dua Boccoe Andi
Musafir, dalam wawancara terpisah.

  
  
  
[Gambas:Video 20detik]  

 ",www.detik.com
1 Keluarga di Jaktim Dikeroyok-Dirampok Sekelompok Pemuda Mabuk,"Selasa, 04 Jan 2022 21:14 WIB","\-

Satu keluarga menjadi sasaran pengeroyokan dan perampokan oleh sejumlah pemuda
pada malam tahun baru di Cipinang Melayu, Jakarta Timur (Jaktim). Para pemuda
tersebut diduga dalam keadaan mabuk.

""Jadi datang tiba-tiba sekelompok orang _mukulin_ satu keluarga, barang-barang
di rumah dijarah,"" kata Kepala Unit Reskrim Polsek Makassar Iptu Mochamad Zen
kepada wartawan, Selasa (4/1/2022).

Iptu Zen menduga para tersangka pengeroyokan tersebut sedang mencari musuh.
Namun akhirnya mereka menganiaya satu keluarga dan melakukan penjarahan, Sabtu
(1/1).

""Kayanya dia _nyari_ musuh, habis minum-minum tahun baru, malah sasaran rumah
dirampok,"" ujarnya.

Dalam kejadian tersebut, korban merupakan satu keluarga yang berjumlah enam
orang. Dua di antaranya perempuan.

""Korbannya ada enam satu keluarga semua. Ada ibu-ibu dua diseret-seret sampai
luka-luka, _udah_ divisum ini,"" tutur Iptu Zen.

Iptu Zen menjelaskan bahwa pelaku pemukulan dan perampokan ini sudah
diamankan. Ada tujuh pelaku yang diamankan dan kini tengah dalam pemeriksaan
penyidik.

Para tersangka terancam terkena pidana 170 KUHP mengenai kekerasan dan 365
KUHP mengenai pencurian disertai kekerasan.

""Sekarang masih diperiksa. Nanti akan kita kabarkan kembali kelanjutannya,""
imbuhnya.

[Gambas:Video 20detik]

 ",www.detik.com
Polisi Dalami Motif Lain Perempuan yang Ngaku Diculik,"Kamis, 05 Mei  2022 08:37 WIB","\-

Meski membuat keterangan palsu, DA, perempuan yang mengaku diculik masih
diperiksa penyidik Unit Perlindungan Perempuan dan Anak (PPA) Satuan Reserse
Kriminal (Satreskrim) Polres Tabanan. Polisi masih mendalami motif DA
melakukan serangkaian kebohongan dengan mengaku diculik. Proses pemeriksaan
dilakukan disertai pendampingan dari LBH maupun psikolog.

""Kenapa ia melakukan hal tersebut. Kita tidak bisa melepaskan latar belakang
ia melakukan cerita tersebut,"" jelas Kapolres Tabanan, AKBP Ranefli Dian
Candra, Kamis (5/4/2022).

Ia menambahkan, proses untuk mengungkap kebohongan itu masih terus dilakukan
pihaknya. Karena dari awal apa yang disampaikan DA faktanya tidak benar.

  

""Karena keterangan yang disampaikan itu adalah karangan yang dibikinnya
sendiri. Yang muncul karena ia takut pulang ke rumah terlalu malam dan takut
dimarahi suami,"" ujarnya.

Dalam pemeriksaan sementara terungkap, cerita sebenarnya bahwa DA jalan dengan
rekan prianya yang baru dikenalnya melalui media sosial. Baru beberapa hari
kemudian janji untuk bertemu. Pada Sabtu (30/4/22) sore, pada saat mencari
sayur, DA jalan dengan laki-laki itu hingga pukul 03.00 atau Minggu (1/5/22)
pagi.

Saat pulang, DA mengadu kepada bapak mertuanya sekaligus minta perlindungan
agar suaminya tidak marah.

""Oleh bapak mertuanya, ini tali, silahkan kamu ikat dirimu. Jadi kamu sebagai
korban penculikan dan itu mengalir sampai di Kepolisian,"" ungkapnya.

Terlepas dari kebohongan itu, pihaknya akan mendalami kasus DA. Nefli
menambahkan, saksi-saksi lainnya dari berbagai pihak yakni dari suami, bapak
dan ibu mertuanya, termasuk rekan pria yang pada saat kejadian jalan dengan
korban dan sudah diamankan.

Bahkan soal kemungkinan adanya motif perselingkuhan dalam kasus ini, Nefli
enggan menjelaskannya saat ini.

""Masih kami dalami. Dan kami juga tidak terlepas bagaimana pemeriksaan dari
psikologisnya,"" pungkasnya.

  
  
  
[Gambas:Video 20detik]  

 ",www.detik.com
Komplotan Pencuri Dibekuk Gegara Gondol Sepeda Motor Jemaah Tarawih,"Rabu, 13 Apr 2022 12:44 WIB","\-

Polresta Bandung meringkus pelaku pencurian kendaraan bermotor pada saat awal
Ramadhan 2022. Saat ini pelaku yang berjumlah 4 orang tersebut telah
ditetapkan sebagai tersangka.

Keempat pelaku tersebut yakni OH (20), S (20), I (21) dan RG (47) berhasil
ditangkap di wilayah Kecamatan Pasirjambu, Kabupaten Bandung.

Kapolresta Bandung Kombes Kusworo Wibowo mengatakan pencurian tersebut terjadi
di Kampung Gajah Eretan, Desa Gajah Mekar, Kecamatan Kutawaringin, Kabupaten
Bandung. Kata dia, tersangka mengelabui korbannya saat sedang melakukan
tarawih.

  

""Adapun kejadiannya kasus curanmor ini pada tanggal 6 April 2022 pada pukul
20.00 WIB. Korban pada saat itu sedang melaksanakan salat tarawih dan
diingatkan oleh kawannya motor siapa yang lampunya nyala,"" ujar Kusworo saat
press rilis di Mapolresta Bandung, Soreang, Rabu (13/4/2022).

Kusworo menjelaskan korban sempat tidak sadar motornya telah diambil oleh para
tersangka pencurian. Kata dia, setelah membeli sesuatu korban baru mengetahui
motornya telah tiada.

""Yang bersangkutan melihat dan tidak sadar bahwa lampu yang nyala itu bukan
motornya. Kemudian setelah selesai salat tarawih beliau membeli gorengan,
setelah beli gorengan mengecek motornya, dan motornya udah enggak ada,""
katanya.

Dia menjelaskan korban langsung melaporkan ke kepolisian terdekat setelah
mengetahui motornya telah hilang. Kata dia, polisi langsung melakukan
penyelidikan.

""Dari situ yang bersangkutan langsung laporan ke kantor kepolisian terdekat.
Kita lakukan penyelidikan, berdasarkan keterangan saksi-saksi dan alat bukti
lainnya,"" kata Kusworo.

Pihaknya mengungkapkan satu hari setelahnya kepolisian langsung berhasil
menangkap ke empat pelaku tersebut.

""Tidak sampai 24 jam, pada 7 April setelah laporan langsung kita tindak
lanjuti, bisa kita amankan pada siang hari. Jadi kejadiannya pada 6 April pada
saat salat raraweh jam 8 malem, siang hari jam 1 pada 7 April pelaku bisa kita
amankan,"" ucapnya.

""Pada saat dilakukan penangkapan terhadap yang bersangkutan, alhamdulillah
pelaku sedang bersama-sama dengan pelaku lainnya, sehingga bisa kita langsung
amankan. Kita amankan barang bukti, ada 16 motor dengan berbagai merk,""
katanya menambahkan.

Kusworo menyebutkan awalnya yang kehilangan motornya tersebut adalah salah
satu korban yang pada saat teraweh. Namun kata dia, setelah melakukan
penangkapan terdapat belasan motor lainnya hasil curian keempat pelaku.

""Pada saat kejadian 6 April itu kendaraan yang hilangnya adalah Vario tahun
2018. Kemudian di TKP pada saat mengamankan tersangka, kita bisa mengamankan
15 motor lainnya dan sedang kita identifikasi,"" ucapnya.

Dia menambahkan keempat tersangka tersebut terancam dijerat dengan pasal 363
KUHP tentang pencurian dengan pemberatan.

""Atas perbuatan yang bersangkutan kita jerat dengan pasal 363 KUHP, atas dasar
pencurian dengan pemberatan, karena melakukan pengrusakan terhadap sepeda
motor dengan menggunakan kunci T, dilakukan pada malam hari. Sehingga kita
jerat dengan pasal 363, dengan ancaman hukuman pidana penjara maksimal 6 tahun
penjara,"" ujarnya.

Dengan terungkapnya kasus tersebut, polisi berhasil menyita barang bukti
berupa 8 mata astag, 3 kunci motor yang telah dimodifikasi, 1 gagang kunci T
dan 16 unit kendaraan roda dua.

 ",www.detik.com
"Kepergok Curi Gas 3 Kg dan Sepatu, Maling Diamankan Warga di Jakpus","Sabtu, 28 Mei  2022 20:29 WIB","\-

Seorang pria diamankan warga setelah tepergok mencuri di sebuah indekos di
Cempaka Putih, Jakarta Pusat. Pelaku saat itu hendak kabur menenteng tabung
gas 3 Kg dan sepatu Nike Air Jordan senilai Rp 5 juta.

""Warga melihat orang _nenteng_ tabung gas 3 kilogram dan sepatu Nike Air
Jordan kalau nggak salah,"" kata Kapolsek Cempaka Putih Kompol Bernard Saragih
saat dihubungi, Sabtu (28/5/2022).

Peristiwa itu terjadi pada Jumat (27/5) sekitar pukul 03.00 WIB di rumah kos
Cempaka Putih, Jakpus. Kejadian berawal ketika warga akan kembali ke tempat
kos dan melihat pelaku keluar dari rumah kos sambil menenteng tabung gas dan
sepatu.

Kemudian warga menegurnya. Namun, pelaku mengaku barang-barang tersebut
merupakan milik kerabatnya.

""Si pelaku bilang punya tantenya, tapi karena warga merasa ada yang aneh,
curiga, 'kayanya nggak bener nih jam 3 pagi nenteng tabung gas'. Pas dicek
ternyata benar ada penghuni kos yang kehilangan tabung gas dan sepatu,"" kata
Bernard.

Warga pun langsung melaporkan kejadian tersebut kepada polisi. Usai mendapat
laporan, dia menyebut pihaknya langsung mendatangi lokasi.

""Kemudian penghuni kos nelpon kita, kita datang ke lokasi,"" katanya.

Bernard mengatakan saat ini pelaku diamankan di Polsek Cempaka Putih. Dia
menyebut kasus tersebut masih dalam penyelidikan.

""Kalau motif belum sampai ya, kayanya memang karena ekonomi, masih dalam
pengembangan,"" katanya.

 ",www.detik.com
Identitas Pembunuh Bocah Digantung di Kolong Tol Japek: Kakak Ipar Korban!,"Kamis, 19 Mei  2022 11:49 WIB","\-

Polisi menangkap pria berinisial TR bin W (26) yang diduga membunuh ABG asal
Karawang, S (14), yang jasadnya digantung di bawah jembatan Tol Jakarta-
Cikampek (Japek). Pelaku merupakan kakak ipar dari korban.

""Hubungannya korban ini adik ipar dari pelaku,"" ucap Kabid Humas Polda Jabar
Kombes Ibrahim Tompo saat dimintai konfirmasi, seperti dilansir detikJabar,
Kamis (19/5/2022).

Ibrahim menjelaskan pelaku ditangkap oleh tim Reskrim Polres Karawang. Pelaku
saat ini sudah ditahan.

""Sudah,"" kata Ibrahim.

Dalam kesempatan lain, Kapolres Karawang AKBP Aldi Subartono akan segera
merilis motif dari pelaku dalam melancarkan aksinya dalam waktu dekat ini.

""Kami akan secara resmi merilis kasus ini, dan kami tengah mencari waktu,""
katanya.

 _Baca selengkapnyadi sini_

 __

[Gambas:Video 20detik]

  
  

 ",www.detik.com
Pelaku Begal di Karawang Ditangkap Saat Bersembunyi di Rumah Neneknya,"Kamis, 16 Jun 2022 14:57 WIB","\-

Seorang pelaku begal di Kabupaten Karawang berinisial GR (29) berhasil
ditangkap. Pelaku ditangkap saat bersembunyi di kediaman neneknya di Kabupaten
Purwakarta.

""GR sempat masuk Daftar Pencarian Orang (DPO) dan dari hasil pengejaran kami,
selama beberapa hari akhirnya GR bisa ditangkap saat bersembunyi di rumah
neneknya di daerah Purwakarta,"" kata Kapolres Karawang AKBP Aldi Subartono,
Kamis (16/6/2022).

Aldi mengungkapkan saat melakukan aksi kejahatannya, pelaku kerap mengikuti
korbannya. Pelaku juga kerap membawa senjata api.

  

""Saat beraksi, pelaku mengincar korban dan menguntit kendaraan korban. Saat
keduanya melintas di jalan sepi yang minim penerangan, pelaku menyalip
kendaraan korban dan menghadang laju kendaraan korban, dengan menodongkan
senjata api,"" ujarnya.

Saat diamankan pelaku tidak melawan. Di tangan pelaku pihaknya menyita
sejumlah barang bukti.

""Saat diamankan, kami juga menyita barang bukti berupa satu pucuk senjata api
pistol jenis airsoft gun, dan uang tunai Rp 3.763.000 sisa penjualan kalung
dan liontin hasil kejahatan,"" ucapnya.

Pelaku dijerat dengan Pasal 365 KUHPidana tentang pencurian dengan kekerasan.

""Ancaman hukuman 9 tahun penjara, dan kami tengah memburu penadahnya,""
ujarnya.

 ",www.detik.com
"Sakit Hati Dilecehkan, ABG di Baubau Tikam Waria hingga Tewas","Jumat, 20 Mei  2022 20:10 WIB","\-

Polisi menangkap SS (16) remaja pelaku penikaman berujung tewasnya seorang
waria berinisial Z (25) di Kota Baubau, Sulawesi Tenggara (Sultra). Pelaku
membunuh korban hanya gegara sakit hati dilecehkan.

""Polisi mengamankan SS diduga pelaku tindak pidana pembunuhan Z tadi (20/5)
pukul 09.00 Wita,"" kata Kapolres Baubau AKBP Erwin Pratomo melalui keterangan
resminya, Jumat (20/5/2022).

SS diamankan saat berada di rumahnya di kawasan Kotamara, Kecamatan Batupoaro,
Kota Baubau. Saat diamankan, SS tidak melakukan perlawanan.

  

Erwin mengungkapkan pelaku mengakui perbuatannya jika sudah membunuh Z. Hasil
interogasi sementara, lanjut Erwin, pelaku melakukan tindakan tersebut
didasarkan sakit hati kepada korban.

""Pelaku sakit hati karena korban selalu melakukan pelecehan seksual dengan
memegang kemaluan pelaku,"" kata Erwin.

Dari keterangan pelaku, lanjut Erwin, korban diduga lebih dulu melakukan
penganiayaan terhadap pelaku. Namun, saat itu pelaku melakukan perlawanan dan
kalap sehingga membunuh korban.

""Saat hari kejadian, korban melakukan penganiayaan terhadap pelaku yang
membuat pelaku kalap dan melakukan perlawanan secara membabibuta yang
menggunakan senjata tajam berupa sebilah sangkur,"" ujarnya.

Ketika pelaku ditangkap, polisi juga membawa barang bukti sebilah sangkur yang
digunakan pelaku menghabisi nyawa korban.

""Saat ini pelaku dan barang bukti telah diamankan di Polres Baubau guna proses
hukum lebih lanjut,"" ujarnya.

Seperti diketahui, polisi menemukan sesosok mayat dalam kondisi bersimbah
darah dan sudah tak bernyawa di pelataran Pasar Laelangi Kota Baubau pada
Kamis (10/3) pukul 10.00 Wita. Hasil identifikasi, mayat tersebut berinisial
Z, seorang waria pekerja salon.

  
  
  
[Gambas:Video 20detik]  

 ",www.detik.com
"Heboh Pria Magetan Hilang Jelang Nikah, Kini Ditangkap soal Pemerkosaan","Jumat, 20 Mei  2022 17:20 WIB","\-

Pria di Magetan berinisial D (17) ditangkap polisi setelah dilaporkan keluarga
calon istrinya, S, atas dugaan pemerkosaan. D sebelumnya sempat menghilang
menjelang pernikahannya dengan S.

""Betul kami telah mengamankan mempelai pria di bawah umur yang merupakan warga
Kecamatan Poncol. Sesuai laporan keluarga, yakni persetubuhan di bawah umur
atau perkosaan. Pria ini diduga sebagai calon mempelai pria yang kabur jelang
akad nikah,"" kata Kasat Reskrim Polres Magetan Iptu Rudy Hidajanto seperti
dilansir dari detikJatim, Jumat (20/5/2022).

Rudy menjelaskan, D, yang masih di bawah umur, tidak mempunyai iktikad baik
untuk menikahi korban yang merupakan kekasihnya. D sebelumnya berjanji
bertanggung jawab menikahi korban, namun tidak hadir saat pelaksanaan akad
nikah pada 7 April 2022.

""Jadi karena terlapor sudah bersedia akan menikahi korban, maka orang tua
korban mengurus surat pernikahan dan pada saat sidang pernikahan Kamis, 7
April 2022, pelaku tidak menghadiri sidang pernikahan tersebut,"" jelas Rudy.

Rudy menjelaskan, pelaku tidak ingat berapa kali memperkosa korban. Pengakuan
pelaku, pemerkosaan pertama kali dilakukan sekitar Juli 2021 dan terakhir pada
Maret 2022.

""Pengakuan pelaku persetubuhan pertama Juli 2021 dan yang terakhir akhir Maret
2022,"" terang Rudy.

Baca berita selengkapnya di sini.

[Gambas:Video 20detik]

  
  

 ",www.detik.com
Apes! Komplotan Maling Sapi Ini Diciduk Polisi Gegara Ban Pikap Bocor,"Kamis, 14 Apr 2022 15:58 WIB","\-

Tiga pelaku pencurian sapi jenis limosin ditangkap Polsek Minggir, Sleman.
Mereka ditangkap saat pikap yang digunakan mengangkut sapi curian itu
mengalami ban bocor.

Para pelaku juga sempat mendapat bantuan polisi karena tidak mengetahui jika
yang dibantu adalah pencuri. Para tersangka yang diamankan yakni ayah dan anak
berinisial SDT (48) dan IS (18). Kemudian BS diamankan hari ini setelah
sebelumnya sempat melarikan diri.

""Total ada 3 tersangka, SDT dan IS. Kemudian BS tertangkap hari ini dan
dilakukan penahanan. Untuk IS tidak ditahan karena masih anak,"" kata Kapolsek
Minggir AKP Noor Dwi Cahyanto kepada wartawan, Kamis (14/4/2022).

Dwi mengatakan pencurian dua ekor sapi limosin itu terjadi pada 8 April lalu
di Sendangagung, Minggir, Sleman. Dua ekor sapi limosin yang dicuri itu
masing-masing umur 2 tahun dan 8 bulan.

""Total seharga Rp 38 juta yang saat itu berada di kandang,"" ucapnya.

Perencanaan pencurian tersebut termasuk pembagian tugas oleh BS. Para pelaku
bertemu di Terminal Muntilan, Jateng.

""Tersangka SDT dan anaknya menjemput BS dan menuju ke Minggir, dengan posisi
IS yang mengemudi,"" jelasnya.

Sesampainya di lokasi, pelaku memarkirkan mobil tersebut 50 meter dari kadang
milik korban. Tersangka SDT dan IS memantau situasi dari bak belakang pikap
sementara BS berjalan menuju ke kandang sapi.

""Sekira 20 menit BS kembali berjalan ke arah mobil dengan menuntun 2 ekor sapi
dan menaikkan ke pikap dan hendak ke arah Turi,"" ucapnya.

Akan tetapi, saat kendaraan pelaku sampai di Margoagung, Seyegan, pada pukul
01.30 WIB, ban mobil pikap tersebut bocor. Tak berselang lama, ada petugas
patroli dari Polsek Seyegan yang datang untuk memperbaiki ban mobil karena
tidak tahu merupakan rombongan pencuri.

""Ada patroli dari Polsek Seyegan yang mendatangi para pelaku dan membantu
memperbaiki ban karena saat itu polisi belum tahu kalau para pelaku merupakan
rombongan pencuri sapi,"" paparnya.

Belum selesai memperbaiki kendaraan, jajaran Polsek Seyegan mendapatkan
informasi melalui telepon jika ada kasus pencurian sapi di wilayah Minggir,
Sleman. Kebetulan tersangka BS mendengar percakapan tersebut dan segera kabur.

""Setelah mendapatkan laporan, kanit reskrim, saya beserta anggota segera
berkoordinasi dengan Polsek Seyegan untuk mengamankan barang bukti dan
melakukan penangkapan terhadap SDT dan IS,"" ungkapnya.

Selain menangkap para tersangka, polisi juga mengamankan barang bukti berupa
dua ekor sapi limosin dan mobil pikap. Para tersangka dijerat Pasal 363 ayat
(1) ke-1e dan 4e KUHP Jo Pasal 55 KUHP.

""Tindak pidana pencurian dengan pemberatan, pencurian hewan ternak, dengan
ancaman selama-lamanya tujuh tahun. Kecuali IS wajib lapor,"" pungkasnya.

  
  
  
[Gambas:Video 20detik]  

 ",www.detik.com
"Pegawai Showroom di Sidoarjo Gondol Mobil Bos, 5 Jam Kemudian Ditangkap","Selasa, 19 Apr 2022 16:11 WIB","\-

Karyawan showroom di Sidoarjo nekat mencuri mobil milik bosnya. Lima jam usai
mencuri, pelaku langsung tertangkap.

Tersangka adalah Vega Manggala Ajitama, warga Wonokromo, Surabaya yang tinggal
di Perumahan Tamandika, Desa Sidokerto, Buduran.

Kapolresta Sidoarjo, Kombes Pol Kusumo Wahyu Bintoro menerangkan tersangka
adalah pelaku tunggal pencurian mobil Honda Jazz warna merah dengan nopol N
1435 RQ pada Senin (18/4).

Kusumo mengatakan pencurian itu terjadi pada 18 April 2022. Aksi pencurian itu
sempat terekam kamera CCTV dan langsung dilaporkan.

""Satreskrim Polresta Sidoarjo berhasil mengidentifikasi tersangka dan polisi
berhasil mengungkap. Tersangka Vega ini adalah karyawan korban sebagai tenaga
jual beli mobil,"" kata Kusumo kepada wartawan, Selasa (19/4/2022).

Kusumo menjelaskan modus operandi tersangka mencuri mobil korban yakni dengan
menggunakan kunci cadangan. Kunci ini ditemukan dan disimpan pelaku saat
terjatuh.

""Tersangka ini berniat ingin memiliki mobil tersebut lalu menggunakan kunci
cadangan yang di dalam mobil, sempat baterainya habis dan tersangka mengganti
baterainya tanpa sepengetahuan korban,"" jelas Kusumo.

Merasa sudah memegang kunci cadangannya, pelaku kemudian melancarkan aksinya.
Ia kemudian menggondol mobil Honda Jazz warna merah milik korban.

Usai membawa mobil itu, lanjut Kusumo, pelaku kemudian menyembunyikan mobil
tersebut di tempat parkir RS Delta Surya. Tersangka sendiri kemudian berhasil
ditangkap saat tengah ngopi di warkop di Jalan Pahlawan.

""Dengan adanya rekaman CCTV dari korban sehingga dalam waktu lima jam
tersangka langsung ditangkap oleh Satreskrim Polresta Sidoarjo, tutur Kusumo.

Atas perbuatannya itu, pelaku kini dijerat dengan Pasal 326 KUHP. adapun
ancaman hukuman yakni 5 tahun pidana penjara.

""Tersangka dijerat Pasal 362 KUHP dipidana dengan pidana penjara paling lama 5
tahun penjara,"" tandas Kusumo.

  
  
  
[Gambas:Video 20detik]  

 ",www.detik.com
"Siswi SMA di Palopo Sejak SD Jadi Budak Seks Ayah Kandung, Pelaku Ditangkap!","Sabtu, 23 Apr 2022 13:52 WIB","\-

Seorang pria berinisial J (30) di Kota Palopo, Sulawesi Selatan (Sulsel)
ditangkap polisi atas kasus pemerkosaan anak kandungnya berusia 16 tahun.
Polisi mengatakan korban dijadikan budak seks selama 5 tahun, yakni sejak SD
hingga kini sudah duduk di bangku SMA.

""Dia (pelaku) perkosa (putrinya) sejak SD sampai SMA,"" ujar Kasubag Humas
Polres Palopo Iptu Patobun saat dimintai konfirmasi, Sabtu (23/4/2022).

Patobun mengatakan, korban hanya bisa memendam pemerkosaan yang ia alami
selama bertahun-tahun. Korban takut dengan ayah kandungnya.

  

""Misalnya dia diperkosa sejak kelas 6 SD, ya 5 tahun 6 tahun lah (korban
dijadikan budak seks),"" tutur Patobun.

Menurut Patobun, kasus ini terungkap karena korban sudah tak kuasa menahan
penderitaan akibat ulah bejat ayahnya. Korban yang sudah beranjak dewasa
lantas memberanikan diri melapor ke kakak kandungnya.

""Dia risih sudah dewasa (pelaku masih terus memperkosa korban) makanya dia
lapor. Setelah itu dia bersama kakaknya melapor (ke polisi),"" kata Patobun.

Polisi yang menerima laporan korban langsung meringkus J sebagai pelaku
pemerkosaan. Patobun mengatakan, pihaknya kini sedang mendalami modus pelaku
melakukan pemerkosaan.

  
  
  
[Gambas:Video 20detik]  

 ",www.detik.com
"Sempat Buron, Pria Pemerkosa Pelajar Luwu Dibekuk Polisi di Parepare","Minggu, 24 Apr 2022 19:02 WIB","\-

Seorang pria inisial HB (24) akhirnya ditangkap polisi atas kasus pemerkosaan
seorang pelajar inisial WN (13) asal Kabupaten Luwu, Sulawesi Selatan (Sulsel)
di sebuah indekos di Kota Palopo. HB yang sebelumnya sempat melarikan diri
setelah menjalankan aksi bejatnya dibekuk polisi di Kota Parepare.

""Pelaku sudah berhasil diamankan di Mapolres Palopo beserta barang bukti,""
ucap Kasat Reskrim Polres Palopo AKP Andi Aris kepada , Minggu (24/4/2022).

Diketahui, HB sempat melarikan diri sejak melakukan aksinya pada Jumat (8/4).
Sementara rekannya inisial FE (20) yang membawa korban ke indekos milik HB di
Palopo sudah lebih dulu diamankan.

  

""Pelaku saat itu sedang berada di rumah persembunyiannya, kita tidak tahu apa
itu rumah keluarganya atau bukan di Kota Parepare. Selanjutnya Tim Resmob
menuju ke tempat yang dimaksud dan langsung melakukan penangkapan terhadap
pelaku,"" tutur Andi Aris.

Dari hasil pemeriksaan, pelaku mengakui perbuatannya telah memperkosa WN.
Sehingga pihak kepolisian langsung menetapkannya sebagai tersangka dan
sementara menjalani proses pemeriksaan.

""Ditersangkakan juga (HB). Tinggal kita mau dalami seperti apa perannya
masing-masing karena pelaku utama ini sudah kita amankan,"" pungkasnya.

Diberitakan sebelumnya, WN menjadi korban pemerkosaan setelah dibawa oleh
rekannya FE ke sebuah indekos di Kota Palopo. WN diperkosa oleh HB ketika FE
sedang keluar membeli rokok.

""Kejadiannya di Yosdar Kelurahan Ponjalae Wara Timur, Tidak ada motif
kesengajaan, dia pergi begitu lalu diperkosa,"" ucap Kasat Reskrim Polres
Palopo AKP Andi Aris saat dimintai konfirmasi detikSulsel, Kamis (14/4).

Andi Aris mengungkapkan, kejadian tersebut bermula saat WN sedang berada di
luar rumah seorang diri pada malam hari di daerah Lamasi, Luwu. FE yang
melihat WN kemudian mengajaknya ke Kota Palopo.

""Ini yang bersangkutan (korban) keluar dari rumahnya jam 1 malam karena ada
masalah sama temannya. Ketemulah dengan FE, dia bonceng ke Palopo karena ini
anak tidak ada tempat tinggalnya, makanya diajaklah dia jalan ke Palopo, dia
ikut,"" tutur Aris.

WN dan FE sebelumnya sudah saling kenal. Makanya korban WN memilih ikut saat
diajak FE ke indekos rekannya, HB di Kota Palopo.

""Katanya dia (FE), WN itu temannya. Dia kasihan pada saat itu makanya dia ajak
ke Palopo dan waktu FE ini keluar beli rokok terduga pelaku ini melancarkan
aksinya memperkosa WN,"" kata Aris.

  
  
  
[Gambas:Video 20detik]  

 ",www.detik.com
Perampok Todongkan Senjata di Jaksel Rusak Server CCTV,"Selasa, 14 Des 2021 08:06 WIB","\-

Polisi meringkus rampok dengan modus menodongkan pistol di Toko Gadai,
Jagakarsa, Jakarta Selatan. Pelaku dengan inisial D itu juga sempat merusak
server CCTV.

""Tersangka merusak dan mengambil server CCTV, tersangka berhasil ditangkap
oleh anggota Polsek selanjutnya dibawa ke Mapolsek guna pengusutan lebih
lanjut,"" kata Kabid Humas Polda Metro Jaya, Kombes E Zulpan kepada wartawan,
Selasa (14/12/2021).

Zulpan menyebut ada 3 korban dalam peristiwa ini. Akan tetapi dia tidak
menjelaskan kondisi korban secara lebih detail.

""Korban karyawan toko gadai,"" jelasnya.

Polisi mengamankan sejumlah barang bukti dari peristiwa ini. Barang bukti
tersebut adalah brankas, laptop hingga server CCTV.

""Barang bukti, 1 buah brankas, 1 buah tas hitam berisi uang tunai (belum
dihitung), 1 unit laptop, dan 1 unit server CCTV,"" ucap Zulpan.

Diketahui, sebuah video dinarasikan perampokan di Jagakarsa, Jakarta Selatan,
viral di media sosial. Pelaku disebut-sebut membawa senjata api dikepung
warga.

Dalam video yang beredar terlihat sejumlah warga mengepung pelaku di dalam
ruko. Terdengar bunyi letusan diduga senjata api ketika warga mengepung pelaku
tersebut.

Pelaku kemudian keluar sambil mengacungkan benda mirip pistol. Tidak lama
berselang, terdengar bunyi letusan senjata api.

Namun belum diketahui asal suara tembakan itu. Namun dari rekaman video
tersebut terlihat ada dua orang polisi yang membawa pistol mengamankan pelaku
tersebut.

Kasat Reskrim Polres Jaksel Kompol Ridwan Soplanit membenarkan adanya kejadian
itu. Pelaku kini telah diamankan di Polsek Jagakarsa.

""Udah diamankan, sementara ke Polsek, karena terdekat ke Polsek Jagakarsa,""
ujar Ridwan saat dihubungi , Senin (13/12).

[Gambas:Video 20detik]

 ",www.detik.com
5 Bocah Curi Motor di Toraja Utara Ditangkap Polisi,"Sabtu, 28 Mei  2022 03:32 WIB","\-

Lima pelaku pencuri motor di Toraja Utara (Torut), Sulawesi Selatan (Sulsel)
diamankan polisi. Lima pelaku merupakan anak di bawah umur.

""Semua pelaku ini masih remaja atau anak di bawah umur,"" kata Kasat Reskrim
Polres Toraja Utara, Iptu Andi Irvan Fachri kepada , Jumat (27/5/2022).

Kelima pelaku pencurian ini diringkus di sebuah rumah kosong di Kelurahan
Pasele Kecamatan Rantepao, sekitar pukul 12.00 Wita, Jumat (27/5/2022). Lima
bocah pelaku pencurian itu, di antaranya berinisial AA (15), AMS (14), JJR
(15), M (15), dan S (14).

  

""Dari hasil laporan warga kami langsung melakukan penyelidikan. Jadi tadi
siang 12.00 WITA, kami amankan komplotan pencuri sepeda motor,"" lanjut dia.

Andi Irvan mengungkapkan, komplotan pencuri anak di bawah umur tersebut
melakukan aksinya di malam hari. Mereka mengincar sepeda motor korban yang
terparkir di halaman rumah.

""Dari hasil interogasi mereka mengaku sepeda motor itu bukan untuk dijual.
Tapi untuk dipakai saja,"" ungkapnya.

Dari penangkapan komplotan tersebut polisi juga berhasil mengamankan 6 barang
bukti sepeda motor yang telah dicuri yakni, 1 sepeda motor jenis CRF, 1 KLX, 3
Mio M3 dan 1 Mio Sporty.

Saat ini pihaknya masih melakukan pengembangan atas kasus ini. Pasalnya
kemungkinan masih ada pelaku bagian dari komplotan anak di bawah umur
tersebut.

""Kita masih selidiki kemungkinan adanya jaringan di belakang mereka. Masih
dikembangkan,"" jelas Irvan.

  
  
  
[Gambas:Video 20detik]  

 ",www.detik.com
Ulah Bejat Duo Perampok-Pemerkosa Hampir Bikin Korban Hilang Nyawa,"Kamis, 27 Jan 2022 08:04 WIB","\-

Peristiwa tragis menimpa perempuan usia 24 tahun di Balaraja, Kabupaten
Tangerang. Korban dirampok dan dianiaya, kemudian diperkosa oleh kedua
tersangka.

Seusai melakukan kejahatannya itu keduanya berencana menghilangkan jejak.
Mereka membuang korban ke Sungai Ciujung dalam kondisi tidak sadarkan diri.

Beruntung, korban selamat dari maut. Sementara dua pelaku ditangkap dua hari
setelah kejadian.

Insiden itu terjadi pada Kamis (20/1/2022) dini hari. Dua pelaku yang
ditangkap, yakni IS (22) dan GG (24), adalah sopir dan kernet angkot rute
Serang-Balaraja.

Kedua tersangka dihadiahi timah panas di kakinya karena melawan polisi saat
hendak dilakukan penangkapan.

##

## Diotaki Sopir Angkot

Kapolresta Tangerang Kombes Zain Dwi Nugroho mengatakan perampokan dan
pemerkosaan itu diotaki oleh sopir angkot berinisial IS. Dia yang merencanakan
untuk merampok korban.

""IS (22) ini berperan sebagai sopir angkot dan sebagai otak pencurian,
kekerasan dan pemerkosaan ini,"" kata Kombes Zain kepada wartawan di Polresta
Tangerang, Selasa (25/1).

Keduanya, kata Zain, melakukan kejahatan sadis itu karena ingin menguasai
harta korban.

""Dari hasil pemeriksaan motifnya diketahui ingin mengincar harta korban dan
ingin memperkosa korban,"" ungkap Zain.

##  
Dua Tersangka Adalah Residivis

Dua tersangka ini memiliki catatan kriminal. Tersangka IS adalah residivis
kasus pencabulan dan pencurian.

""IS ini juga sebagai residivis dengan dua kali ditahan terkait persetubuhan
terhadap anak di bawah umur serta kasus pencurian dengan pemberatan,"" katanya.

Sementara tersangka GG adalah residivis kasus curanmor. Dalam aksinya itu, GG
berperan sebagai kernet yang membantu tersangka IS.

""Dia bertugas sebagai penganiaya dengan cara menginjak dan memukul korban
dengan menggunakan ban serep terhadap tubuh dan kepala korban,"" ungkapnya.

  
 _Simak kronologi kejadian di halaman selanjutnya._

 __

[Gambas:Video 20detik]

  
  

Selanjutnya __

Halaman

1  2  3

 ",www.detik.com
Perampok Sadis Tembak Mati Mahasiswi di Lampung Timur,"Senin, 24 Jan 2022 21:02 WIB","\-

Perampokan sadis menewaskan seorang mahasiswi, Leli Agustin (20), terjadi di
wilayah Way Bungur, Lampung Timur. Pelaku membawa kabur uang Rp 50 juta usai
menembak mati korban.

Peristiwa nahas tersebut berlangsung di salah satu gerai layanan keuangan non-
kantor, Jumat (21/1) sekitar pukul 17.15 WIB. Korban saat itu kebetulan
bekerja di gerai tersebut.

Aksi perampokan itu bermula saat pelaku menyamar sebagai nasabah mendatangi
gerai dengan maksud bertransaksi Rp 100 juta sekitar pukul 13.00 WIB. Korban
yang bertugas lalu berkonsultasi dulu dengan atasannya mengenai permintaan
pelaku.

""Pelaku pun sempat meninggalkan TKP terlebih dahulu,"" kata Kabid Humas Polda
Lampung Kombes Zahwani Pandra Arsyad saat dihubungi, Senin (24/1/2022).

Tak lama berselang sekitar pukul 15.00 WIB, pelaku kembali mendatangi gerai.
Namun, kali ini pria tersebut mengubah nominal transaksinya menjadi Rp 60
juta.

""Korban lalu menjawab hanya bisa menyanggupi Rp 50 juta saja. Pelaku lalu
meminta izin meninggalkan lokasi untuk makan,"" jelas dia.

Pandra menuturkan 2 jam berselang tepatnya pukul 17.15 WIB, pelaku kembali
datang menanyakan uang Rp 50 juta tersebut. Setelah memastikan uang tersebut
ada, pelaku langsung merampok korban.

Perlawanan pun dilakukan mahasiswi Statistik Universitas Nahdlatul Ulama
tersebut. Pelaku yang merasa terdesak dengan perlawanan korban, tiba-tiba
mengeluarkan sepucuk senjata dan menembakannya.

""Korban tewas terkena tembakan di bagian pipi. Warga yang mendengar teriakan
dan tembakan sempat mau menghalau pelaku, tapi malah ditembak juga, tapi
meleset,"" ujar dia.

Polisi yang mendapat laporan warga langsung bergegas ke lokasi kejadian. Pihak
kepolisian lalu membentuk tim khusus untuk memburu pelaku.

[Gambas:Video 20detik]

 ",www.detik.com
"Nekat Curi Besi Rel Kereta Api, Dua Pria di Binjai Ditangkap Polisi","Jumat, 08 Apr 2022 22:10 WIB","\-

Dua pria di Kota Binjai, Sumatera Utara (Sumut) ditangkap polisi karena
mencuri besi rel kereta api. Akibat aksi mereka, pihak Direktorat Jenderal
Perkeretaapian (DJKA) mengalami kerugian hingga Rp 200 juta.

Kasi Humas Polres Binjai Iptu Junaidi mengatakan, dua pelaku yang dibekuk itu
berinisial ARP (50) dan ZM (41) warga Kelurahan Tanah Tinggi, Binjai Timur.
Peristiwa itu diketahui terjadi pada Kamis kemarin.

""Pelapor, IEH, yang mewakili pihak DJKA sedang berada Rantauprapat dihubungi
oleh seorang saksi. Saksi itu memberitahukan bahwa ada aksi pencurian besi rel
di area Stasiun Kereta Api Binjai,"" ungkap Junaidi.

  

Pelapor lalu menuju TKP dan mendapati banyak besi rel yang telah dicuri. Dia
kemudian melaporkan kepada pimpinannya, sebelum akhirnya melapor ke polisi.

Polisi kemudian memburu para pelaku. Petugas menangkap pelaku berinisial ARP
beserta barang bukti dua potong besi rel kereta api yang diletakkan di atas
becak barang.

""Dari hasil interogasi, dilakukan pengembangan dan mengamankan satu pelaku
lainnya ZM,"" sebut Junaidi.

Sewaktu akan diamankan, ZM mencoba melarikan diri dengan mengendarai sepeda
motor. Dia berupaya menabrak petugas namun berhasil dicegah sehingga terjatuh.
Selanjutnya kedua pelaku diamankan di Polsek Binjai Timur untuk diperiksa
lebih lanjut.

Polisi menduga, besi rel kereta api yang dicuri para pelaku, hendak dijual di
toko barang bekas.

  
  
  
[Gambas:Video 20detik]  

 ",www.detik.com
Polda NTB Hentikan Proses Hukum Amaq Sinta,"Sabtu, 16 Apr 2022 17:14 WIB","\-

Kepolisian Daerah Nusa Tenggara Barat (NTB) akhirnya menghentikan penyidikan
terhadap Amaq Sinta, korban begal yang sempat ditetapkan menjadi tersangka
kasus pembunuhan gegara dua dari empat begal yang menyerangnya tewas.

""Berkaitan dengan penyidikan terhadap M alias AS,... menyimpulkan bahwa
terdapat fakta , yang dilakukan oleh saudara M alias AS adalah perbuatan
pembelaan terpaksa,"" tegas Kapolda NTB Irjen Djoko Poerwanto dalam keterangan
pers pada Sabtu (16/4/2022).

Djoko menegaskan bahwa tidak ditemukan unsur perbuatan melawan hukum, baik
secara formil maupun materiil. ""Kami menyimpulkan bahwa penyidikan kasus
tersebut dihentikan,"" tegas Djoko.

  

""Penghentian penyidikan dapat dilakukan demi kepastian hukum, kemanfaatan dan
keadilan,"" ujarnya.

Diberitakan sebelumnya, seorang pria NTB, Amaq Sinta, seorang korban begal
dijerat pasal pembunuhan karena melawan empat begal yang menyerangnya. Dua
dari empat begal tersebut tewas ditangan Amaq Sinta. Amaq Sinta sendiri sempat
ditahan beberapa hari di Mapolres Lombok Tengah, sebelum penahanannya
ditangguhkan. Kasus korban begal menjadi tersangka ini menjadi sorotan publik.

Pengungkapan kasus ini bermula dari penemuan mayat dua pria bersimbah darah di
Lombok Tengah Senin (11/4/2022) dinihari. Belakangan diketahui bahwa kedua
pria adalah pelaku begal yang dibunuh oleh korbannya. Korban pembegalan itu,
Amaq Sinta, justru dijadikan tersangka atas kasus pembunuhan akibat aksi bela
diri yang dia lakukan menyebabkan dua begal tewas. Dua orang begal lainnya
yang kabur dari Amaq Sinta, kini ditahan polisi atas sangkaan pasal pencurian
dengan kekerasan. Kedua begal itu juga menjadi saksi memberatkan untuk Amaq
Sinta yang justru dijerat pasal pembunuhan.

  
  
  
[Gambas:Video 20detik]  

 ",www.detik.com
Rekonstruksi Eks Kasatpol PP Bunuh Najamuddin Dimulai di Rumah Rachma Dishub,"Kamis, 19 Mei  2022 11:11 WIB","\-

Kasus pembunuhan pegawai Dishub Najamuddin Sewang yang diotaki Kasatpol PP
Makassar nonaktif Muhammad Iqbal Asnan direkonstruksi hari ini. Rekonstruksi
dimulai dari rumah Rachma Dishub Makassar, sosok wanita di balik hubungan
cinta segitiga korban dan tersangka Iqbal.

Pantauan di lokasi sekitar pukul 11.55 Wita, Kamis (19/5/2022), polisi dan
jaksa sudah berada di rumah Rachma di Perumahan Grand Aroepala Blok H 19,
wilayah Kelurahan Tamangapa Raya, Kecamatan Manggala, Kota Makassar. Tampak
petugas melakukan sejumlah persiapan terlebih dahulu.

Tampak pula Kasat Reskrim Polrestabes Makassar AKBP Reonald Truly Sohomuntal
Simanjuntak yang memimpin persiapan rekonstruksi. Namun sejauh ini belum
terlihat tanda-tanda kehadiran lima tersangka.

  

Selain itu, wanita Rachma yang notabenenya sebagai pemilik rumah juga belum
terlihat. Namun terlihat petugas sudah memasuki teras rumah milik Rachma.

Polisi juga sudah membuka pintu rumah milik Rachma dan terus melakukan
persiapan. Polisi juga tak henati-hentinya berkoordinasi dengan jaksa yang
juga hadir dalam rekonstruksi.

Sementara itu, sejumlah tetangga Rachma juga hadir menyaksikan proses
rekonstruksi kali ini. Namun mereka diminta jaga jarak agar proses
rekonstruksi tidka terganggu.

Seperti diketahui, Rachma Dishub Makassar adalah sosok yang disebut-sebut
sebagai sosok dalam hubungan cinta segitiga antara korban Najamuddin dan Iqbal
Asnan.

Wanita di pusaran cinta segitiga itu sebelumnya hilang jejak. Selain tak
pernah berkantor, Rachma kini tidak pernah terlihat di rumahnya saat
dikunjungi pada Jumat (29/4).

Rumah Rachma dalam keadaan kosong alias tak berpenghuni. Pagar rumah Rachma
tertutup rapat, begitu pula dengan pintu rumahnya. Hanya pintu terali pengaman
yang terbuka. Sementara, jendela rumahnya tertutup gorden berwarna putih.

Di halaman rumah, juga terlihat empat buah kursi berwarna cokelat tersusun di
sudut rumah. Ada juga satu sepeda berwarna kuning gading yang sudah tampak
berdebu.

![Rekonstruksi kasus pembunuhan pegawai Dishub Makassar Najamuddin Sewang
\(detikSulsel/Muh Ishak
Agus\)](https://akcdn.detik.net.id/community/media/visual/2022/05/19/rekonstruksi-
kasus-pembunuhan-pegawai-dishub-makassar-najamuddin-sewang-detiksulselmuh-
ishak-agus_169.jpeg?w=620)Foto: Rekonstruksi kasus pembunuhan pegawai Dishub
Makassar Najamuddin Sewang (detikSulsel/Muh Ishak Agus)  
  
---  
  
## Peristiwa Pembunuhan Najamuddin

Seperti diketahui, Najamuddin Sewang tewas ditembak saat melintas di pertigaan
Jalan Danau-Jalan Manunggal 22, Kecamatan Tamalate, Makassar, sekitar pukul
10.54 Wita, Minggu (3/4). Penembakan ini terekam kamera CCTV yang diambil dari
arah Jalan Manunggal 22 dan menyorot ke Jalan Danau Tanjung Bunga.

Dalam CCTV berdurasi 1 menit 20 detik diketahui lokasi kejadian di pertigaan
jalan atau dekat Masjid Cheng Hoo, Maccini Sombala, Kecamatan Tamalate, Kota
Makassar. Video dimulai dengan menampilkan dua mobil minibus yang melintas
lebih dulu.

Tampak korban melintas mengenakan sepeda motor berjaket cokelat. Tidak lama
terlihat ada satu pengendara motor berjaket kuning yang mendahului korban.

Setelah korban didahului pengendara motor tersebut, korban tiba-tiba terlihat
kehilangan keseimbangan. Petugas Dishub Makassar oleng ke arah kanan hingga
terjatuh di jalan.

Korban yang terjatuh sempat terlihat bergerak berupaya bangkit. Sejumlah
pengguna jalan yang melihat korban terjatuh langsung mendekati korban yang
sudah tidak berdaya, hingga diamankan di pinggir jalan.

## Kasatpol PP Makassar Ditangkap Sebagai Pelaku Pembunuhan

Kasatpol PP Makassar Muhammad Iqbal Asnan membuat geger setelah ditangkap
terkait kasus pembunuhan Najamuddin. Iqbal rupanya dalang yang mengotaki
pembunuhan Najamuddin.

Iqbal Asnan diringkus di Jalan Muhammad Tahir, Makassar, sekitar pukul 16.00
Wita, Sabtu (16/4). Iqbal langsung digelandang ke Markas Brimob Polda Sulsel
Jalan KS Tubun.

""Benar (Kasatpol Iqbal ditangkap),"" ungkap Kombes Budi Haryanto kepada
detikSulsel, Sabtu (16/4).

Budi mengatakan Iqbal Asnan terlibat cinta segitiga dengan korban Najamuddin.
Iqbal yang sakit hati merencanakan pembunuhan terhadap korban.

""Untuk motif daripada pelaku ini adalah cinta segitiga,"" ujar Budi.

![Rekonstruksi kasus pembunuhan pegawai Dishub Makassar Najamuddin Sewang
\(detikSulsel/Muh Ishak
Agus\)](https://akcdn.detik.net.id/community/media/visual/2022/05/19/rekonstruksi-
kasus-pembunuhan-pegawai-dishub-makassar-najamuddin-sewang-detiksulselmuh-
ishak-agus-2_169.jpeg?w=620)Foto: Rekonstruksi kasus pembunuhan pegawai Dishub
Makassar Najamuddin Sewang (detikSulsel/Muh Ishak Agus)  
  
---  
  
Budi menegaskan, penembakan maut ini tak ada kaitannya dengan masalah
instansi. Kasus ini murni permasalahan pribadi korban dan pelaku.

""Motif pribadi,"" ujar Kombes Budi Haryanto

  
  
  
[Gambas:Video 20detik]  

 ",www.detik.com
Polisi Ungkap Detik-detik Aksi Keji Anak Bunuh Ibu Kandung di Kendal,"Kamis, 19 Mei  2022 20:21 WIB","\-

Polisi terus mendalami kasus anak bunuh ibu kandung di Kabupaten Kendal.
Tersangka Sunarto alias Tumian secara keji membunuh ibu kandungnya, Suratmi.

""Setelah ada bukti kuat yang mengarah ke tersangka Tumian, kami langsung
melakukan penangkapan,"" kata Kapolres Kendal AKBP Yuniar Ariefianto saat rilis
kasus di Mapolres Kendal, Kamis (19/5/2022).

Peristiwa terjadi di Kecamatan Cepiring, Kabupaten Kendal, pada Desember 2021
lalu.

Yuniar menjelaskan, tersangka secara keji membunuh ibunya menggunakan senjata
tajam. Korban terluka di bagian kepala.

Lebih keji lagi, setelah melakukan aksinya itu, tersangka mengaku ke warga
bahwa ibunya menjadi korban kejahatan. Warga yang melihat korban masih hidup
lantas membawanya ke puskesmas untuk memperoleh pertolongan.

Mengetahui ibunya ternyata masih hidup, tersangka kembali berusaha menghabisi
ibunya. Saat berada di puskesmas, tersangka melepas selang oksigen yang
terpasang di hidung ibunya.

""Tersangka melepas selang oksigen yang dipakai korban. Sungguh keji sekali
perbuatan tersangka ini,"" paparnya.

Setelah ibunya benar-benar meninggal, tersangka mencoba memperkuat alibinya
dengan melapor ke polisi yang mengatakan bahwa korban dibunuh oleh orang tak
dikenal.

Alibi itu membuat polisi sempat kesulitan dalam penyelidikan kasus tersebut.
Beruntung, polisi memperoleh barang bukti kuat, salah satunya pakaian
tersangka yang terkena noda darah.

Selain itu polisi juga memegang rekaman CCTV di puskesmas yang memperlihatkan
saat tersangka mencopot selang oksigen yang digunakan oleh korban.

""Kami amankan barang bukti berupa sebilah sabit, kaus milik tersangka dan
sepeda motor. Tersangka kami jerat dengan pasal 340 KUHP atau 338 KUHP atau
351 KUHP dengan ancaman pidana maksimal 20 tahun penjara,"" ujar Yuniar.

Sementara itu, tersangka Sunarto alian Tumian tetap bersikukuh bahwa bukan
dirinya yang membunuh. Dia mengaku jika dirinya telah dijebak dan difitnah.

""Saya tidak membunuh, saya dijebak dan difitnah,"" kata Tumian saat digelandang
petugas.

  
  
  
[Gambas:Video 20detik]  

 ",www.detik.com
Wanita Tewas Korban Perampokan Sadis di Bone Dibunuh Pelajar Dendam,"Selasa, 15 Mar 2022 15:18 WIB","\-

Polisi mengungkap pelaku kasus perampokan sadis yang menewaskan wanita
Murniati (40) di Kabupaten Bone, Sulawesi Selatan (Sulsel). Korban ternyata
dibunuh pelajar 16 tahun inisial AM yang menyimpan dendam terhadap korban.

""(Pelaku) inisial AM pelajar 16 tahun,"" ungkap Kapolres Bone AKBP Ardiansyah
kepada wartawan, Selasa (15/3/2022).

Ardiansyah mengatakan, AM awalnya kedapatan mencuri rokok di kios korban.
Korban kemudian mengancam akan melaporkan AM ke polisi dan ke keluarganya.

  

""Pelaku meminta maaf namun korban tetap akan melaporkan hal tersebut,"" kata
Ardianysah.

Tak ingin aksi pencuriannya diungkap korban, AM lantas kembali ke rumah
mengambil pisau dapur yang diselipkan di pinggang sebelah kanan. Selanjutnya
AM kembali ke kios korban.

""Pelaku merasa jengkel dan langsung menikam kepala korban sebanyak 3 kali
hingga korban lari masuk ke dalam rumah,"" kata Ardiansyah.

Tak sampai di situ, AM menyusul korban yang masuk ke dalam rumah. Pelaku AM
kembali menyerang korban hingga tewas.

""Pelaku mendekat (ke arah) korban dan mengambil parang milik korban yang
tersimpan di dekat dapur dan memerangi korban beberapa kali hingga korban
meninggal dunia,"" katanya.

### Polisi Ungkap Tak Ada Pencurian Emas dan Uang Rp 45 Juta

Sebelumnya diberitakan, korban diduga meninggal usai diduga mempertahankan
uang Rp 45 juta dan emas 50 gram. Polisi mengatakan barang berharga korban tak
digasak AM karena hanya disembunyikan di rumah korban.

""Tidak ada kehilangan uang dan emas karena uangnya masih ada di dalam lemari
korban,"" kata Ardiansyah.

Ardianyah menegaskan, pembunuhan korban murni karena pelaku merasa jengkel
dengan korban sehingga melakukan pembunuhan.

""Pelaku merasa jengkel kepada korban karena kedapatan mencuri rokok hingga
diancam oleh korban ingin lapor polisi dan dilaporkan ke tante pelaku sehingga
pelaku merasa takut dan malu apabila ketahuan,"" ujar Ardiansyah menegaskan.

Diberitakan sebelumnya, korban ditemukan tergeletak di rumahnya di Desa
Pattiro, Kecamatan Dua Boccoe, Bone, sekitar pukul 09.00 Wita, Senin (14/3).
Saat ditemukan, kondisinya bersimbah darah dan diduga perampokan terjadi saat
malam hari yang mana korban memang tinggal seorang diri selama ini.

RSUD Tenriawaru menyebut Murniati total mengalami 13 luka. Ke-13 luka tersebut
didominasi luka pada bagian kepala korban.

""Hasil visumnya di kepala ada 13 titik luka, bagian kepala belakang atau
tulang kepala ada retak,"" kata Humas RSUD Tenriawaru, Ramli kepada Senin
(14/3).

Selain di kepala, ada juga luka menganga di atas alis kiri korban, telapak
tangan kanan, punggung, dan luka di tangan kiri korban.

""Kalau di badan ke bawah tidak ada. Memang, kalau visum hanya memeriksa bagian
luar tidak memeriksa bagian dalam, dan tidak memeriksa penyebab kematian.
Kalau penyebab kematian nanti bisa ditahu kalau autopsi,"" tambahnya.

  
  
  
[Gambas:Video 20detik]  

 ",www.detik.com
Terdakwa Curanmor di Gresik yang Sempat Kabur Akhirnya Tertangkap,"Senin, 13 Des 2021 22:22 WIB","\- Terdakwa pelaku curanmor yang sempat kabur di Gresik akhirnya tertangkap.
Pelaku terpaksa dilumpuhkan kakinya dengan timah panas karena melawan saat
hendak ditangkap.

Pelaku adalah Yosep Bao Open (38) alias Wilhelmus, warga Sikka, (NTT).
Wilhemus ditangkap di Jalan Kasuari, Surabaya.

""Sebelum ditangkap, empat hari lalu keberadaan tersangka sudah diendus petugas
gabungan dari Kejari dan Polres Gresik. Wilhelmus dilumpuhkan kakinya karena
melawan,"" ujar Kasi Intel Kejari Gresik Deni Niswansa, Senin (13/12).

Dalam pelariannya, Wilhemus berpindah-pindah lokasi. Namun ia akhirnya kos. Di
kos itu pula lah Wilhelmus digerebek dan diamankan meski sempat hendak kabur
lagi.

Wilhelmus yang merupakan tahanan Kejari Gresik kabur saat di Polsek Driyorejo.
Ia sempat duel melawan petugas sebelum akhirnya kabur. Penganiayaan terhadap
petugas telah dilaporkan sebagai kasus penganiayaan.

""Visum laporannya sudah kami laporkan ke Polres Gresik terkait penganiayaan.
Karena saat hendak ditangkap tersangka malah melawan sewaktu akan kabur,""
tandas Deni.

 ",www.detik.com
"Cinta Segitiga Maut, Tersangka Pernah Ingatkan Dini tapi Tak Digubris","Kamis, 19 Mei  2022 14:34 WIB","\-

Pembunuhan Dini Nurdiani (26) oleh tersangka Neneng Umaya (24) dilatari motif
cinta segitiga. Polisi mengungkapkan Neneng sebelumnya pernah mengingatkan
Dini Nurdiani untuk menjauhi suaminya, ID (27), tetapi tidak digubris.

Kabid Humas Polda Metro Jaya Kombes Endra Zulpan menjelaskan tersangka
merencanakan pembunuhan Dini Nurdiani setelah membongkar _chat_ di WhatsApp
suaminya. Setelah mengetahui _chat_ perselingkuhan itu, Neneng menghubungi
Dini untuk menjauhi suaminya.

""Setelah mendapat percakapan di _handphone_ suaminya, tersangka sudah berikan
peringatan ke korban, menurut pengakuannya,"" kata Zulpan kepada wartawan di
Polda Metro Jaya, Jakarta, Kamis (19/5/2022).

Namun peringatan Neneng Umaya ini tidak dihiraukan. Dini Nurdiani masih
melanjutkan hubungan asmara terlarang dengan suami Neneng hingga membuat
Neneng murka.

""Namun hubungan korban dan suaminya masih berlanjut. Inilah yang buat
tersangka melakukan perencanaan pembunuhan korban,"" tuturnya.

Neneng lalu menyusun rencana untuk membunuh korban. Neneng mengajak korban
bertemu dengan mengaku sebagai ID.

""Tersangka N alias M menghubungi korban menggunakan HP suaminya, kemudian
memperkenalkan diri sebagai adik suaminya dan mengajak bertemu,"" katanya.

Neneng dan Dini Nurdiani kemudian bertemu di halte bus di kawasan TMII,
Jakarta Timur. Neneng kemudian memukul kepala korban dari belakang hingga
korban terjatuh.

""Tersangka dari arah belakang memukul kepala korban dengan benda tumpul
sebanyak lima kali. Kemudian dilakukan tindakan lain dengan menggunakan
senjata tajam di bagian vital sehingga mengakibatkan korban meninggal,""
tuturnya.

Neneng kemudian membawa Dini Nurdiani ke Kranggan, Jatisampurna, Bekasi. Di
sana kemudian jasad Dini Nurdiani dibuang oleh Neneng.

Jasad Dini Nurdiani ditemukan pada 1 Mei 2022. Neneng ditangkap di Cipayung,
Jakarta Timur, pada Jumat (13/5).

Neneng telah ditetapkan sebagai tersangka dan ditahan di Polres Metro Bekasi
Kota. Neneng dijerat dengan Pasal 340 KUHP subsider Pasal 338 KUHP dengan
ancaman hukuman 20 tahun penjara.

 ",www.detik.com
Sindikat Curanmor Lintas Kabupaten Diamankan di Banyuwangi,"Rabu, 22 Des 2021 19:11 WIB","\- Komplotan pelaku curanmor lintas kabupaten dibekuk. Sebanyak 6 pelaku
diamankan, 3 lagi masih dalam pencarian orang atau DPO.

Keenam pelaku yakni ME (22) dan LH (24) asal Kabupaten Jember, TR (20), RG
(26), HP (20), satu lagi AHS (16) masih dibawah umur asal Lumajang.

Kapolresta Banyuwangi AKBP Nasrun Pasaribu menatakan sindikat pelaku curanmor
ini sedikitnya beraksi di tiga kabupaten. Masing-masing di Jember, Banyuwangi
dan Lumajang.

Khusus di Banyuwangi, mereka telah beraksi di 6 TKP. Target para pelaku
membidik kendaraan di lingkup perumahan.

""Motor yang disikat berada di perumahan. Bobol rumah, nggak ada orang, bawa
kabur,"" beber Nasrun kepada detikcom, Rabu (22/12/2021).

Dalam menjalankan aksinya mereka menggunakan kunci T untuk membobol motor yang
ditarget.

""Aksi mereka terorganisir, ada yang bagian eksekusi, pengintaian dan pemetaan,
penjemput, joki bahkan ada yang bagian perencanaan penjualan,"" kata Nasrun.

Saat ini, kasus ini masih dalam pengembangan. Polisi masih memburu tersangka
lain masing-masing inisial ED, IM, KM.

""Tiga orang kita tetapkan sebagai DPO, ketiganya memiliki peran penting
sebagai dalang dibalik pencurian ini,"" ujarnya.

Dari tersangka polisi mengamankan barang bukti diantaranya 2 unit motor, 1
kunci T dan 1 buah helm.

""Mereka disangkakan dengan Pasal 363 Ayat 2 KUHP JO Pasal 65 Ayat 1 KUHP JO
Pasal 56 KUHP. Dengan ancaman hukuman 9 tahun penjara,"" sebutnya.

Nasrun mengimbau warga agar lebih waspada. Khusus yang merasa pernah
kehilangan sepeda motor dapat menghubungi Polresta Banyuwangi.

""Bagi warga yang merasa memiliki kendaraan ini bisa diambil ke Polresta
Banyuwangi agar bisa dipergunakan,"" pintanya.

 ",www.detik.com
Polisi Tangkap Pembunuh Gadis ABG di Kaliputih Kebumen,"Kamis, 19 Mei  2022 16:30 WIB","\-

Polisi menangkap pelaku pembunuhan gadis ABG yang mayatnya ditemukan di ladang
Desa Kaliputih, Kebumen. Pelaku merupakan teman korban sendiri.

Dilansir detikJateng, Kamis (19/5/2022) pelaku ditangkap tim Jatanras Polda
Jateng dipimpin Kanit Jatanras Ditreskrimum Polda Jateng Kompol Onkoseno
Sukahar. Pelaku dibekuk di rumahnya kemudian diamankan di Polres Kebumen.

""Pelaku ditangkap di rumahnya di Wonosobo,"" kata Direktur Reserse Kriminal
Umum Polda Jawa Tengah, Kombes Djuhandhani Raharjo Puro, kepada wartawan di
Mapolda Jateng.

Djuhandhani mengungkapkan identitas pelaku yang diketahui bernama Riko (17).
Pelaku pertama kali bertemu dengan korban F (14) pada Kamis (12/5).

""Yang janjian dengan korban pertama kali dengan Riko melalui pesan WA.
Kemudian janjian bertemu di Alun-alun Kebumen hari Kamis tanggal 12 Mei 2022
sekitar pukul 03.00 WIB,"" kata Djuhandhani.

Bermula dari korban, pelaku, dan satu orang temannya berwisata dan menenggak
minuman keras di Waduk Wadaslintang. Ketiganya lalu pulang ke rumah masing-
masing. Keesokan harinya, ketiganya bertemu di tempat yang sama. Pelaku
kemudian menghabisi nyawa korban saat berdua dan mengambil ponsel serta motor
korban untuk jalan-jalan.

Baca berita selengkapnya di sini.

[Gambas:Video 20detik]

  
  

 ",www.detik.com
"Putri Kami 'Kumpul Kebo' dengan Bule AS di Apartemen, Bisakah Lapor Polisi?","Rabu, 06 Apr 2022 08:07 WIB","\-

Di mana pun, tentu orang tua sangat menyayangi anaknya, terlebih anak semata
wayang. Lalu apa jadinya bila putri semata wayangnya yang sudah dewasa 'kumpul
kebo' dengan bule tanpa seizin orang tuanya? Apakah ada UU yang bisa menjerat
pihak lelaki?

Hal itu menjadi pertanyaan pembaca detik's Advocate yang dikirim ke email:
redaksi@detik.com dan di-cc ke andi.saputra@detik.com Berikut pertanyaan
lengkapnya:

 _Assalamu'alaikum_

_Dengan Hormat,_

 _Saya mau minta advis mengenai kasus yang terjadi pada putri saya usia 20
tahun. Yang mana tiba-tiba saja meninggalkan rumah dan tinggal di apartemen
kenalannya seorang pria usia 30 tahunan, warga negara Amerika._

 _Bagi saya dan istri ini adalah musibah mengingat putri kami adalah anak satu
satunya dan sepertinya sudah sangat lengket dengan pria tersebut. Bagi kami
itu tidak masalah asalkan mereka resmi menikah. Namun sepanjang pengetahuan
kami bahwa pria ini hanya ingin mempermainkan putri kami yang masih lugu dan
pria itu tidak merespon permintaan kami bila memang serius maka temui kami dan
jelaskan rencananya._

 _Mohon advis nya apakah hal ini bisa diselesaikan secara hukum dengan bantuan
polisi dan lain-lain atau bagaimana ?_  
 _Intinya kami ingin putri kami kembali lagi ke rumah dan tidak tinggal
bersama pria lain di luar nikah._

 _Terima Kasih_  
 _Wassalam._

Untuk menjawab pertanyaan pembaca detik's Advocate di atas, kami meminta
pendapat advokat Berikut penjelasan lengkapn Achmad Zulfikar Fauzi di halaman
selanjutnya:

[Gambas:Video 20detik]

  
  

Selanjutnya __

Halaman

1  2  3

 ",www.detik.com
"Pasutri Bojonegoro Diamankan Curi Motor, Sudah Beraksi di 10 TKP","Jumat, 08 Apr 2022 21:57 WIB","\-

Pasangan suami istri (pasutri) di Bojonegoro ini sungguh kompak, tapi tidak
untuk ditiru. Keduanya tertangkap saat beraksi mencuri motor di kawasan Balen,
Bojonegoro.

Keduanya yakni Mukhamadun (40) dan Sri Sutrisni (36), warga Desa Sedeng,
Kecamatan Kanor, Bojonegoro.

Penangkapan terjadi sepekan lalu saat pasutri ini tengah mencuri motor. Usai
didalami polisi, ternyata keduanya merupakan pelaku pencurian spesialis motor
yang terparkir di pinggir sawah.

Dari hasil pemeriksaan petugas Sat Reskrim Polres bojonegoro, sedikitnya ada
10 lokasi yang menjadi TKP pencurian. 10 lokasi ini berada di tiga kecamatan,
yakni Balen sebanyak 6 TKP, Boureno 2 TKP dan 2 TKP lainnya di Kecamatan
Sumberejo.

Dalam aksinya, pasutri yang telah ditetapkan tersangka ini, selalu
berboncengan keliling area persawahan untuk mencari sasaran motor yang
diparkir di pinggir jalan atau persawahan. Jika dirasa kondisi aman, keduanya
langsung beraksi.

Pertama, sang suami turun dari motor dan menggunakan gunting untuk merusak
kunci kontak motor yang akan dicuri. Sedangkan sang istri pergi naik motor
yang tadi dikendarai berdua dengan suaminya.

""Modus operandinya curi motor yang di pinggir sawah dan pura-pura bawa tas
makanan untuk petani di sawah,"" jelas Kapolres Bojonegoro AKBP Muhammad, Jumat
(8/4/2022).

Sementara itu, Kasat Reskrim Polres Bojonegoro AKP Girindra Wardana menyebut
kedua tersangka memang nekat dalam melakukan aksinya.

Petugas pun menemukan sejumlah motor yang telah dicuri. Namun, ada beberapa
motor yang telah dijual.

""Pelaku suami istri kita jerat pasal 363 KUHP dengan ancaman 7 tahun penjara,""
ujar Kasat Reskrim Polres Bojonegoro Girindra Wardana.

Saat ini, tersangka sang suami masih dalam perawatan karena sakit sehingga
harus dibantar ke rumah sakit. Selain itu, motor-motor yang diamankan polisi
selanjutnya dilakukan penyerahan ke pemiliknya.

  
  
  
[Gambas:Video 20detik]  

 ",www.detik.com
Terungkap! Ini Identitas Terduga Maling Motor Tewas Dibakar Massa di Bangkalan,"Rabu, 06 Okt 2021 19:42 WIB","\- Identitas terduga maling motor (curanmor) yang tewas dibakar massa
terungkap. Korban berinisial R warga Desa Parseh, Kecamatan Socah, Bangkalan.

""Iya (sudah terungkap). Inisial R (50). Warga Desa Parseh, Kecamatan Socah,""
beber Kasat Reskrim Polres Bangkalan AKP Sigit Nursiyo Dwiyugo kepada
detikcom, Rabu (6/10/2021).

Menurut Sigit, terungkapnya identitas korban berawal saat petugas mendapatkan
sebuah handphone dari perangkat desa setempat. Handphone tersebut ditemukan di
dekat lokasi korban dibakar.

Dari temuan itu, polisi kemudian menyelidikinya dan Diketahui bahwa handphone
tersebut ternyata milik korban yang dibakar.

""Jadi petugas mengamankan handphone dari perangkat desa. Nemuin di dekat
korban pada saat dibakar itu. Setelah kita kroscek, registrasi nomornya
ternyata pas dengan KK-nya,"" papar Sigit.

Sigit menambahkan usai identitasnya terungkap, pihaknya langsung menghubungi
keluarganya. Jenazah kemudian langsung diserahkan pada malam kemarin dan
langsung dikuburkan.

""Sudah tadi malam. Jadi begitu identitasnya benar, klop langsung kita hubungi
keluarganya,"" tutur Sigit.

Sebelumnya, seorang terduga maling motor (curanmor) tewas dibakar massa.
Peristiwa itu terjadi di Desa Rabesen, Kecamatan Kwanyar, Bangkalan, Madura.

Kapolsek Kwanyar Iptu Mansur saat dikonfirmasi membenarkan kejadian tersebut.
Mansur mengatakan peristiwa itu terjadi sekitar pukul 02.00 WIB.

""Iya benar. Untuk kejadiannya kurang lebih pukul 02.00 WIB. Ya karena massa
banyak kemudian (pelaku) dibakar bersama motornya"" ujar Mansur kepada
detikcom, (5/10/2021).

 ",www.detik.com
Begal yang Ditembak Mati di Sumenep Diduga Idap Gangguan Jiwa,"Senin, 14 Mar 2022 12:07 WIB","\-

Seorang pria di Sumenep jatuh tersungkur ditembak. Hal ini usai dirinya
mencoba membegal seorang perempuan dengan menggunakan celurit. Ternyata, oleh
keluarga, pria tersebut hendak dikerangkeng karena kelakuannya yang
meresahkan.

Paman pelaku, Jalil, mengatakan keponakannya sering jalan kemana-mana dengan
membawa sajam dan meresahkan warga. Bahkan, pelaku pernah ketahuan mengambil
uang bendahara yang sedang tidur.

Jalil mengaku keponakannya memang suka mabuk dan keluar membawa saja. Pihak
keluar sempat melarang pemuda yang sehari-hari bekerja sebagai pencari batu
itu untuk keluar rumah.

""Dia minum-minuman sebelumnya, keluar dari rumah dia bawa semacam sabit
panjang senjata tajam, saya lihat itu dipegang dan tidak dikasih tahu saya,
terus berangkat, enggak respons langsung berangkat,"" kata Jalil, Senin
(14/3/2022).

Pelaku diduga mengalami gangguan kejiwaan atau stres usai berhenti dari
pekerjaannya. Sedangkan ibunya ada di Malaysia. Melalui telpon, ibunya sudah
melarangnya pergi keluar rumah karena takut mengganggu orang.

Jalil menambahkan, pelaku rencananya hendak dikerangkeng oleh keluarganya agar
tidak kemana-mana.

""Kan ibunya ada di Malaysia saya sudah amit (izin) ke ibunya, mau dirantai
dengan gembok atau mau dikerangkeng, semua orang di rumah sepakat untuk
diborgol itu"", terangnya.

Sebelumnya pemuda bernama Herman sempat mengancam seorang perempuan yang baru
selesai belanja di sebuah swalayan di Jalan Adirasa Sumenep dengan mengarahkan
celurit ke korban. Korban pun berteriak dan polisi datang untuk melumpuhkan
pelaku dengan belasan kali tembakan. Pelaku terjatuh dan akhirnya meninggal
saat perjalanan ke RSUD Moh. Anwar Sumenep.

  
  
  
[Gambas:Video 20detik]  

 ",www.detik.com
"Kolonel Garda Revolusi Tewas Ditembak di Jalanan Teheran, Iran Tuding AS","Senin, 23 Mei  2022 11:13 WIB","\-

Seorang kolonel dalam jajaran Garda Revolusi Iran tewas ditembak di luar
kediamannya di ibu kota Teheran pada Minggu (22/5) waktu setempat. Garda
Revolusi Iran pun menyalahkan pembunuhan itu pada para pelaku yang dituding
berkaitan dengan Amerika Serikat (AS) dan sekutu-sekutunya.

Seperti dilansir _AFP_ , Senin (23/5/2022), Korps Garda Revolusi Iran, yang
merupakan sayap ideologis dari militer Iran, mengidentifikasi anggotanya yang
tewas sebagai Sayyad Khodai, yang disebut berpangkat Kolonel.

""Sayyad Khodai... dibunuh dalam serangan bersenjata yang dilancarkan dua
pengendara sepeda motor di Jalanan Mohahedin-e Eslam di Teheran,"" demikian
seperti dilaporkan kantor berita Iran, _IRNA_.

Lebih lanjut, laporan kantor berita _IRNA_ menyebut Khodai terbunuh usai
terkena tembakan lima peluru saat pulang ke rumahnya di Teheran pada Minggu
(22/5) sore, sekitar pukul 16.00 waktu setempat.

Kantor berita _IRNA_ merilis foto yang menunjukkan sesosok pria duduk merosot
di kursi pengemudi di dalam sebuah mobil, dengan darah terlihat di bagian
kerah kemejanya yang berwarna biru dan di bagian lengan kanan atas.

Foto itu menunjukkan sesosok pria itu masih mengenakan sabuk pengaman dan
terdapat lubang bekas tembakan pada jendela mobil bagian depan pada sisi kursi
penumpang.

Kantor berita _IRNA_ menggambarkan Khodai sebagai 'pembela tempat suci' --
istilah yang biasa digunakan untuk menggambarkan siapa saja yang bekerja atas
nama Republik Iran di wilayah Suriah atau Irak.

[Gambas:Video 20detik]

Selanjutnya __

Halaman

1  2

 ",www.detik.com
"Perampok Minimarket di Tangerang Teridentifikasi, Sedang Diburu Polisi","Rabu, 20 Apr 2022 15:06 WIB","\-

Sebuah minimarket di daerah Pagedangan, Tangerang Selatan, disatroni perampok
bersenjata api. Polisi menyebut para pelaku kini telah teridentifikasi.

""Iya sudah, sudah (teridentifikasi). Tim sedang pengejaran,"" kata Kabid Humas
Polda Metro Jaya Kombes E Zulpan di Mapolda Metro Jaya, Jakarta, Rabu
(20/4/2022).

Perampokan itu terjadi pada Selasa (19/4), sekitar pukul 22.00 WIB. Tiga orang
pelaku terlibat dalam perampokan tersebut.

Zulpan mengatakan pihak kepolisian telah melakukan olah tempat kejadian
perkara (TKP) di lokasi. Sejumlah CCTV pun telah disita dalam proses
identifikasi pelaku.

Dia menambahkan, sejauh ini wajah dan ciri-ciri tiga orang pelaku perampokan
itu telah dikantongi penyidik.

""Saat ini tim dari Polda Metro dan Polres Tangsel sedang lakukan pendalaman
dan pengejaran terhadap para pelaku yang tentunya kita sudah melihat gambar
mereka dari CCTV dan keterangan dari para saksi korban,"" jelas Zulpan.

### Rp 70 Juta Digasak Pelaku

Aksi perampokan itu terjadi pada saat pegawai minimarket sedang dalam proses
menutup tokonya. Para pelaku lalu datang berpura-pura sebagai pembeli.

Ketiga pelaku lalu melakukan penodongan kepada pegawai minimarket. Satu pelaku
bahkan menodongkan senjata api ke arah kasir.

""Pelaku tiga orang di mana dua menggunakan senjata. Satu diduga senpi yang
sempat ditodongkan ke salah satu karyawan, yaitu kasir dan satu menggunakan
senjata tajam pisau,"" ujar Zulpan.

Lebih lanjut Zulpan mengatakan akibat perampokan itu pihak minimarket
mengalami kerugian hingga Rp 70 juta. Uang itu didapat pelaku dari dua tempat
penyimpanan di lokasi.

""Pihak Alfamart menderita kerugian uang sebanyak Rp 70 juta. Rp 30 juta
diambil dari kasir kemudian Rp 40 juta diambil dari brankas yang mereka paksa
untuk dibuka oleh karyawan Alfamart,"" pungkas Zulpan.

[Gambas:Video 20detik]

  
  

 ",www.detik.com
Begal Sadis yang Bikin Ibu Hamil Terjatuh di Bekasi Ditangkap!,"Jumat, 11 Mar 2022 15:27 WIB","\-

Polisi telah menemukan titik terang aksi begal sadis yang membuat ibu hamil, S
(31), terjatuh dari motor setelah didorong pelaku. Para pelaku kini telah
ditangkap polisi.

""Korban ibu yang sedang hamil dan sempat viral, kemudian dengan responsif
Polres Bekasi Kota dan Ditkrimum Polda Metro Jaya mengamankan para pelaku,""
ujar Kabid Humas Polda Metro Jaya Kombes Endra Zulpan kepada wartawan di Polda
Metro Jaya, Jakarta, Jumat (11/3/2022).

Zulpan mengatakan tujuh pelaku ditangkap, 4 di antaranya masih di bawah umur
dengan rentang usia 11-15 tahun. Saat ini mereka diamankan di Polres Metro
Bekasi Kota.

Sebelumnya, Kasat Reskrim Polres Metro Bekasi Kota Kompol Ivan Adhitira
mengatakan pihaknya telah mengetahui identitas para pelaku tersebut.

"" _Udah_ kita kantongi nama-namanya,"" ujar Irvan saat dihubungi, Kamis (10/3).

Ivan mengatakan timnya saat ini sedang memburu para pelaku ke sejumlah tempat
persembunyian. Enam pelaku kini diburu polisi.

""Sedang kita proses, kita proses pengejaran pelaku. Kalau pelaku dari CCTV ada
enam orang,"" ucapnya.

### Korban Dibegal Saat Berangkat Kerja

S menceritakan, kejadian yang menimpanya itu terjadi pada Selasa (8/3/2022),
pukul 05.00 WIB. Saat itu dia hendak pergi kerja menuju Rumah Sakit Hermina
Bekasi dengan mengendarai sepeda motor.

""Posisi saya mau berangkat kerja, saya tidak merasa kalau _diikutin_ motor,
kejadian singkat banget,"" ujar S saat dihubungi , Rabu (9/3).

Para pelaku lalu memepet motor korban dan mengambil kunci motor korban
sehingga terhenti. Lalu pelaku mendorong korban hingga terjatuh dan salah satu
pelaku sempat mengacungkan senjata tajam kepada S.

""Pas saya lihat ke depan, gantungan kunci motor saya sudah dibawa yang bonceng
di motor yang tadi mepet. Posisi motor langsung mati, motor kedua langsung
dorong saya sehingga motor roboh dan saya terlempar ke pinggir jalan. Motor
ketiga _berdiriin_ motor (saya) dan langsung kabur,"" ucapnya.

Salah satu pelaku menakuti S dengan senjata tajam berupa celurit. S tidak
berdaya menghadapi para pelaku.

""Yang bonceng di motor pertama _ngacung-ngacungin_ sajam berupa celurit,
(pelaku) yang lain juga bawa, tapi yang _nakutin_ satu,"" lanjutnya.

S mengatakan kondisinya baik-baik saja setelah dibegal para pelaku. Bayi dalam
kandungan yang berusia 4 bulan juga kondisinya baik.

[Gambas:Video 20detik]

  
  

 ",www.detik.com
"Siasat Jahat Sejoli Bunuh Pria di Tangerang, Korban Dijebak-Digetok Palu","Jumat, 03 Jun 2022 16:39 WIB","\-

Polisi mengungkapkan pembunuhan Bayu Samudra (19) direncanakan tersangka
Fachrul Ramadhan (21). Fachrul nekat menghabisi nyawa korban karena cemburu
lantaran pacarnya, yang juga mantan korban, kerap dihubungi.

Kabid Humas Polda Metro Jaya Kombes Zulpan mengatakan awalnya tersanga Fachrul
meminta kekasihnya, Dea (18), menghubungi korban untuk bertemu. Hingga
kemudian pada Rabu (1/6), korban bertemu dengan tersangka Dea di Ciledug,
Tangsel.

#### Korban Disemprot Cairan Carbon Cleaner

Kemudian, Dea dan Bayu menuju Jl Puri 11 arah masuk GT Tangerang, Parung Jaya,
Karang Tengah, Kota Tangerang. Saat itu, tersangka Fachrul sudah menunggu
mereka berdua dan berniat langsung membunuh korban.

""Pada saat tersangka dan korban bertemu, Tersangka DF kabur menggunakan motor
milik Tersangka FR. Tersangka FR langsung menyemprotkan cairan _carbon
cleaner_ tersebut, jadi menyemprotkan menggunakan _carbon cleaner_ ke arah
muka korban,"" ujar Zulpan dalam jumpa pers di Polda Metro Jaya, Jakarta, Jumat
(3/6/2022).

#### Korban Digetok Martil

Kemudian, ketika korban tengah membersihkan mukanya dari cairan tersebut,
tersangka FR langsung mengambil martil atau palu yang telah dipersiapkan di
dalam tas miliknya.

""Kemudian Tersangka FR langsung memukul ke arah kepala bagian belakang korban
sebanyak tiga kali. Sehingga korban terjatuh ke bawah dan tidak sadarkan
diri,"" jelas Zulpan.

Selanjutnya, tersangka Fachrul mendorong korban yang sudah tidak sadarkan diri
ke arah semak-semak. Setelah itu, Fachrul mengambil _handphone_ korban dari
dalam kantong jaket.

""Kemudian Tersangka FR setelah itu melarikan diri menggunakan sepeda motor
yang digunakan oleh korban yang juga sudah kita amankan sepeda motor
tersebut,"" ucapnya.

[Gambas:Video 20detik]

  
 _Baca di halaman selanjutnya: kedua tersangka ditangkap_

Selanjutnya __

Halaman

1  2

 ",www.detik.com
"Senang dan Kagetnya Tuyahman, Motor Hilang 12 Tahun Lalu Ditemukan","Sabtu, 13 Nov 2021 12:06 WIB","\-

Tuyahman senang sekaligus tidak percaya, motor miliknya yang hilang dicuri 12
tahun lalu telah ditemukan. Motornya itu ditemukan oleh anggota Polres
Pelabuhan Tanjung Priok.

Tuyahman bercerita awal mula motornya dicuri. Dia menyebut kejadian pencurian
12 tahun lalu, tepatnya Oktober 2008, itu bermula saat dia tengah membeli mi
ayam di Kalibata, Jakarta Selatan.

""Itu hilang di Kalibata di Jl Raya Pasar Minggu. Saya waktu itu lagi makan mi
ayam. Saya parkir di pinggir jalan, terus agak kehalangan tenda mi ayam. Nah,
pas saya keluar lagi, eh motor sudah nggak ada. Itu kejadian malam hari,
sekitar pukul 20.00 WIB ya,"" kata Tuyahman saat dihubungi , Sabtu
(13/11/2021).

Tuyahman kaget motornya raib digondol pelaku. Padahal motor itu digunakannya
untuk pulang-pergi kerja saat itu.

Dia pun segera melaporkan kasus pencurian yang dialaminya ke Polsek Pancoran.
Tuyahman berharap polisi bisa segera menemukan motornya tersebut.

### Sempat Cari ke Polres-polres

Tahun ke tahun berlalu, motor Tuyahman tak kunjung ditemukan hingga ia sempat
putus asa. Dia bahkan sempat mendatangi polres-polres dengan harapan motor, di
antara hasil kejahatan yang disita polisi, salah satunya adalah motor
miliknya.

""Sebenarnya ya dulu kan saya terima info ada banyak hasil motor kejahatan di
polres. Saya pernah datang berharap cek ada, ternyata nggak ada motor saya,
belum ada,"" katanya.

Sampai akhirnya Tuyahman mengikhlaskan motornya itu. Tuyahman pun berhenti
berharap motornya bisa ditemukan lagi.

  

[Gambas:Video 20detik]

  
  

Selanjutnya __

Halaman

1  2

 ",www.detik.com
Pemerintah Usul Pemerkosaan-Aborsi Tak Masuk RUU TPKS: Sudah Diatur di RKUHP,"Kamis, 31 Mar 2022 20:49 WIB","\-

Wakil Menteri Hukum dan HAM (Wamenkumham) Edward Omar Sharif Hiariej atau Eddy
mengusulkan soal pemerkosaan tak diatur dalam Rancangan Undang-Undang Tindak
Pidana Kekerasan Seksual (RUU TPKS). Eddy menjelaskan soal pemerkosaan sudah
diatur dalam revisi Kitab Undang-Undang Hukum Pidana (RKUHP).

""Saya mampu meyakinkan satu ini tidak akan pernah tumpang-tindih dengan RKUHP
karena kita membuat matriks ketika akan menyusun RUU TPKS. Khusus memang
mengenai pemerkosaan itu sudah diatur rinci di dalam RUU KUHP,"" kata Eddy
dalam rapat kerja dengan Badan Legislasi (Baleg) DPR RI di Kompleks Parlemen,
Senayan, Jakarta, Kamis (31/3/2022).

Sebagai informasi, dalam Pasal 245 RKUHP, dijelaskan:

_Setiap orang yang melakukan perampasan nyawa orang, penganiayaan, perkosaan,
perbuatan cabul, pencurian dengan kekerasan, atau perampasan kemerdekaan
berdasarkan diskriminasi ras dan etnis, pidana ditambah dengan 1/3 (satu
pertiga) dari ancaman pidananya._

 _Dalam Pasal 455 RKUHP, pidana penjara paling lama tiga tahun atau pidana
denda paling banyak kategori IV adalah setiap orang yang mengancam dengan
kekerasan secara terang-terangan dengan tenaga bersama yang dilakukan terhadap
orang atau barang, suatu tindak pidana yang mengakibatkan bahaya bagi keamanan
umum terhadap orang atau barang, dan perkosaan atau dengan perbuatan cabul.
Kemudian, suatu tindak pidana terhadap nyawa orang, penganiayaan berat, dan
pembakaran._

Selain soal pemerkosaan, Eddy mengusulkan aborsi dihapus dari RUU TPKS dan
sudah diatur rinci dalam Pasal 469 RKUHP. Dia menjelaskan soal pemaksaan
aborsi yang disebutnya telah diatur dalam pasal yang sama.

""Mengapa soal aborsi itu kami usul dihapus karena itu diatur dalam Pasal 469
yang dikatakan kemarin mengenai pemaksaan aborsi. Pemaksaan itu kan artinya
tanpa persetujuan, di dalam RKUHP itu perempuan yang tanpa persetujuannya
kemudian dilakukan pengguguran janin dan sebagainya masuk dalam konteks tindak
pidana,"" ujarnya.

Untuk diketahui, dalam Pasal 469 ayat 1 RKUHP dijelaskan:

 _Setiap perempuan yang menggugurkan atau mematikan kandungannya atau meminta
orang lain menggugurkan atau mematikan kandungan tersebut dipidana dengan
pidana penjara paling lama empat tahun._

 _Dalam Ayat 2 dijelaskan, setiap orang yang menggugurkan atau mematikan
kandungan seorang perempuan tanpa persetujuannya dipidana dengan pidana
penjara paling lama 12 tahun. Selanjutnya, dalam Ayat 3, jika perbuatan
sebagaimana dimaksud pada ayat (2) mengakibatkan matinya perempuan tersebut
dipidana dengan pidana penjara paling lama 15 tahun._

###

#### PKB Minta Pemerintah Pastikan Pasal Perkosaan Diatur Detail di RKUHP

Terkait bahasan tersebut, anggota Baleg DPR Fraksi PKB Luluk Nur Hamidah
angkat bicara. Dia meminta pemerintah memastikan pasal terkait perkosaan
diatur detail dalam RKUHP. Sebab, menurutnya, perkosaan atau pemaksaan
hubungan seksual adalah jantung kekerasan seksual.

""Bahwa RUU TPKS, saya tidak mengabaikan bentuk-bentuk kekerasan seksual yang
lain, tapi kekerasan seksual, perkosaan, pemaksaan hubungan seksual
sesungguhnya adalah jantung dari itu semua,"" katanya.

Dia mengungkit janin RUU TPKS yang muncul dari tuntutan ribuan korban yang tak
mendapatkan keadilan. Sebab, hal itu disebut tak diatur dalam Kitab Kitab
Undang-Undang Hukum Acara Pidana (KUHAP).

""Dulu ketika ini diusulkan juga menimbang ada ratusan ribu korban yang tidak
bisa mendapatkan keadilan karena ternyata KUHAP tidak dapat menjawab hal itu,""
ujar Luluk.

 ",www.detik.com
4 Eks Karyawan Bersenjata Rampok Brankas Minimarket di Depok,"Kamis, 14 Apr 2022 17:23 WIB","\-

Polisi menangkap 4 pelaku pencurian uang di brankas minimarket di Tanah Baru,
Beji, Depok. Dalam menjalankan aksinya, pelaku mengancam penjaga toko dengan
senjata tajam.

Kapolsek Beji, Kompol Cahyo, mengatakan keempat tersangka mempunyai peran
masing-masing. Dua orang menunggu di depan, dua lainnya masuk untuk
mengintimidasi penjaga.

""Dua pelaku masuk ke dalam minimarket membeli barang untuk mengetahui situasi
di dalam. Kemudian mereka memberi tahu 2 pelaku lagi yang berada di luar dan
masuk dengan membawa senjata tajam lalu melakukan pencurian,"" papar Kompol
Cahyo dalam keterangannya, Kamis (14/4/2022).

Disebut Cahyo, rata-rata pelaku memiliki latar belakang bekerja di minimarket.
Jadi, mereka mengetahui jam rawan hingga letak penyimpanan uang.

""Mereka rata-rata eks karyawan. Modus operandinya mereka ini mengidentifikasi
di mana ada minimarket yang lokasinya di pinggir jalan dan agak sepi. Mereka
tahu buka dan tutup jam berapa,"" sambungnya.

Empat pelaku diamankan berinisial MDM (19), F (19), MA (21), dan MFH (15).
Adapun F disebut sebagai pencetus pertama, yang mana sempat bekerja sebagai
penjaga di minimarket.

""Jadi pencetus ide pertama itu mantan karyawan inisialnya F. Salah satu pelaku
ada yang masih di bawah umur, diperintahkan untuk memantau, melihat situasi,
dan pura-pura belanja,"" sambungnya.  
  
Akibat perbuatannya, keempat pelaku terancam Pasal 365 KUHP perkara Pencurian
dengan Kekerasan. Polisi mengamankan sejumlah bukti, seperti pisau warna
silver, 2 unit motor untuk operasi, hingga sebuah CCTV.

[Gambas:Video 20detik]

  
  

 ",www.detik.com
"2 Maling di Pasuruan Tertangkap, Hasil Curanmor Dipakai Beli Chip Game Online","Selasa, 22 Feb 2022 05:00 WIB","\-

Polisi menangkap Dian Eka Prasetyo (24) dan Andrian (21), maling motor di
Pasuruan. Keduanya ditangkap setelah bersembunyi selama 23 hari.

Selama pelariannya, kedua warga Desa Tempuran, Kecamatan Pasrepan, Kabupaten
Pasuruan ini dibantu oleh keluarganya dan berpindah-pindah.

Polisi kemudian berhasil menangkapnya pada pada Minggu (18/2/2022). Keduanya
lalu dihadirkan dalam rilis. Saat ditanya untuk apa hasil kejahatannya, mereka
menjawab untuk kebutuhan sehari-hari.

Namun saat didesak, kedua pelaku mengaku memakai uang hasil kejahatannya untuk
membeli narkoba dan membeli chip game Higgs Domino Island.

""Hasil kejahatan untuk memenuhi kebutuhan sehari-hari, ada yang juga salah
satu tersangka yang menikmati hasil untuk membeli narkoba jenis sabu. Dan
mereka juga memakainya untuk membeli chip game online Higgs Domino Island,""
kata Kasat Reskrim Polres Pasuruan AKP Adhi Putranto Utomo, Selasa
(22/2/2022).

Penyataan polisi itu dibenarkan oleh salah satu tersangka bernama Andrian. Ia
mengakui telah aktif bermain game tersebut selama 1 tahun terakhir.

""Uangnya saya pakai beli chip buat main domino. Saya sempat beli 20 B. Rp 60
ribu per B. Sudah hampir satu tahun. Kalau menang ya saya dijual lagi,""
ungkapnya.

Senada Dian Eka juga mengaku membeli cip. Bahkan ia membelikannya untuk
mengonsumsi narkoba. ""Kadang buat beli sabu, main juga domino,"" tutur Dian.

Kasat Reksrim Polres Pasuruan AKP Adhi Putranto Utomo menegaskan pihaknya
tidak akan berhenti melakukan penangkapan pelaku kejahatan, terutama pencurian
motor. Ia meminta para pelaku kejahatan menyerahkan diri.

""Kami akan kejar sampai lubang semut. Kami minta para pelaku kejahatan segera
menyerahkan diri,"" pungkas Adhi.

  
  
  
[Gambas:Video 20detik]  

 ",www.detik.com
Bejat! Ayah di Buleleng Bali Diduga Perkosa Anak Kandung,"Rabu, 30 Mar 2022 19:04 WIB","\-

Seorang pria ditangkap aparat Polres Buleleng. Pria itu diduga memperkosa anak
kandungnya yang berusia 15 tahun.

""Korban disetubuhi oleh bapak kandungnya sendiri,"" kata Kepala Seksi Hubungan
Masyarakat (Kasi Humas) Polres Buleleng AKP I Gede Sumarjaya dalam
keterangannya, Rabu (30/3/2022).

Sumarjaya menuturkan pelaku memperkosa putrinya pada Sabtu (26/3), sekitar
pukul 00.30 Wita, di salah satu rumah di Kecamatan Sawan, Kabupaten Buleleng.
Kini pelaku masih berstatus sebagai terlapor di Polres Buleleng.

Awalnya korban sedang tidur di kamar dan didatangi oleh orang tuanya. Pelaku
lalu mengajak korban untuk melakukan perbuatan cabul, namun korban menolak.

Pelaku memaksa hingga kemudian memperkosa putrinya.

""Mengingat korban merasa takut waktu itu korban tidak melakukan perlawanan,""
terang Sumarjaya.

Pada akhirnya korban melaporkan peristiwa tersebut ke Unit Pelayanan Perempuan
dan Anak (PPA) Polres Buleleng. Saat melapor, korban didampingi ibu kandungnya
Pusat Pelayanan Terpadu Pemberdayaan Perempuan dan Anak (P2TP2A).

""Untuk sementara kasus ini masih dalam proses penyelidikan dan penyidikan dan
baru dilakukan permintaan keterangan terhadap korban dan pelapor,"" jelas
Sumarjaya.

Selanjutnya, kata Sumarjaya, pihaknya bakal segera memintakan _visum et
repertum_ (VeR) terhadap korban ke Rumah Sakit Umum Daerah (RSUD) Kabupaten
Buleleng. Selain itu, polisi bakal melakukan permintaan keterangan terhadap
pelapor dan korban.

""Ini kasusnya baru dilaporkan kemarin siang hari, Selasa tanggal 29 Maret
2022, perkembangan terhadap penanganan kasus ini akan disampaikan kemudian,""
ungkap Sumarjaya.

 ",www.detik.com
"Pergoki Aksi Curanmor Bersenpi, Pria Palembang Alami Luka Tembak","Rabu, 19 Jan 2022 10:43 WIB","\-

Video seorang sopir taksi online di Palembang, Sumatera Selatan, membawa
seorang pria dengan luka tembak beredar di medsos. Pria itu dilarikan ke RSMH
Palembang.

Seorang pria yang ikut mengantar korban ke rumah sakit mengatakan, peristiwa
itu terjadi, Selasa (19/1) malam. Pria itu diduga menjadi korban begal
bersenpi saat melintas di Jalan HM Noerdin Pandji menuju ke Simpang Bandara
Kecamatan Sukarami, Palembang, dengan menggunakan sepeda motor. Motornya nopol
BG-6123-ABD diduga dibawa kabur pelaku.

""Informasinya korbannya seorang pria pengendara motor yang kini mengalami luka
di bagian pinggul akibat ditembak pelaku, katanya motornya juga dirampas,""
kata _driver online_ tersebut yang tidak mau disebutkan namanya, Rabu
(19/1/2021).

Dia mengatakan kejadian tersebut diketahuinya lantaran mendapat orderan
langsung dari rumah korban. Korban meminta diantarkan ke rumah sakit.

""Waktu saya lihat keadaannya sudah begitu. Pesanan itu, meminta untuk diantar
ke rumah sakit Hermina Palembang,"" katanya.

Namun, lanjutnya, karena luka yang dialami korban terlihat cukup serius, pria
tersebut kemudian dirujuk ke RSUP Mohammad Hoesin Palembang (RSMH) guna
menjalani perawatan lebih lanjut.

""Lukanya tadi di pinggul sebelah kiri dekat paha. Sepertinya pelurunya tidak
tembus. Tapi sempat ke Hermina terus dirujuk ke RSMH,"" terangnya.

Pihak Kepolisian saat dikonfirmasi mengaku belum menerima laporan dari korban.
Namun, berdasarkan olah TKP dan keterangan korban, motornya memang diambil dan
dia ditembak pria bersenpi.

""Hasil olah TKP dan wawancara dengan korban di Rumah Sakit, bukan Begal tapi
curanmor terpergok oleh korban, di teriakkan korban maling sambil mengejar
pakai kayu, kemudian Pelaku langsung menembak korban,"" kata Kapolsek Sukarami
Palembang, Kompol Budi Hartono, ketika dimintai konfirmasi wartawan, Rabu
(19/1/2022).

 ",www.detik.com
"Dua Pencuri Gasak Rumah Mahasiswi di Lombok, 1 Pelaku Buron","Minggu, 29 Mei  2022 09:20 WIB","\-

Rumah seorang mahasiswi di Dusun Montong Pace, Desa Jatisela, Kecamatan
Gunungsari Lombok Barat digasak dua pencuri, Jumat (27/5/2022) sekitar pukul
18:00 Wita kemarin.

Barang berharga milik korban bernama Fitri (20 tahun) berupa laptop, gelang
emas, kalung emas serta handphone dibawa kabur pelaku.

Kapolsek Gunungsari AKP Agus Eka Artha Sudjana mengatakan aksi pencurian itu
terjadi usai kedua pelaku berhasil mencongkel pintu rumah korban lalu masuk
dan membawa barang-barang berharga milik korban.

  

""Pelakunya berjumlah dua orang. Keduanya masuk ke rumah korban dengan
mencongkel pintu depan,"" jelas Eka, Minggu (29/5/2022).

Sebelum kejadian kata Eka, korban atas nama Fitri yang merupakan mahasiswi di
salah satu kampus ini pergi meninggalkan rumah sebelum kejadian.

""Korban ini tidak di rumah. Kita sudah periksa sejumlah saksi-saksi,"" kata
Eka.

Sesuai petunjuk yang didapat dari keterangan para saksi kata Eka tim akhirnya
berhasil mengamankan salah satu pelaku yakni inisial Geron (29) tetangga dari
korban. ""Pelaku ini tinggal di wilayah tempat kejadian,"" sebut Eka.

Ada pun barang bukti yang diamankan dari tangan Geron berupa 1 buah laptop,
handphone milik tersangka dan satu handphone milik korban.

""Sementara satu rekan Geron ini masih kita buru,"" tegas Eka.

Atas peristiwa tersebut korban mengalami kerugian puluhan juta rupiah.

Untuk terduga pelaku Geron satu kini ditahan di Mapolsek Gunungsari. Atas
tindakannya pelaku diancam pasal 363 KUHP dengan ancaman kurungan 5 tahun
penjara.

  
  
  
[Gambas:Video 20detik]  

 ",www.detik.com
"3 Maling di Probolinggo Diringkus, 6 Motor Hasil Curanmor Disita","Senin, 11 Okt 2021 20:19 WIB","\- Seorang pencuri motor di Probolinggo menjadi bulan-bulanan massa setelah
gagal melakukan aksinya. Sebelum mendapat luka lebih serius, polisi berhasil
membawa pelaku keluar dari kerumunan massa.

Pelaku adalah P, warga Jember. P mencuri motor milik Nyoto, warga Sumbarasih,
Probolinggo yang sedang diparkir di pematang sawah.

Kejadian ini berawal saat pelaku ketahuan menaiki motor korban. Korban yang
mengetahui itu langsung meneriaki pelaku yang membuat warga beramai-ramai
mengejar pelaku. Pelaku pun akhirnya tertangkap.

""Motor korban diparkir di pematang sawah, korban melihat tanaman di sawah.
Terus sama pelaku motor korban dinaiki dan hendak dibawa kabur. Langsung
kepergok diteriakin maling, massa ikut mengejar dan berhasil menangkap pelaku,
pelaku diamuk massa"" ujar salah satu saksi, Fatah Prabowo kepada detikcom,
Senin (11/10/2021).

Polisi yang melakukan pengembangan dalam 3 jam kemudian menangkap dua pelaku
lain yakni N warga Kuripan, Probolinggo dan MZ warga Klakah, Lumajang. Polisi
juga menyita 6 unit motor yang diduga hasil curanmor yang disembunyikan di
rumah penadah MZ.

Kasat Reskrim Polres Probolinggo Kota AKP Teddy Tridani mengatakan meski sudah
mengamankan 3 pelaku lengkap dengan barang bukti, namun pihaknya akan terus
mengembangkan kasus curanmor ini, apakah ada TKP lain.

""Hasil penyelidikan dari tersangka yang diamankan warga, kita amankan 2 pelaku
lainnya yang salah satunya berperan sebagai penadah. 6 Motor hasil kejahatan
kita amankan dari rumah penadah, kita masih kembangkan apakah ada pelaku lain
serta TKP pencurian lainnya,"" kata Teddy.

[Gambas:Video 20detik]

 ",www.detik.com
Ini Motif Penjual Es Teh di Kalsel Bantai 2 Balita-Gorok Ibu Korban,"Sabtu, 04 Jun 2022 17:21 WIB","\-

Polisi mengungkap motif penjual es teh bernama M Iyan (21) di Tanah Bumbu,
Kalimantan Selatan (Kalsel) membunuh 2 balita dan menggorok ibu kandung
korban. Pelaku tersinggung karena ibu dua balita, Nor Laila (39) menumpahkan
es teh yang diantarkan pelaku.

""Mungkin (pelaku) takutnya disuruh ganti lagi, marah lah dia, langsung
melakukan tindakan yang di kronologi itu (bunuh 2 balita lalu ibu korban
digorok),"" ujar Kasi Humas Polres Tanah Bumbu AKP H I Made Rasa saat dihubungi
, Sabtu (4/6/2022).

Rasa mengatakan korban Nor Laila saat itu berada di rumah orang tuanya, Desa
Saring Sungai Bubu, Kecamatan Kusan Tengah, Tanah Bumbu, Kamis (2/6) sekitar
pukul 13.00 Wita. Rumah korban, pelaku, dan orang tua korban saling
berdekatan.

  

""Kebetulan rumah korban ini bersebelahan dengan pelaku penjual es, dia beli es
setelah diserahkan ke korban lalu tertumpah jatuh,"" katanya.

Pelaku awalnya hanya menyerang Nor Laila, namun dua anak balita korban yang
berusia 4 dan 6 tahun datang memukul pelaku. Akibatnya kedua balita itu
berbalik diserang pelaku dengan cara ditikam pisau pada bagian dadanya.

Selanjutnya pelaku kembali menyerang Nor Laila dengan pisau dapur. Korban
digorok pada bagian lehernya oleh pelaku.

""Korban meninggal itu anaknya, sempat kritis tapi sudah meninggal. Dua-duanya
meninggal di rumah sakit, satu saat diperjalanan satu lagi meninggal setelah
setengah dirawat,"" katanya.

## Pelaku Ditangkap Usai Buron 2 Hari

Sementara itu, pelaku M Iyan sempat melarikan diri lewat jendela belakang
rumah. M Iyan ditangkap dua hari kemudian di Desa Penyolongan Kecamatan Kusan
Hilir, Tanah Bumbu, Sabtu (4/6) dini hari tadi.

""Tersangka dibawa ke kantor Polres Tanah Bumbu guna proses hukum lebih
lanjut,"" kata Rasa.

Dia mengatakan pelaku sempat disaksikan sejumlah tetangga korban saat kabur.
Dari situlah polisi mengidentifikasi M Iyan sebagai pelaku pembunuhan.

""Dia melarikan diri di tanah bumbu juga, di rumah keluarganya,"" kata Rasa.

Selain menangkap pelaku, polisi juga mengantongi pisau dapur yang dipakai
membunuh korban. Pisau itu diduga dibawa sendiri oleh pelaku saat mengantar es
teh kepada korban.

""Dia bawa sendiri (pisau dapurnya), di rumah korban kan nggak ada pisau, orang
di sini terbiasa, orang Banjar terbiasa kadang-kadang sering jalan bawa pisau
di pinggang,"" katanya.

  
  
  
[Gambas:Video 20detik]  

 ",www.detik.com
Polisi Ungkap Kronologi Begal yang Digagalkan Anggota TNI di Jaksel,"Senin, 09 Mei  2022 18:17 WIB","\-

Anggota TNI AD, Prada Junior Noval Ibrahim dan Prada Ardian Sapta Savela,
menggagalkan aksi begal yang menimpa keduanya di Kebayoran Baru, Jakarta
Selatan. Polisi mengungkap kronologi kejadian tersebut.

Kabid Humas Polda Metro Jaya Kombes Endra Zulpan menjelaskan kronologi aksi
begal yang terjadi pada Sabtu (7/5/2022), sekitar pukul 05.00 WIB di Jl Bumi,
Kebayoran Baru, Jakarta Selatan, tepatnya di depan SMPN 29 Jakarta.

""Benar, pada Sabtu, 7 Mei pukul 05.00 pagi hari, telah terjadi pembegalan
terhadap pengendara roda dua yang kebetulan adalah anggota TNI. Kemudian
dicoba dihentikan 4 motor pelaku begal,"" jelas Kombes Zulpan kepada wartawan
di Polda Metro Jaya, Jakarta, Senin (9/5).

####

#### Anggota TNI Tendang Motor Pelaku

Para pelaku saat itu menyuruh kedua anggota TNI tersebut untuk berhenti.
Kemudian, kedua anggota TNI itu menepi, salah satu pelaku berteriak 'Berhenti,
kita begal, nih'.

""Korban kemudian melakukan perlawanan. Akibat perlawanan ini membuat keempat
pelaku mencoba lari, kemudian dilakukan pengejaran oleh korban,"" imbuhnya.

Dalam pengejaran itu, salah satu anggota TNI tersebut menendang salah satu
motor pelaku. Akibatnya, pelaku terjatuh dari motor.

""Kemudian, akibat terjatuh, salah satu pelaku diamankan. Salah satu pelaku
atas nama Muhammad Rizki ini berhasil diamankan dan sudah ditangani Polsek
Kebayoran Baru,"" ungkapnya.

Zulpan mengatakan pihaknya masih menyelidiki kejadian tersebut. Pihak
kepolisian saat ini masih melakukan pengejaran terhadap pelaku lainnya.

 _Simak di halaman selanjutnya: aksi anggota TNI melawan 9 begal._

[Gambas:Video 20detik]

  
  

Selanjutnya __

Halaman

1  2

 ",www.detik.com
"Selama Ramadan, Polisi Ringkus 16 Pelaku Kejahatan di Bandung","Kamis, 21 Apr 2022 01:30 WIB","\-

Polisi meringkus belasan tersangka tindak pidana selama bulan Ramadan. Para
pelaku melakuka aksi nekat dari mulai pencurian hingga begal.

""Total ada 16 tersangka dari lima perkara ini sejak Maret hingga April,"" ucap
Kapolrestabes Bandung Kombes Aswin Sipayung di Mapolrestabes Bandung, Jalan
Jawa, Kota Bandung, Rabu (20/4/2022).

Aswin menuturkan, lima perkara yang diungkap oleh Polrestabes Bandung dan
Polsek-polsek di Bandung ini terdiri dari beberapa tindak pidana. Mulai dari
pencurian hingga begal.

  

""Kasusnya ada curanmor, pencurian dengan pemberatan, pencurian dengan
kekerasan, penganiayaan hingga pengeroyokan,"" tutur dia.

Untuk kasus begal, kata Aswin, ada dua orang tersangka yang diamankan. Menurut
Aswin, insiden itu dilakukan para pelaku dengan merampas ponsel.

""Mereka ini menggunakan kendaraan langsung merampas HP yang dipegang korban,""
kata dia.

Sementara itu, banyak warga diprediksi akan meninggalkan rumah saat mudik
tahun ini. Polisi bakal mengamankan rumah-rumah warga yang ditinggal mudik.

""Kita lakukan preventif untuk mengantisipasi rumah-rumah yang akan ditinggal
oleh warga mudik ke luar Bandung,"" ujarAswin.

Aswin menuturkan, rumah yang ditinggal berpotensi menjadi korban tindak pidana
kejahatan. Oleh karena itu, para polisi di tingkat polsek akan berpatroli di
wilayahnya masing-masing guna mencegah terjadinya tindak pidana.

""Kita antisipasi terhadap kemungkinan kejahatan tersebut,"" kata dia.

Selain mengawasi rumah-rumah yang ditingggal pemudik, Aswin menuturkan
pihaknya juga mencegah terjadinya tindak pidana di bank. Saat menjelang
Lebaran, transaksi di bank diprediksi meningkat.

""Kemudian juga pencurian dengan pemberatan terhadap petugas atau masyarakat
yang mengambil uang di bank,"" tuturnya.

 ",www.detik.com
Kawanan Perampok Gondol Paket di Tempat Ekspedisi Bandung,"Kamis, 16 Jun 2022 10:36 WIB","\-

Aksi perampokan terjadi di salah satu tempat transit ekspedisi di Bandung.
Sejumlah paket raib digondol kawanan pelaku. Aksi dugaan perampokan tersebut
berlangsung di Jalan Situ Aksan, Kelurahan Pagarsih, Kecamatan Babakan
Ciparay, Kota Bandung pada Kamis (16/6/2022).

Aksi mereka juga sempat terekam kamera CCTV. Dalam video tersebut, awalnya
terlihat ada dua orang menggunakan sepeda motor melintas di permukiman warga.
Salah satu dari mereka tampak berjalan ke sebuah bangunan berpintu biru dan
masuk ke dalam bangunan itu.

Sementara pengendara sepeda motor menyusul masuk ke bangunan berpintu biru
tersebut. Tak lama, terlihat mereka tampak membawa barang-barang dari dalam
bangunan tersebut.

  

Belakangan diketahui, aksi itu terjadi di sebuah tempat transit jasa ekspedisi
e-commerce. Irwan (47) salah seorang warga mengatakan pelaku diduga ada dua
orang.

""Posisi di dalam (tempat transit) ada dua orang. Yang satu lagi main HP dan
satu lagi sedang tidur. Pelaku awalnya satu, kemungkinan bawa senjata tajam,""
ucap dia kepada wartawan.

Dalam aksi itu, kata Irwan, pelaku membawa sejumlah barang dari tempat
ekspedisi tersebut.

""Bawa dua HP, komputer sama 10 paket,"" katanya.

Dikonfirmasi terpisah, Kapolsek Babakan Ciparay Kompol Sumi mengaku belum
menerima laporan atas kejadian itu. Pihaknya masih akan mengecek lokasi
kejadian termasuk laporan atas kejadian tersebut.

""Kita belum dapat laporannya. Kita masih cari dimana TKP-nya. Soalnya sampai
sekarang belum menerima laporannya,"" kata Sumi.

 ",www.detik.com
"Sejoli di Jakut Hampir Dibegal, Sempat Terluka Kena Sabetan Sajam","Selasa, 18 Jan 2022 12:11 WIB","\-

Seorang wanita bersama kekasihnya hampir menjadi korban pembegalan saat
melewati Jalan Plumpang Semper, Jakarta Utara. Korban terluka terkena sabetan
senjata tajam.

Korban, Putri, menyebutkan peristiwa itu terjadi pada Minggu (16/1/2022) pukul
23.00 WIB. Saat itu dia dan kekasihnya dalam perjalanan pulang menggunakan
motor.

""Kronologinya, _gua_ berdua sama cowok _gua_ mau balik ke rumah,"" tulis putri
dalam Instagram Story-nya.

Putri mengatakan, sebelumnya, dia merasa diikuti oleh pelaku. Tepat di dekat
RS Mulyasari, pelaku yang berboncengan kemudian mendekat dan berusaha
mengambil tasnya.

"" _Gua_ rasa _gua udah diikutin_ dari Pasar Uler. Pas di dekat RS Mulyasari,
pelaku boncengan mepet motor _gua_ dan _ngambil_ tas _gua_ yang _gua
selempangin_ di kiri,"" ujarnya.

""Tas _gua_ talinya copot, langsung jatuh, _gua gercep_ turun _ngambil_ tas. Si
pelaku _ngikutin gua._ Dia bawa senjata tajam yang kelihatannya itu parang,""
imbuhnya.

Putri menambahkan terluka akibat sabetan senjata tajam pelaku. Dengan cepat,
Putri pergi ke tengah menuju mobil yang melintas sambil teriak maling.

""Paha _gua_ kena tebasan sedikit, lalu _gua_ lari ke tengah jalan yang
kebetulan ada dua mobil, _gua muter-muterin_ tuh mobil karena _gua_ panik
takut kena tebas lagi sambil teriak-teriak maling,"" tambahnya.

Saat kejadian, kekasih korban juga sempat mendekat ke korban sambil membawa
motornya. Karena posisinya dekat dengan pelaku, kekasih korban juga sempat
terkena sabetan sajam.

""Pas _gua_ lagi lari-lari _muterin_ mobil. Posisinya rada _deket_ dan _bener
aja,_ dia kena tebas di lengan. Untungnya nggak ada luka, dia pakai jas
hujan,"" kata Putri.

Selanjutnya __

Halaman

1  2

 ",www.detik.com
Ini Titik Got di Cijantung Lokasi Maling HP Kabur hingga Menghilang,"Selasa, 24 Mei  2022 17:20 WIB","\-

Pelaku pencurian _handphone_ (HP) di Cijantung menceburkan diri ke got setelah
kepergok korban. Berdasarkan cerita saksi mata, pelaku disebut sempat terjun
ke kali di jembatan dekat Masjid Amantubillah, Indolakto, Cijantung.

Pantauan di lokasi, Selasa (24/5/2022), kali tersebut terletak di Jalan
Gongseng Raya menuju Kalisari. Kali itu terhubung gorong-gorong di bagian
bawah sisi sebelah kanan.

Jika ditelusuri, bagian got itu menjalar sampai permukiman warga melewati
kantor ekspedisi, bengkel, hingga warung makan.

Gorong-gorong dari beton _U-ditch_ itu memiliki lebar sekitar 1,5 meter. Ada
bagian gorong-gorong yang tertutup aspal lantaran digunakan kendaraan masuk ke
dalam gedung.

Gorong-gorong tersebut juga melintasi Gang Kameli hingga menjalar ke pertigaan
Jalan Pondok Baru dan Jalan Gongseng Timur Raya.

Salah seorang petugas keamanan, Slamet Sugianto (40), mengatakan peristiwa itu
terjadi pada Minggu (22/5) saat azan Subuh berkumandang. Slamet mendengar
teriakan maling yang dilontarkan korban.

""Jadi korban _ngejar_ sambil teriak-teriak 'maling... maling...!' begitu,
karena suaranya samar pas azan Subuh ini (lokasi) dekat masjid. Korban bapak-
bapak,"" kata Slamet saat ditemui di lokasi.

![Seorang pencuri HP di Cijantung, Pasar Rebo, Jaktim, menceburkan diri ke
gorong-gorong usai aksinya dipergoki korban. Damkar ikut terjun mencari pelaku
\(dok Gulkarmat
Jaktim\)](https://akcdn.detik.net.id/community/media/visual/2022/05/24/seorang-
pencuri-hp-di-cijantung-pasar-rebo-jaktim-menceburkan-diri-ke-gorong-gorong-
usai-aksinya-dipergoki-korban-damkar-ikut-_169.png?w=620)Damkar ikut memasuki
gorong-gorong untuk mencari pelaku pencurian HP. (Foto: dok. Gulkarmat Jaktim)  
  
---  
  
Ia mengatakan korban sempat mengejar pelaku menggunakan sepeda motor dari
Jalan Bima ke arah Jalan Raya Gongseng. Sesampainya di jembatan, pelaku
kemudian masuk ke dalam gorong-gorong.

""Kemudian pelaku pencuri masuk kolong jembatan, langsung masuk gorong-gorong.
Pada saat kejadian, ada bekas telapak kaki pencuri itu,"" ujarnya.

Slamet tak bisa merinci ciri-ciri pelaku lantaran kondisi yang masih gelap.
Selepas korban menyebut pencuri masuk got, petugas PPSU dikerahkan untuk
membantu.

""Berbagai cara dilakukan dengan memanggil PPSU, terus juga petugas Damkar
telusuri gorong-gorong,"" ungkap dia.

 _Simak selengkapnya di halaman selanjutnya._

 __

[Gambas:Video 20detik]

Selanjutnya __

Halaman

1  2

 ",www.detik.com
"Pria di Bogor Dibegal Kawanan Bersenjata, Korban Luka Bacok di Tangan","Rabu, 01 Jun 2022 17:45 WIB","\-

Pria berinisial RJ (47) menjadi korban begal di kawasan Mekarsari, Kecamatan
Cileungsi, Kabupaten Bogor. Pelaku berjumlah dua orang.

Kapolsek Cileungsi Kompol Andry Frans Ferdyawan mengatakan korban saat itu
hendak pulang ke rumah di kawasan Desa Mampir. Korban lalu dicegat di jalan
oleh para pelaku.

""Dia arah mau pulang, terus dicegat sama dua orang di belakang Mekarsari itu,""
kata Andry saat dihubungi, Rabu (1/6/2022).

Peristiwa itu terjadi pada Selasa (31/5) dini hari. Korban kemudian dilarikan
ke rumah sakit usai diserang oleh pelaku begal.

""Korban dibawa ke Rumah Sakit Hermina Cileungsi,"" jelasnya.

Akibat peristiwa itu, korban mengalami luka bacok di bagian tangan. Namun,
tidak ada barang korban yang hilang.

""Nggak ada yang hilang, korban lagi lewat keburu tancap gas setelah kena itu,""
jelasnya.

Andry mengatakan telah meminta korban membuat laporan atas kejadian yang
menimpanya. Pihak kepolisian kini tengah menyelidiki kasus tersebut.

[Gambas:Video 20detik]

  
  

 ",www.detik.com
Detik-detik Pria Perkosa Siswi SMP Bandung di Dalam Angkot,"Rabu, 18 Mei  2022 17:05 WIB","\-

Siswi SMP berusia 15 tahun jadi korban pemerkosaan sopir angkot jurusan
Cililin-Cijenuk, Kabupaten Bandung Barat, pada Senin (9/5/2022).Korban
diperkosa Deri Aryanto (32) di dalam angkot yang dikemudikannya pukul 23.00
WIB.

Sebelum diperkosa, oleh pelaku, korban sempat diberi minuman ringan serta
sebutir pil yang diduga obat tidur. Tujuannya agar korban tak melawan saat
hendak diperkosa.

""Betul korban sempat diberi minuman sama pil (obat). Tapi jenisnya masih belum
diketahui dengan pasti, tapi dugaan kami itu sejenis obat tidur,"" ujar
Kapolsek Sindangkerta AKP Yogaswara, Rabu (17/5/2022).

  

Saat itu, korban menolak minuman dan obat yang diberikan pelaku. Tetapi teman
korban yang saat itu ada di dalam angkot, menelan obat dan minuman ringan yang
diberikan pelaku sampai akhirnya tertidur pulas di dalam angkot.

""Kalau (teman) korban ini menolak, tapi temannya minum. Oleh korban, obat dari
pelaku dibuang,"" ucap Yogaswara.

Akhirnya pelaku mendorong korban sampai terlentang di dalam angkot. Pelaku
juga mengancam korban secara verbal agar korban diam dan menuruti nafsu bejat
pelaku.

""Untuk ancamannya verbal. Jadi pelaku bilang ' _cicing maneh, moal dileupas ku
urang_ ' (diam kamu, tidak akan saya lepaskan). Kemudian korban langsung
diperkosa di dalam angkot tersebut,"" jelas Yogaswara.

Usai diperkosa, korban diantarkan pelaku ke daerah Cililin. Selanjutnya pelaku
langsung melarikan diri. Korban dan orang tuanya baru melaporkan kejadian
tersebut kepada polisi empat hari berselang.

""Orang tua korban ini baru melapor ke Polsek Sindangkerta tanggal 13 Mei. Dari
situ kami langsung lakukan pengejaran terhadap pelaku dan diamankan hari itu
juga,"" tutur Yogaswara.

Setelah melakukan penyelidikan, pelaku berhasil diringkus tak lama kemudian.

""Untuk saat ini pelaku sudah kami amankan. Pelaku disangkakan Pasal 81, Pasal
82 UU RI No. 35 tahun 2014 tentang perubahan atas UU RI No 23 tahun 2002
tentang Perlindungan Anak,"" ucap Yogaswara.

Akibat perbuatannya, pelaku terancam minimal 5 tahun penjara dan maksimal 15
tahun penjara.

  
  
  
[Gambas:Video 20detik]  

 ",www.detik.com
Saat Santet Kiriman Eks Kasatpol PP Makassar Tak Mempan Bunuh Najamuddin,"Jumat, 20 Mei  2022 06:30 WIB","\-

Aksi Kasatpol PP Makassar nonaktif Iqbal Asnan mengirim santet ke rumah
pegawai Dishub Najamuddin Sewang terungkap saat rekonstruksi kasus. Namun
santet kiriman itu tak mempan sehingga tersangka Iqbal menyusun rencana
pembunuhan terhadap korban.

Rekonstruksi kasus ini mengungkap Iqbal Asnan mengirim santet melalui
perantara tersangka Muhammad Asri. Asri menjadi 'eksekutor' santet bersama
seorang saksi bernama Sahabuddin.

Rekonstruksi kiriman santet digelar langsung di kediaman korban di Residence
Alauddin Blok K, Jalan Sultan Alauddin, Makassar, Kamis (19/5). Peragaan
adegan pengiriman santet dimulai dengan Asri dan Sahabuddin berboncengan motor
melintasi jalan depan rumah korban.

  

Sahabuddin bertindak sebagai orang yang mengendarai motor. Kemudian tersangka
Asri yang dibonceng terlihat melempar botol berisi air minum ke dalam teras
rumah korban.

Setelah pelemparan itu dan motor keduanya melewati rumah korban, Sahabuddin
lantas menyetop kendaraan dan bertukar posisi dengan Asri. Asri mengambil alih
untuk mengendarai yang motor dan giliran Sahabuddin yang duduk di belakang.

Asri kemudian memutar balik motor dan kembali melintasi jalan depan rumah
korban. Sahabuddin yang dibonceng melemparkan sebutir telur ke dalam teras
rumah korban.

Selanjutnya keduanya meninggalkan rumah korban. Namun seperti diketahui, upaya
santet ini tak mempan untuk membunuh korban.

## Iqbal Asnan Susun Rencana Bunuh Najamuddin

Setelah upaya pengiriman santet namun tak mempan, Iqbal Asnan mencoba cara
lain. Dia mencari seseorang untuk mengeksekusi pembunuhan korban Najamuddin.

Hal ini terlihat saat tersangka Iqbal memperagakan rekonstruksi di Balai Kota
Makassar. Tersangka Iqbal berbincang 4 mata dengan tersangka Sulaiman di
ruangan Kasatpol PP Makassar.

Sulaiman menemui Iqbal Asnan sekitar pukul 18.30 Wita pertengahan Januari
2022. Iqbal curhat ke Sulaiman bahwa istrinya Rachma Dishub Makassar kerap
diganggu oleh korban.

Iqbal juga mengaku sudah berkali-kali memperingatkan korban agar menjauhi
istrinya. Namun Iqbal menilai peringatan ini tidak diindahkan sehingga dia
meminta Sulaiman mengeksekusi korban.

""Kamu mau saya suruh eksekusi,"" kata Iqbal Asnan seperti dilihat dalam teks
adegan rekonstruksi.

Permintaan Iqbal tak disanggupi oleh tersangka Sulaiman. Alhasil Iqbal meminta
Sulaiman agar mencari orang lain yang bisa mengeksekusi korban dan belakangan
diketahui orang itu adalah rekan Sulaiman di Brimob Polda Sulsel bernama
Chaerul Akmal.

Kasat Reskrim Polrestabes Makassar AKBP Reonald Truly Sohomuntal Simanjuntak
turut mengkonfirmasi rencana Iqbal Asnan di ruangannya saat bertemu dengan
Sulaiman. Rheonald mengatakan perencanaan itu sifatnya pembicaraan awal.

""Baru berbicara untuk permintaan eksekusi yang berani eksekusi, karena sempat
ditolak oleh SL (Sulaiman alias SA) akhirnya diminta mencari yang berani,
akhirnya itu bertemulah tersangka CH (Chaerul Akmal),"" katanya kepada .

## Penjelasan Polisi Iqbal Asnan Hendak Bunuh Najamuddin Pakai Dukun

Polisi sebelumnya sudah menjelaskan tersangka Iqbal Asnan memang awalnya
berupaya membunuh Najamuddin melalui jasa dukun.

""Adapun langkah atau cara si otak pelaku ini melakukan pembunuhan berencana
ini mulai dari mencari dukun,"" ungkap Kapolrestabes Makassar Kombes Budi
Haryanto saat jumpa pers di Polrestabes Makassar, Senin (18/4) lalu.

Polisi juga menjelaskan Iqbal Asnan sudah merencanakan pembunuhan Najamuddin
sejak tahun 2020. Salah satu aksi upaya yang pernah dicoba adalah mengirim
santet tersebut.

""Ada orang disuruh untuk melempar sesuatu (santet) ke rumah korban. Tetapi
tidak meninggal,"" jelasnya.

Polisi juga mengakui pengiriman santet untuk membunuh Najamuddin gagal. Oleh
sebab itulah Iqbal mencari eksekutor yang bisa membunuh korban.

""Akhirnya dia mencari siapa yang bisa membunuh si korban ini. Ternyata ketemu,
terjadilah peristiwa penembakan tersebut,"" tuturnya.

  
  
  
[Gambas:Video 20detik]  

 ",www.detik.com
Penulis 'How to Murder Your Husband' Dibui Usai Tembak Mati Suami,"Selasa, 14 Jun 2022 15:17 WIB","\-

Seorang penulis di Amerika Serikat (AS) dijatuhi hukuman penjara seumur hidup
karena menembak mati suaminya sendiri. Penulis berusia 71 tahun ini diketahui
pernah menulis postingan di blog-nya yang berjudul ' _How to Murder Your
Husband_ ' (Bagaimana Membunuh Suami Anda).

Seperti dilansir _AFP_ , Selasa (14/6/2022), penulis bernama Nancy Crampton
Brophy (71) diadili atas dakwaan pembunuhan suaminya, Daniel Brophy, yang
berprofesi sebagai chef atau koki. Hakim di negara bagian Oregon, AS,
menjatuhkan hukuman penjara seumur hidup terhadap Crampton Brophy pada Senin
(13/6).

Dalam putusannya, hakim juga menyatakan bahwa Crampton Brophy baru bisa
mengajukan pembebasan bersyarat dalam 25 tahun.

Persidangan kasus pembunuhan yang berlangsung selama sebulan ini mengungkapkan
bagaimana Crampton Brophy menggunakan sebuah pistol yang dibelinya secara
online di eBay untuk membunuh suaminya sendiri, dengan harapan mendapatkan
uang asuransi jiwa sebesar ratusan ribu dolar Amerika.

Senjata, yang diklaim oleh Crampton Brophy dibelinya untuk penelitian bagi
novel barunya, tidak pernah ditemukan.

Suami Crampton Brophy ditemukan tergeletak di lantai ruang kelas yang ada di
institut kuliner tempatnya bekerja pada Juni 2018. Korban ditembak sebanyak
dua kali. Rekaman CCTV menunjukkan Crampton Brophy mengendarai kendaraannya di
area tersebut pada saat itu.

Dalam pembelaannya, Crampton Brophy mengaku tidak ingat ada di lokasi, namun
dia memperkirakan dirinya ada di sekitar area itu untuk mencari inspirasi bagi
karya fiksinya yang baru.

Selanjutnya __

Halaman

1  2

 ",www.detik.com
Pasuruan Darurat Curanmor! 6 Motor Hilang Dua Pekan Terakhir,"Senin, 07 Feb 2022 08:06 WIB","\-

Pencurian motor di tempat terbuka merajalela di Pasuruan. Pelaku 'ugal-ugalan'
tidak pedulikan intaian kamera CCTV di lokasi yang menjadi sasaran.

Modus pencurian motor yang terekam CCTV nyaris serupa. Pelaku dua orang
mendatangi lokasi. Satu pelaku bersiap di atas motor mengantisipasi aksi
mereka tepergok, sementara satu pelaku sebagai eksekutor.

Aksi pencurian dilakukan dengan tenang. Pelaku merusak kontak motor korban
sangat cepat lalu membawanya kabur. Selain modus seperti di atas, ada juga
pelaku tunggal yang berhasil melancarkan aksinya.

Selama dua pekan terakhir, enam pencurian motor terekam CCTV di wilayah hukum
Polres Pasuruan Kota. Pada catatan , enam pencurian di wilayah hukum Polres
Pasuruan Kota dimulai di Desa Kedawung Wetan, Kecamatan Grati, Sabtu (22/1).
Motor Honda BeAT nopol N 2040 XS berhasil digondol pelaku yang menggunakan
motor dengan pelat nomor palsu.

Kejadian kedua di Food Court Warungdowo, Kecamatan Pohjentrek, Selasa (25/1)
pukul 16.23 WIB. Karyawan diler membawa kabur motor display yang dijaganya.
Menurut korban, pelaku baru bekerja empat bulan di perusahaan.

Peristiwa yang ketiga terjadi di minimarket Kelurahan Tembokrejo, Kecamatan
Purworejo, Kota Pasuruan, Kamis (27/1) pukul 20.59 WIB. Motor Honda BeAT nopol
N 5320 XB milik pembeli digondol maling saat korban masuk ke toko.

Pencurian motor di minimarket Jalan Panglima Sudirman, Minggu (30/1) pukul
20.20 WIB, merupakan kejadian keempat. Pelaku hanya butuh waktu 5 detik
merusak kontak motor Honda BeAT yang terparkir. Selang tiga hari, tepatnya
Rabu (2/2) pukul 21.50 WIB, maling beraksi di minimarket Kelurahan Bakalan,
Kecamatan Purworejo, Kota Pasuruan. Honda BeAT nopol N 4630 XE milik pembeli
raib.

Terakhir pencurian terjadi di minimarket Jalan Wahidin Sudiro Husodo, Sabtu
(5/2) pukul 10.54 WIB. Seorang perempuan yang mengambil uang di ATM dalam toko
harus rela motor Honda BeAT nopol N 2441 XT miliknya dicuri maling.

""Para pelaku belum tertangkap. Kami menduga mereka dari banyak kelompok,"" kata
Kasat Reskrim Polres Pasuruan Kota AKP Bima Sakti Pria Laksana, Senin
(7/2/2022).

Sementara di wilayah Polres Pasuruan, tercatat dua pencurian motor terekam
CCTV. Pertama di minimarket Dusun Mesagi, Desa Wonosari, Kecamatan Tutur,
Kabupaten Pasuruan, Senin (25/1) pukul 17.33 WIB. Pencurian itu digagalkan
karyawan mimimarket dan warga. Pelaku yang kabur dikejar warga sampai ke hutan
pinus hingga motornya tertinggal.

Kemudian pada Sabtu (29/1/2022), maling berpeci beraksi seorang diri di Masjid
Nurul Amanah Desa Wrati, Kecamatan Kejayan, Kabupaten Pasuruan. Pelaku
berhasil membawa kabur Honda Vario nopol N 6188 TDG milik jemaah salat
maghrib.

  
  
  
[Gambas:Video 20detik]  

 ",www.detik.com
Miris! Wanita Berkebutuhan Khusus Jadi Korban Pemerkosaan di Baleendah,"Kamis, 31 Mar 2022 07:40 WIB","\-

Seorang wanita berkebutuhan khusus diperkosa oleh seorang pemuda di Kecamatan
Baleendah, Kabupaten Bandung. Bahkan pemerkosaan tersebut dilakukan pelaku
dengan inisial A (23) di kebun pisang dekat rumahnya.

Suami korban, R (27) mengatakan pemerkosaan bejat tersebut menimpa korban pada
1.00 dini hari. Kata dia, kejadian tersebut berawal saat pelaku bersama ketiga
temannya mengajak minum-minuman di rumahnya.

""Jadi ketemu di jalan, kemudian pelaku ngajak saya dan tiga orang temannya
minum di rumah saya di atas (loteng),"" ujar R saat ditemui di kediamannya di
Kecamatan Baleendah, Rabu (30/3/2022).

  

R menjelaskan pelaku A mengelabuinya untuk meminta izin ke kamar mandi. Kata
dia, setelah menuju kamar mandi pelaku A melihat korban dan anaknya yang baru
menginjak 5 tahun.

""Dia bilang ke istri saya, kalau saya dikeroyok orang, dia ngajak istri saya
untuk mencari saya ke depan dekat sawah,"" ujarnya.

Dia menjelaskan setelah sampai di lokasi pelaku A memaksa korban mengikutinya
ke salah satu kebun pisang. Kata dia, korban pun sempat melakukan penolakan.

""Dia sempat dorong istri saya sampai jatuh, kemudian memaksa istri saya untuk
ikut ke kebun pisang kemudian di sana di perkosa,"" jelasnya.

Sementara itu, Ketua Rukun Warga (RW) tempat R tinggal, Yayat (52) membenarkan
dengan adanya kejadian tersebut. Kata dia, hal tersebut diketahui setelah R
dan A sempat melakukan perkelahian.

""Awalnya saya gak tahu R sama A itu berkelahi karena apa, tapi setelah
dimediasi oleh kemanan dan warga, ternyata awal mereka berkelahi karena istri
R mengaku di perkosa oleh A,"" jelasnya.

Yayat menjelaskan saat melakukan mediasi korban yang kesulitan berbicara terus
menunjuk A sebagai pelaku pemerkosaan. Namun, kata dia, pelaku terus mengelak.

""Ketika dimediasi, korban mengaku diperkosa oleh A, bahkan R suami korban
sempet gak percaya, dan si korban malah sempat memarahi si korban, tapi
akhirnya percaya dan R mencari A, ketemu dan berkelahi. Tapi di lokasi mediasi
si korban ini keukeuh (bersikeras)menunjuk A, korban bilang pelakunya pake
baju putih dan topi hitam,"" ucapnya.

Yayat mengungkapkan pelaku menggunakan jaket hitam namun tidak mengenakan
kaos. Namun, menurutnya ada beberapa warga yang melihat pelaku melakukan
pemerkosaan terhadap korban.

""Dalem jaket udah telanjang dada, saya sempet nanya ke beberapa warga ternyata
ada yang lihat bahwa A setelah melakukan pemerkosaan lari ke rumah temannya
dan menyimpan kaosnya di sana kemudian meminjam jaket temannya itu,"" tuturnya.

Sementara itu, Kapolsek Baleendah Kompol Sungkowo membenarkan kejadian
tersebut terjadi di Baleendah. Bahkan kata dia, pihaknya menerima laporan pada
jam 03.00 dini hari.

""Ya, betul, laporannya daya terima hari itu juga setelah dimediasi, baik
korban atau pelaku pun di bawa ke Polsek,"" ujar Sungkowo di konfirmasi.

Sungkowo menambahkan saat ini kasus tersebut telah ditangani oleh PPA Polresta
Bandung.

""Sekarang udah dilimpahkan ke PPA Polresta, jadi nanti pengembangannya dari
sana,"" pungkasnya.

  
  
  
[Gambas:Video 20detik]  

 ",www.detik.com
"Kesal Rekannya Dipaksa Oral Seks, 2 Pemuda di Makassar Curi Motor Pria","Rabu, 27 Apr 2022 21:20 WIB","\-

Pria bernama Fandi Ishak (28) dan Zulkifli Sose (22) ditangkap polisi atas
kasus pencurian sepeda motor di Makassar, Sulawesi Selatan (Sulsel). Kedua
pelaku mencuri motor korban karena kesal rekannya dipaksa korban melakukan
oral seks.

""2 Pelaku pencurian sepeda motor kami amankan. Mereka melakukan aksinya usai
salah satu rekan pelaku ditanya oleh korban terkait oral seks,"" kata Kapolsek
Ujung Pandang Kompol Ardy Yusuf dalam keterangannya kepada, Rabu (27/4/2022).

Ardy mengatakan, kedua pelaku diamankan di Jalan Balai Kota, Makassar, Selasa
malam (24/4). Polisi juga mengamankan satu unit sepeda motor hasil curian
kedua pelaku.

  

""Selain pelaku, kami juga berhasil mengamankan barang bukti 1 unit motor
Yamaha Fino DD 5848 MO. Lalu para pelaku beserta barang bukti diamankan ke
kantor,"" jelasnya.

## Pencurian Motor Bermula saat Korban Memaksa Rekan Pelaku Oral Seks

Kompol Ardy mengatakan, kasus ini berawal saat korban inisial MI memarkir
sepeda motornya di Jalan Slamet Ryadi kemudian berjalan kaki menuju ke Taman
Macan. MI menemui pria berinisial T dan mengajaknya berbuat mesum.

""Setelah parkir kendaraannya, korban mendatangi T usai bermain skateboard di
Taman Macan itu, dan korban bertanya-tanya mengajak T berbuat mesum atau oral
sex,"" katanya.

Mendengar ajakan itu dari korban MI, T yang tidak mengenal korban lantas
menolak dan memilih pergi. Namun MI justru menghalangi sehingga keduanya
cekcok dan berkelahi.

Dari perkelahian tersebut T meminta bantuan rekan-rekannya. Sejumlah rekan T
lantas datang membantu, termasuk pelaku Fandi Ishak dan Zulkifli.

""T pun meminta bantuan temannya melalui grup WA. Tak lama, datanglah 4 orang
temannya yang 2 di antaranya adalah pelaku Fandi Ishak dan Zulkifli Sose. Tapi
untungnya korban MI ini sudah kabur dan tinggalkan motornya yang ia parkir
tadi,"" bebernya.

Dari situ, niat jahat untuk membawa kabur motor milik MI pun muncul di benak
kedua pelaku. Dengan segala cara, mereka pun membawa kabur motor itu ke tempat
lain.

""Timbul niat kedua pelaku untuk mengambil sepeda motor korban dengan
menyimpannya di samping museum,"" jelasnya.

Berselang beberapa menit kemudian, korban MI mendatangi lagi Jalan Slamet
Ryadi untuk mengambil sepeda motornya. Namun tenyata, sepeda motor miliknya
sudah hilang.

""Korban sempat kembali untuk mengambil sepeda motornya. Ternyata sudah hilang.
Dia pun melaporkan peristiwa tersebut ke kami,"" jelas Ardy.

  
  
  
[Gambas:Video 20detik]  

 ",www.detik.com
Korban Begal Jadi Tersangka Bebas! Kapolda NTB: Demi Keadilan,"Sabtu, 16 Apr 2022 19:50 WIB","\-

Amaq Sinta, korban begal yang jadi tersangka pembunuhan setelah melumpuhkan
pelaku begal, akhirnya dibebaskan dari jeratan hukum. Kepolisian Daerah Nusa
Tenggara Barat (Polda NTB) memutuskan menghentikan proses penyidikan atas
kasusnya.

""Yang dilakukan oleh saudara M alias AS adalah perbuatan pembelaan terpaksa.
Sehingga pada saat ini tidak ditemukan unsur perbuatan melawan hukum, baik
secara formil dan materiil,"" tegas Kapolda Nusa Tenggara Barat, Irjen Djoko
Poerwanto, dalam jumpa pers Sabtu (16/4/2022).

Djoko menegaskan bahwa gelar perkara atas kasus Amaq Sinta sudah dilakukan
hari ini dan menyimpulkan fakta fakta tersebut. Djoko menyebut kasus tersebut
tidak memenuhi syarat formil yang diatur dalam pasal 49 ayat 1 KUHP. Sementara
syarat materiil yang dimaksud adalah terkait perbuatan yang dilakukan Amaq
Sinta sendiri.

  

""Berdasarkan dari Peraturan Kapolri No 6 2019 Pasal 30 tentang Penyidikan
Tindak Pidana, kami menyimpulkan bahwa untuk penanganan atau penyidikan kasus
tersebut dihentikan,"" jelas Djoko.

Djoko menegaskan bahwa peraturan Kapolri mengisyaratkan bahwa penghentian
penyidikan dapat dilakukan. ""Demi kepastian hukum , kemanfaatan dan keadilan,""
tegasnya.

""Untuk saat sekarang, dilakukan penghentian penyidikan. Administrasi
penyidikan berkaitan penghentian penyidikan akan segera dilakukan penyidik,""
tambah Djoko.

Diberitakan sebelumnya bahwa Amaq Sinta yang merupakan korban begal justru
ditetapkan sebagai tersangka pembunuhan. Ihwalnya, ia berupaya membela diri
saat menghadapi 4 orang begal sekaligus hingga menewaskan dua orang begal. Ia
sempat menjalani penahanan bersama dua begal yang selamat.

  
  
  
[Gambas:Video 20detik]  

 ",www.detik.com
"Pencuri dan Penganiaya di Majalengka Dibebaskan, Kok Bisa?","Rabu, 13 Apr 2022 23:30 WIB","\-

Tersangka Kasus Pencurian di Majalengka Bebas Usai Damai dengan Korban

Ramadan ibarat menjadi berkah tersendiri bagi dua tersangka kasus pencurian
dan penganiayaan di Kabupaten Majalengka. Keduanya bebas dari jerat hukum usai
berdamai dengan korban.

Keduanya berinisia AW dan RP. Mereka menerima penyelesaian restorative justice
atau keadilan restoratif dari Kejaksaan Negeri (Kejari) Majalengka.

  

Kepala Kejaksaan Negeri Majalengka Eman Sulaeman mengatakan, kasus pencurian
atas nama AP melanggar Pasal 362 KUHP dan penganiayaan atas nama RP melanggar
Pasal 351 ayat 1 KUHP. Namun, kasus ini bisa diselesaikan dengan restorative
justice.

Hal ini ditetapkan setelah mendapatkan persetujuan penghentian perkara dari
Jaksa Agung Muda Tindak Pidana Umum dan Kepala Kejaksaan Tinggi Jawa Barat.

""Selain itu, penghentian 2 tersangka ini setelah adanya kesepakatan perdamaian
antara tersangka dan korban,"" kata Eman dalam keterangan yang diterima
detikJabar, Rabu (13/4/2022).

Dijelaskannya, penyelesaian perkara melalui restorative justice ini
dilaksanakan berdasarkan Peraturan Jaksa Agung (PERJA) nomor 15 tahun 2020
tentang Penghentian Penuntutan Berdasarkan Keadilan Restoratif.

Keadilan restoratif adalah penyelesaian perkara tindak pidana di luar
persidangan, dengan melibatkan pelaku, korban, keluarga (pelaku dan korban)
serta pihak terkait untuk bersama-sama mencari penyelesaian yang adil dengan
menekankan pemulihan kembali pada keadaan semula.

""Keadilan restorative justice merupakan upaya nyata agar hukum tidak lagi
tajam ke bawah. Namun tetap dilaksanakan dengan selektif, arif, dan
bijaksana,"" jelas Eman.

""Perkara yang diselesaikan dengan berdasarkan restorative justice dihentikan
penuntutannya dengan cara tidak dilimpahkan ke pengadilan,"" sambungnya.

Sehingga, pada Selasa 12 April 2022 kemarin, Kejaksaan Negeri Majalengka
menerbitkan Surat Ketetapan Penghentian Penuntutan (SKP2) berdasarkan
restorative justice.

Kasubsi Penyidikan Tindak Pidana Khusus Kejari Majalengka Febri Erdin Simamora
menyampaikan tahapan kasus kedua tersangka baru sampai tahapan pelimpahan
Surat Pemberitahuan Dimulainya Penyidikan (SPDP) dari pihak kepolisian.

""Setelah menerima berkas, saya baca berkasnya, kemudian koordinasi dengan
Jaksa 2, Kasi Pidum, pimpinan dan Kajari. Kita melakukan diskusi kecil terkait
dengan kronologi tindak pidananya. Lalu kita sepakat untuk dimohonkan agar
dilakukan RJ ke pimpinan di Kejaksaan Tinggi dan Kejaksaaan Agung,"" kata
Febri.

Adapun kronologi tindak pidana yang dilakukan bermula pelaku AW melakukan
pencurian sebuah handphone saat berkendara di jalan kuburan yang berada di
wilayah Desa Beusi, Kecamatan Ligung.

""Jadi awalnya itu si tersangka pas berkendara melihat handphone korban di
bagasi depan motor terus mepet korban dan mengambil handphone korban. Korban
berteriak terus warga langsung respons, ngejar, hingga akhirnya si tersangka
berhasil ditangkap,"" jelas dia.

Sedangkan untuk kasus tersangka atas nama RP, tersanga sempat berselisih
dengan pedagang jamu di depan kampus Universitas Majalengka.

Berawal dari percekcokan masalah usaha, hingga akhirnya pelaku menganiaya
korban dengan mengeluarkan 2 kali pukulan yang mengarah pada bibir korban.

""Jadi awalnya ini tersangka ini cekcok dulu soal harga. Jadi tersangka dan
korban ini sama-sama pedagang jamu. Nah dirasa ada persaingan bisnis karena
menjatuhkan harga dagang. Akhirnya pelaku adu mulut hingga terjadi
penganiayaan,"" papar dia.

Jika kasus ini dilanjutkan, tersangka pencurian atas nama AW akan dijerat
Pasal 362 KUHP. Sedangkan, RP dijerat Pasal 351 ayat 1 KUHP atas tindakan
penganiayaan.

""Kalau yang pencurian itu bisa diancam kurungan penjara maksimalnya 5 tahun
dan yang kasus penganiyaan biasa ini diancam kurungan penjara maksimalnya 2
tahun 8 bulan,"" pungkasnya.

 ",www.detik.com
Snapshots: Jumpa Pers Kasus Ayah Perkosa Anak Kandung hingga Tewas,"Senin, 21 Mar 2022 18:05 WIB","\-

Pembongkaran makam bocah berusia 8 tahun di Kota Semarang, Jawa Tengah,
menguak fakta-fakta memilukan. Polisi mengungkap penyebab kematian bocah
perempuan itu akibat diperkosa ayah kandungnya.

Pelaku yang berusia 41 tahun mengakui perbuatannya. Dalam jumpa pers yang
digelar di Mapolrestabes Semarang, Senin (21/3/2022), polisi mengungkap
sejumlah fakta. Di antaranya awal mula kasus ini terungkap usai ibu korban
yang juga mantan istri pelaku melapor ke polisi.

Laporan tersebut berdasar dari surat keterangan dokter yang menyebutkan ada
tanda kekerasan pada vagina dan dubur korban. Atas laporan itu, polisi
membongkar makam korban. Hingga akhirnya terungkap pelaku pemerkosaan bocah
hingga tewas ternyata ayah kandungnya sendiri.

Dalam jumpa pers, pelaku mengaku perbuatannya akibat terpengaruh video porno.

""Terpengaruh video porno. Sudah tiga kali (memperkosa korban). Pertama dua
minggu lalu, seminggu, terakhir pas kejadian. Iya, ada pemaksaan,"" kata
pelaku.

  
  
  
[Gambas:Video 20detik]  

 ",www.detik.com
"Pencuri Motor di Cibinong Bogor Ditangkap Polisi, Pistol Korek Disita","Selasa, 08 Mar 2022 14:31 WIB","\-

Warga bersama polisi menangkap MR (27), pelaku pencurian kendaraan bermotor
(curanmor), di Kelurahan Pakansari, Cibinong, Kabupaten Bogor, Jawa Barat.
Polisi mengamankan beberapa barang bukti dari tangan pelaku, salah satunya
korek api menyerupai pistol.

""Dari tersangka diamankan satu unit motor Honda beat sebagai sarana, satu buah
mata kunci T, satu buah korek api yang menyerupai senjata jenis revolver,""
kata Kasat Reskrim Polres Bogor, AKP Siswo Tarigan saat dimintai konfirmasi,
Selasa (8/3/2022).

Peristiwa itu terjadi pada Senin (7/3) kemarin sekitar pukul 06.00 WIB. Pelaku
ditangkap anggota Satlantas yang sedang bertugas.

""Iya diamankan sama warga, sama personel Lantas yang sedang melaksanakan tugas
di lapangan,"" ungkapnya.

Pelaku berperan sebagai joki atau pengendara dalam melancarkan aksinya.
Sementara itu, polisi masih memburu satu pelaku lain yang bertugas
mengeksekusi sepeda motor.

""Pelaku utama yang mengeksekusi kendaraan berhasil melarikan diri beserta
barang curiannya,"" tukasnya.

 ",www.detik.com
Bejat! Pria di NTT Lakukan Pengancaman-Perkosa Siswi SD,"Rabu, 18 Mei  2022 08:31 WIB","\-

Seorang siswi sekolah dasar (SD) di Kabupaten Sabu Raijua, Pulau Sabu, Nusa
Tenggara Timur (NTT) menjadi korban pencabulan dan pemerkosaan beberapa waktu
lalu.

Tidak hanya diperkosa, korban juga diancam akan dibunuh jika menceritakan
peristiwa tersebut kepada rekan dan kerabatnya.

Korban NB (10), kemudian mengadukan peristiwa ini kepada ayahnya HLB dan
dilaporkan ke Polres Sabu Raijua.

  

Laporan kasus ini tertuang dalam laporan polisi nomor BP 05 /I/2022 dengan
tersangka IHKM alias Ivan alias Leo (20), warga Kabupaten Sabu Raijua.

Kapolres Sabu Raijua, AKBP Jakob Seubelan, SH melalui Kasat Reskrim Polres
Sabu Raijua, Iptu Markus Foes, SH yang dikonfirmasi Rabu (18/5/2022)
membenarkan kejadian ini.

Sesuai pengakuan korban, awalnya sekitar pukul 11.30 WITA, korban bersama
teman-nya EMU pulang dari sekolah dan hendak berjalan ke rumah.

Namun di pertengahan jalan, tiba-tiba korban dan temannya bertemu dengan
pelaku Leo.

Pelaku mendekati korban dan menarik tangan EMU, namun EMU memberontak dan
pelaku membanting EMU ke tanah.

Saat EMU jatuh ke tanah, EMU berhasil lari ketakutan dan menghindar. Pelaku
kemudian mendekati korban dan menarik tangan korban.

Pelaku selanjutnya menyuruh EMU segera lari kalau tidak pelaku akan membunuh
EMU. EMU pun lari meninggalkan korban dan pelaku sehingga korban hanya bisa
menangis.

Pelaku menarik tangan korban dan membawa korban ke semak-semak agar
tersembunyi. Pelaku mengancam agar korban jangan berteriak.

""Kalau lu teriak beta (saya) akan bunuh lu,"" begitu ancaman pelaku kepada
korban saat itu.

Mendengar ancman pelaku tersebut, korban sangat takut dan hanya diam dan
menangis serta pasrah.

Pelaku menarik tangan dan badan korban sehingga korban duduk ditanah, lalu
melakukan pelecehan seksual.

Korban menolak tetapi pelaku terus memaksa dan mengancam sehingga korban takut
dan terpaksa melakukan sesuai permintaan pelaku.

Pelaku kemudian mendorong korban sehingga korban pada posisi tidur terlentang
di tanah. Lalu pelaku menarik rok seragam dan membuka celana dalam korban.
Pelaku pun memperkosa korban.

Korban yang kesakitan sempat meminta dan menyuruh pelaku menghentikan aksinya,
namun pelaku terus melakukan aksinya.

Usai memperkosa korban, pelaku minta korban memakai kembali celana dan baju
korban. Saat itu pelaku mengancam akan membunuh korban jika korban
menceritakan peristiwa tersebut ke orang lain.

""Beta (saya) akan bunuh lu kalau sampai lu lapor lu punya teman, bapak atau
keluarga,"" ancam pelaku kepada korban saat itu.

Pelaku kemudian menyuruh korban pulang dan korban yang ketakutan dan kesakitan
kemudian berlari sambil menangis pulang ke rumah.

Di perjalanan pulang ke rumah, korban bertemu dengan teman EMU dan
menceritakan apa yang dialami.  
Pelaku dan EMU kemudian berpisah dam kemudian pulang ke rumah masing-masing.

Di rumah, korban terus menangis dan menceritakan pada ayahnya HLB. Korban
berterus terang dan jujur menceritakan apa yang dialaminya.

Ayah dan kerabat korban kemudian ke Polres Rabu Raijua mengadukan kasus ini.
Korban kemudian divisum dan diperiksa penyidik PPA Satreskrim Polres Sabu
Raijua.

Polisi juga mengamankan pelaku dan ditahan dalam sel Polres Sabu Raijua.
Penyidik kemudian mengirim pelaku dan barang bukti serta berkas perkara ke
Kejaksaan Negeri Sabu Raijua.

Penyerahan dilakukan Briptu Afni Elvita Mone dari unit PPA Satreskrim Polres
Sabu Raijua dan diterima Staf Pidum Kejaksaan Negeri Kabupaten Sabu Raijua,
Oswaldus Soba, AMd.AB.

Polisi juga menyerahkan barang bukti satu lembar baju seragam sekolah dasar
lengan pendek berwarna putih dengan lambang SD dan lambang merah putih, satu
lembar rok seragam SD berwarna merah berukuran pendek, satu buah celana pendek
berwarna cokelat dan satu buah celana dalam berwarna biru tosca.

""Dalam tindak pidana persetubuhan dengan anak dibawah umur, pelaku dijerat
pasal sebagaimana dimaksud dalam pasal 81 ayat (1) undang-undang nomor 35
tahun 2014 tentang perubahan atas undang-undang nomor 23 tahun 2002 tentang
perlindungan anak,"" ujar Kasat Reskrim Polres Sabu Raijua.

  
  
  
[Gambas:Video 20detik]  

 ",www.detik.com
Ekspresi Korban Begal Jadi Tersangka di NTB Usai Dikeluarkan dari Rutan,"Kamis, 14 Apr 2022 16:25 WIB","\-

Murtede alias Amaq Sinta (34) dikeluarkan dari rutan setelah sempat ditahan
dalam kasus dugaan pembunuhan terhadap dua orang yang membegalnya. Amaq Sinta
pun mengaku senang.

""Alhamdulillah saya merasa senang sekali bisa bebas dan berkumpul lagi bersama
keluarga,"" kata Amaq Sinta sambil tersenyum di rumahnya di Praya Timur,
seperti dilansir dari _Antara_ , Kamis (14/4/2022).

Amaq Sinta merupakan korban begal yang menjadi tersangka dan ditahan setelah
diduga membunuh dua begal dan melukai dua begal yang lain di Lombok Timur,
pada Minggu (10/4). Dia melawan empat orang yang membegalnya.

Amaq Sinta menegaskan, dia melawan karena dalam keadaan terpaksa. Dia mengaku
dihadang dan diserang dengan senjata tajam.

""Dihadang dan diserang dengan senjata tajam, mau tidak mau harus kita melawan,
sehingga seharusnya tidak dipenjara, kalau saya mati siapa yang akan
bertanggung jawab,"" katanya.

Dia mengatakan pergi ke Lombok Timur untuk mengantarkan makanan buat ibunya.
Dia melawan para pelaku dengan sebilah pisau kecil yang dia bawa sambil teriak
meminta tolong, tapi tidak ada warga yang datang.

![Amaq Sinta
\(Antara\)](https://akcdn.detik.net.id/community/media/visual/2022/04/14/amaq-
sinta-antara_169.jpeg?w=620)Amaq Sinta (Antara)  
  
---  
  
Dalam kejadian itu, dua pelaku tewas setelah bersimbah darah. Sedangkan dua
pelaku lain melarikan diri setelah dua kawannya tumbang di tempat.

""Setelah itu saya pergi ke rumah keluarga untuk menenangkan dari,"" katanya.

Setelah ditetapkan sebagai tersangka dan ditahan oleh Polres Lombok Tengah,
dia mengatakan dirinya dan keluarga terguncang hingga tidak bisa tidur. Dia
mengaku bersyukur setelah mendapat penangguhan penahanan karena ada dukungan
dari masyarakat, terkhusus Lombok Tengah.

""Saya berharap bisa dibebaskan murni dan tidak sampai di pengadilan. Supaya
bisa kerja kembali seperti biasanya. Saya ucapkan terima kasih kepada seluruh
masyarakat yang telah mendukung saya,"" katanya.

Kepala Desa Ganti, H Acih, mengatakan mereka juga menyampaikan ucapan terima
kasih dan penghargaan kepada semua masyarakat yang telah mendukung warganya
tersebut sehingga dirinya juga berharap kepada aparat supaya kasus ini bisa
segera diselesaikan dan Sinta bisa dibebaskan.

Sebelumnya, Polres Lombok Tengah menetapkan Amaq Sinta sebagai tersangka dalam
kasus dugaan pembunuhan dua begal. Selain menetapkan korban menjadi tersangka
dalam dugaan kasus pembunuhan dan penganiayaan, polisi menetapkan dua begal
berinisial WH dan HO, yang sempat kabur, sebagai tersangka dalam kasus tindak
pidana curat.

""Korban begal dikenakan Pasal 338 KHUP menghilangkan nyawa seseorang melanggar
hukum maupun Pasal 351 KHUP ayat (3) melakukan penganiayaan mengakibatkan
hilang nyawa seseorang,"" kata Wakapolres Lombok Tengah Kompol Ketut Tamiana.

[Gambas:Video 20detik]

  
  

 ",www.detik.com
LBH Makassar Sesalkan Polisi Setop Kasus Dugaan Ayah Diduga Perkosa 3 Anak,"Sabtu, 21 Mei  2022 08:29 WIB","\-

LBH Makassar menyesalkan polisi menyetop kasus ayah diduga memperkosa 3
anaknya di Luwu Timur, Sulawesi Selatan (Sulsel). Penyidik saat gelar perkara
dinilai keliru, karena mengesampingkan keterangan pada anak yang mengaku
menjadi korban pemerkosaan ayahnya.

""Sangat menyesalkan polisi menghentikan karena mengesampingkan pernyataan para
anak (terduga korban pemerkosaan),"" ujar Ketua Divisi Perempuan Anak dan
Disabilitas LBH Makassar Resky Pratiwi saat dihubungi , Sabtu (21/5/2022).

Dia mengatakan ketiga anak pelapor dengan gamblang mengakui menjadi korban
kekerasan seksual oleh S alias ayah kandungnya. Resky mengatakan penyidik
kepolisian tak seharusnya menutup mata.

  

""Dalam konteks kekerasan seksual, tentu kita harus berangkat langsung dari
keterangan anak atau korban. Kemudian baru mencari bukti-bukti,"" katanya.

LBH Makassar dan LBH Apik merupakan koalisi penasehat hukum korban yang juga
hadir saat gelar perkara di Polda Sulsel pada Jumat (20/5). Dalam pandangan
Resky, sebenarnya sudah ada dua alat bukti yang cukup untuk melanjutkan kasus
ini dari penyelidikan ke penyidikan.

""Tim penasehat hukum itu menilai 2 alat bukti itu sudah terpenuhi untuk
menyatakan ditemukannya peristiwa yang diduga sebagai tindak pidana pencabulan
dan atau tindak pidana persetubuhan pada anak,"" katanya.

Berdasarkan pandangannya itu, Resky menilai penyidik seharusnya sudah bisa
meningkatkan kasus ini ke penyidikan. Sebab penyelidikan hanyalah tahap awal
yang memerlukan upaya lebih seperti mencari alat bukti pada tahap penyidikan.

""Kami menyayangkannya karena kembali lagi penghentian penyidikan ini dilakukan
tanpa pendalaman dan maksimalisasi upaya-upaya dalam proses kepolisian,""
katanya.

Sebelumnya diberitakan, polisi melakukan gelar perkara kasus ayah memperkosa
tiga anaknya di Polda Sulsel, Jumat (20/5). Gelar perkara diikuti sejumlah
pihak baik sisi korban maupun terlapor hingga Kompolnas dan Bareskrim Polri.

Gelar perkara juga dihadiri Kementerian Perlindungan Perempuan dan Anak (Kemen
PPA), KSP RI, LPSK RI, Bareskrim hingga penyidik terkait di Polda Sulsel.

""Kesimpulan yang didapat dari hasil gelar perkara tadi, yang pertama adalah,
tidak dapat ditingkatkan di tahap penyidikan karena tidak ditemukan peristiwa
pidana,"" ujar Kabid Humas Polda Sulsel Kombes Komang Suartana saat konferensi
pers usai gelar perkara.

  
  
  
[Gambas:Video 20detik]  

 ",www.detik.com
Sopir Truk Trauma Usai Dirampok dan Dibuang di 2 Kabupaten Berbeda,"Selasa, 10 Mei  2022 22:24 WIB","\-

Seorang sopir truk bernama Sapdam Sandi Zulfikar (27) mengaku jadi korban
perampokan di Kabupaten Asahan lalu dibuang di Kabupaten Labuhanbatu, Sumatera
Utara. Istri dari Sandi, Ani Thalita, mengatakan suaminya itu kini dalam
keadaan trauma.

""Saat ini kondisinya masih trauma bang. Masih berusaha menenangkan diri,""
sebut Ani kepada wartawan, Selasa (10/5/2022).

Ani mengatakan perampokan itu terjadi saat Sandi hendak mengantarkan buah
sawit ke pabrik yang berada di Aek Loba, pada Minggu (8/5) sore, sekitar pukul
15.30 WIB. Ketika itu tiba-tiba truknya dihentikan sekelompok orang yang
mengendarai mobil, dan langsung mengancam serta mengambil alih truknya.

  

Setelah itu, Sandi kemudian dimasukkan ke mobil yang dikendarai perampok. Kaki
dan tangannya diikat perampok serta mata dan mulutnya dilakban.

""Selama dibawa di mobil, abang (Sandi) ditidurkan di lantai, di bangku tengah.
Kaki perampok itu ya memijak badannya,"" ungkap Ani.

Selain itu, Sandi juga sempat dianiaya oleh perampok. Lengannya didekat ketiak
disayat perampok pakai pisau dan wajahnya juga dipukul beberapa kali. Ani
mengatakan saat ditemukan polisi, suaminya mengaku sudah diturunkan 30-60
menit sebelumnya.

Sandi akhirnya bisa ditemukan setelah berusaha mengesot dari tempat sepi ke
arah jalan raya dan berusaha berteriak minta tolong kepada warga. Usahanya
ternyata tidak sia-sia setelah seorang warga yang melihatnya melapor ke
polisi.

Adapun truk beserta muatannya yang hingga kini belum ditemukan adalah milik
majikan Sandi. Menurut Ani, hubungan Sandi dan majikannya tersebut, selama ini
baik- baik saja. Dia juga mengatakan jika Sandi sudah bekerja selama 10 tahun
bersama majikannya tersebut.

""Bos kami itu ya baik, selama ini juga sering menolong. Rumah kami ya
dibelakang rumah dia,"" jelas Ani.

Saat ditanyakan mengapa Sandi berkendara sendiri, tidak didampingi kernet, Ani
mengatakan hal itu merupakan kebiasaan yang lazim di kampung tersebut.
Alasannya karena jarak kampung dan pabrik cukup dekat, sehingga penggunaan
kernet hanya merupakan pengeluaran tambahan.

Sementara itu, Kasat Reskrim Polres Labuhanbatu AKP Rusdi Marzuki mengatakan
pihaknya tidak berwenang untuk melakukan pemeriksaan terhadap Sandi, terkait
perampokan truk tersebut. Hal itu karena lokasi kejadiannya berada di wilayah
hukum Polres Asahan.

""Kita hanya melakukan pemeriksaan awal. Misalnya menanyakan identitas,
kronologis singkat dan sebagainya. Seandainya kita menemukan indikasi
mencurigakan dalam pemeriksaan awal itu, maka kita akan berkordinasi dengan
Polres yang berwenang dengan daerah dimana lokasi peristiwa itu terjadi,"" kata
Rusdi.

Sebelumnya diberitakan, polisi menemukan Sandi dengan kondisi tubuh terikat di
Labuhanbatu, Sumatera Utara. Sandi saat itu mengaku menjadi korban perampokan
yang dibuang ke lokasi tersebut.

""Kita temukan setelah menerima informasi dari masyarakat, yang mengaku
mendengar suara minta tolong dari tempat itu,"" kata Kapolsek Bilah Hulu AKP
Ramses Panjaitan kepada detikSumut, Senin (9/5/2022).

Ramses mengatakan pria tersebut ditemukan di Desa N-3, Kecamatan Bilah Hulu,
pada Minggu (8/5) pukul 23.40 WIB. Saat ditemukan, kaki, tangan dan mulutnya
ditutup lakban serta diikat dengan tali plastik. Selain itu celana pendeknya
juga diturunkan ke bawah, dengan tujuan untuk mempersulit gerak.

  
  
  
[Gambas:Video 20detik]  

 ",www.detik.com
"Restorative Justice Tercapai, AKP DK Bersedia Cabut Laporan atas Mertua","Selasa, 31 Mei  2022 18:12 WIB","\-

Perwira Polda Metro Jaya, AKP DK, dengan mertuanya, Nurmila Sangadji, dan adik
ipar, Claudia Senduk, akhirnya menempuh _restorative justice_ terkait konflik
keluarga. AKP DK disebut bersedia mencabut laporannya atas mertua terkait
tuduhan pencurian.

""Intinya, kami sampaikan, kami telah terjadi kesepakatan damai atau
_restorative justice_. Yang pada intinya pihak AKP DK bersedia mencabut
laporannya di Jatanras terhadap kedua klien saya, Claudia dan Nurmila
Sangaji,"" ujar pengacara Nurmila, Jay Tambunan, di Polda Metro Jaya, Jakarta,
Selasa (30/5/2022).

Mediasi ini dihadiri para pihak dari AKP DK dan kedua orang tuanya serta
pengacara dan juga Nurmila-Claudia dan pengacara. Pertemuan kedua pihak
berlangsung di Bidang Propam Polda Metro Jaya siang tadi.

""Dan sebaliknya, kami bersedia mencabut pengaduan di Bidpropam Mabes Polri dan
Bidpropam Polda Metro Jaya dan sekaligus kami juga akan mencabut gugatan
keperdataan atau laporan di Polres Jaksel,"" kata Jay sambil memperlihatkan
bukti surat pernyataan yang ditandatangani kedua belah pihak.

Dalam kesempatan yang sama, hadir Nefton Alfares Kapitan selaku kuasa hukum
AKO DK. Nefton menegaskan persoalan kedua belah pihak telah selesai.

""Akhirnya, hari ini kami hadir di sini dan puji syukur semua sudah selesai dan
kita sudah mengembalikan ke posisi semula. Atau yang dimaksud dengan
_restorative justice_ ,"" ujar Nefton.

""Jadi persoalan sudah selesai. Tidak ada lagi persoalan hukum terkait dengan
keluarga besar ini,"" sambung Nefton.

Perdamaian keduanya dibuktikan dengan sebuah surat yang berjudul 'Kesepakatan
Perjanjian Perdamaian'. Surat tersebut berisi soal kesepakatan damai antara
AKP DK dan mertua Nurmila Sangadji.

Dalam surat itu terinci terkait poin-poin yang salah satunya berisi soal
pencabutan laporan masing-masing. Surat itu ditandatangani di atas meterai
oleh kedua belah pihak dan para saksi.

Sebelumnya, konflik antara perwira Polda Metro Jaya, AKP DK, dengan mertua,
Nurmila Sangadji, dan adik ipar, Claudia Senduk, sempat meruncing. Nurmila
sempat melaporkan AKP DK ke Propam Polda Metro Jaya karena tidak terima
dituduh mencuri barang-barang anaknya, almarhumah Iptu CS, yang juga istri AKP
DK.

 ",www.detik.com
"Selewengkan Dana Zakat, Staf Baznas Dumai Tersangka","Kamis, 12 Mei  2022 11:06 WIB","\-

Kejaksaan Negeri Kota Dumai resmi menahan Zulfikar sebagai tersangka. Zulfikar
ditahan usai ditetapkan tersangka kasus penyelewengan zakat di Badan Amil
Zakat Nasional (Basznas).

Asisten Intelijen Kejaksaan Tinggi Riau, Raharjo mengatakan Zulfikar ditahan
sejak kemarin. Penahanan setelah penyidik dari Kajari Kota Dumai melakukan
gelar perkara di kasus tersebut.

""Benar kami telah melakukan penahan terhadap tersangka Zulfikar. Penahanan ini
terkait perkara tindak pidana korupsi penyelewengan dana zakat oleh Baznas
Kota Dumai,"" kata Raharjo, Kamis (12/5/2022).

  

Raharjo mengatakan dana amil zakat itu bersumber dari zakat pada Rumah Sakit
Umum Daerah Kota Dumai tahun 2019- Tahun 2020. Dana diselewengkan untuk
keperluan pribadi Zulfikar.

""Penahanan tersebut berdasarkan Surat Perintah Penahanan Nomor :
PRINT-01/L.4.11/Fd.1/05/2022 11 Mei 2022. Sangkaan Pasal terhadap tersangka
yaitu Pasal 2 Ayat (1) Jo Pasal 3 Jo Pasal 9 Jo Pasal 18 ayat (1) huruf b,
ayat (2) dan ayat (3) UU Tipikor,"" kata Raharjo.

Sebelum ditahan, tersangka terlebih dahulu dilakukan pengecekan kesehatan dan
tes swab COVID-19. Setelah dinyatakan sehat tersangka dititipkan le Rutan
Kelas II B Kota Dumai.

Sementara Kasipidsus Kejari Kota Dumai, Herlina Samosir menyebut Zulfikar
adalah staf penghumpun dana di Basnas. Hanya saja dana dihimpun tanpa ada
perintah dari pimpinan dan masuk rekening pribadinya.

""Desember 2018 tersangka mengirimkan surat penghimpun dana tanpa ada tahu
pimpinan, dana dihimpun ke rekeningnya pribadi. Sejak 2019-2020 dana zakat
dari RSUD masuk ke rekening pribadinya dan tidak disetor ke Baznas,"" kata
Lina.

Akibat perbuatanya, ada sekitar Rp 190 juta lebih dana zakat ditilap. Seluruh
dana digunakan untuk keperluan pribadi tersangka.

  
  
  
[Gambas:Video 20detik]  

 ",www.detik.com
2 Anggota Brimob Tersangka Pembunuhan Pegawai Dishub Makassar Disidang Etik,"Kamis, 26 Mei  2022 10:12 WIB","\-

Polisi segera melakukan sidang pelanggaran kode etik anggota Polri terhadap
Chaerul Akmal dan Sulaiman, dua oknum Brimob Polda Sulsel yang terlibat kasus
pembunuhan pegawai Dishub Makassar Najamuddin Sewang atas perintah Kasatpol PP
Makassar nonaktif Iqbal Asnan. Propam sudah merampungkan berkas perkara
Chaerul dan Sulaiman.

""(Berkas 2 terduga pelanggar) Sudah selesai,"" ujar Kabid Humas Polda Sulsel
Kombes Komang Suartana kepada, Kamis (26/5/2022).

Suartana mengatakan Chaerul Akmal dan Sulaiman saat ini masih berada dalam
penahanan Satreskrim Polrestabes Makassar. Namun keduanya bisa diambil alih
Propam Polda Sulsel jika tiba saatnya sidang kode etik Polri.

  

""Tinggal kita nunggu sidang aja. Kode etik,"" kata Suartana.

Saat disinggung kapan tepatnya pelaksanaan sidang kode etik Polri, Suartana
mengatakan pihak Propam Polda Sulsel perlu mengajukan permohonan sidang
terlebih dahulu ke Kapolda Sulsel Irjen Nana Sudjana.

""Saya tunggu Kabid Propam untuk mengajukan ke Bapak Kapolda,"" kata Kombes
Suartana.

Chaerul Akmal dan Sulaiman merupakan dua oknum anggota Brimob yang terlibat
kasus pembunuhan Najamuddin. Keduanya sama-sama membantu dalang pembunuhan,
Kasatpol PP Makassar nonaktif Iqbal Asnan untuk mengeksekusi mati korban.

Tersangka Sulaiman merupakan oknum polisi yang menemui Iqbal Asnan di
ruangannya di Balai Kota Makassar sebelum pembunuhan. Dia diminta Iqbal
mencari orang yang berani membunuh korban.

Selanjutnya Sulaiman meminta Chaerul Akmal melakukan pembunuhan itu. Caherul
pun mengeksekuki korban Najamuddin di pertigaan Jalan Manunggal 22 dan Jalan
Danau Tanjung Bunga Makassar sekitar pukul 10.54 Wita pada Minggu (3/4) lalu.

Sulaiman berperan menyediakan senjata api yang akan digunakan Chaerul menembak
mati korban. Keduanya rela melakukan pekerjaan kotor membunuh korban setelah
dijanjikan upah hingga Rp 200 juta.

  
  
  
[Gambas:Video 20detik]  

 ",www.detik.com
"Siram Kopi ke Korban, 2 ABG Asal Cilacap Coba Rampas Motor di Kebumen","Selasa, 02 Nov 2021 19:09 WIB","\-

Jajaran polres eks Polwil Kedu menangkap total 47 tersangka dari 42 kasus
dalam Operasi Sikat Jaran Candi TA 2021 Polda Jateng. Dari 47 tersangka
tersebut, dua di antaranya masih anak di bawah umur yang melakukan perampasan
sepeda motor dengan modus siram kopi.

""Yang miris di tempat kami, di Kebumen itu ada kegiatan upaya perampasan
kendaraan bermotor. Jadi pasalnya 365 KUHP pencurian dengan kekerasan yang
dilakukan oleh anak-anak di bawah umur, dua orang,"" kata Kapolres Kebumen AKBP
Piter Yanottama dalam jumpa pers Operasi Jaran Candi 2021 eks Polwil Kedu di
Polres Magelang, Selasa (2/11/2021).

Kedua anak yang ditangkap itu berusia 13 dan 15 tahun warga Cilacap. Modus
kedua anak ini mencari sasaran di media sosial. Mereka mencari orang yang akan
menjual sepeda motor dan berpura-pura sebagai pembeli.

""Modusnya dia (pelaku) hunting di media sosial, dalam hal ini Facebook untuk
mencari orang-orang yang mem-posting kendaraan yang ingin menjual. Kemudian
berbagai macam upaya sudah dilakukan, dia mencoba untuk mengkomunikasi,
janjian, COD dengan dalih bahwa dia (pelaku) adalah pembeli dan ingin ketemu
dengan penjual,"" jelasnya.

Piter melanjutkan, setelah bertemu korban, pelaku ini berpura-pura menyepakati
harga kemudian berusaha merampas sepeda motornya.

""Kami lakukan pengungkapan ini, pelaku sudah menyiapkan senjata tajam. Jadi
tujuannya adalah ketika bertemu langsung dengan penjual pura-pura untuk
menyepakati harga, kemudian berusaha dirampas,"" katanya.  
  
Sementara itu, Kasat Reskrim Polres Kebumen AKP Afiditya Arief Wibowo
menambahkan, korban bermaksud menjual sepeda motor Ninja 250. Korban dan
pelaku kemudian janjian bertemu di Gombong.

Saat bertemu, pelaku meminta untuk dibuatkan kopi. Kemudian di tengah obrolan,
pelaku tiba-tiba menyiramkan kopi ke wajah korban.

""Anak ini (pelaku) menyiramkan (kopi) ke muka korban yang mau menjual motor
itu, tetapi korban ini juga punya _feeling,_ kok mau transaksi jual beli kok
gelagat-gelagatnya aneh gitu,"" kata Afiditya.

""Akhirnya pada saat setelah disiram kopi itu tersangka mau menusukkan sajam,
kemudian berhasil dihindari oleh korban sudah menyiapkan paralon besi. Pelaku
ini dipukul jatuh, yang satunya langsung lari kabur. Diamankan warga terus
dilakukan penangkapan,"" imbuhnya.

 ",www.detik.com
Modus 'Mata Elang' Rampas Motor Warga Bikin Polisi Gencarkan Razia,"Selasa, 07 Jun 2022 04:36 WIB","\-

Aksi perampasan motor dengan modus mengaku sebagai mata elang di Jakarta Barat
bikin heboh. Mencegah maraknya aksi rampas tersebut, polisi gencarkan razia di
wilayah setempat.

Polisi menggelar razia debt collector atau mata elang di Cengkareng, Jakarta
Barat. Razia ini dilakukan terkait keresahan masyarakat soal perampasan
kendaraan oleh debt collector.

### 8 Mata Elang Diamankan

Kapolsek Cengkareng Kompol Ardhie Demastyo mengatakan ada delapan orang debt
collector yang diamankan untuk didata. Dia menyebut para debt collector itu
dites urine saat tiba di kantor polisi.

""Setelah apel pagi langsung kita bagi ke enam titik, yaitu di enam kelurahan
yang ada di Cengkareng. Kita amankan ke Polsek Cengkareng untuk kita datakan.
Kita mengamankan delapan orang debt collector atau mata elang. Tujuan
pendataan agar kami mempunyai data sehingga jika nanti ada laporan lagi
tinggal kita membuka data,"" kata Ardhie di Polsek Cengkareng, Senin
(6/6/2022).

### Razia Digelar Setiap Hari

Menurutnya, data debt collector penting untuk pengecekan saat ada laporan
masyarakat soal perampasan kendaraan bermotor. Dia menyebut razia ini akan
rutin dilakukan setiap hari.

""Untuk pelaksanaan ini kita laksanakan setiap hari di jam-jam yang biasanya
para mata elang di Cengkareng. Jadi tidak hanya pagi hari tapi di jam-jam yang
biasa dia melakukan rutin. Baik pagi siang ataupun sore,"" ujarnya.

Semuanya debt collector yang diamankan dinyatakan negatif narkoba dari hasil
tes urine. Ardhie menyebut para debt collector yang diamankan hari ini
merupakan debt collector resmi dari salah satu perusahaan.

 _Simak selengkapnya di halaman berikut_

Selanjutnya __

Halaman

1  2

 ",www.detik.com
4 Pembegal Amaq Sinta Rencanakan Aksi Sambil Pesta Miras,"Sabtu, 16 Apr 2022 16:48 WIB","\-

Empat orang pembegal Amaq Sinta (34) ternyata telah membuat rencana sebelum
melakukan aksinya. Sebelum membegal korban Amaq Sinta, keempatnya malah minum
minuman keras bersama sama. Hal itu terungkap berdasarkan keterangan dua
pembegal yang selamat kepada polisi.

Berdasarkan keterangan dua orang begal yang selamat, Wahid dan Holidi, aksi
keempat begal yang mencoba merampas sepeda motor Amaq Sinta tersebut sudah
direncanakan. Perencanaan itu dibuat saat keempatnya menggelar pesta miras di
rumah salah satu begal yang tewas, atas nama Pendi. Ikut serta dalam
perencanaan itu, Oki, begal lainnya yang juga tewas di tangan Amaq Sinta.

""Keterangan saksi Wahid dan Holidi, saat itu sudah direncanakan kasus curas
ini. Saat mereka minum minum di rumah Pendi bersama Oki (dua begal yang
tewas).Setelah selesai minum miras, bergeraklah mereka berempat ke TKP (tempat
kejadian perkara),"" kata Wakapolres Lombok Tengah Kompol I Ketut Tamiana dalam
jumpa pers di Mapolres Lombok Tengah pada Selasa (12/4/2022).

  

Masih menurut Wahid dan Holidi, saat itu Oki dan Pendi mengendarai
kendaraannnya lumayan kencang ke arah timur, sehingga Wahid dan Holidi
ketinggalan di belakang.

""Tapi dibuntuti dari belakang oleh mereka. Saat ketemu, tiba tiba liat Pendi
dan Oki berkelahi dengan pelaku pembunuhan (Amaq Sinta),"" kata Tamiana. Wahid
dan Holidi lantas membantu Oki dan Pendi menghadapi Amaq Sinta.

""Setelah dibantu, tiba tiba Pendi tersungkur. Setelah Pendi tersungkur, mundur
dua orang ini, akhirnya melarikan diri,"" ujarnya.

""Nah, setelah itu, Oki melarikan diri menggunakan kendaraan dari pelaku. Saat
berbelok, Oki jatuh. Dia ditusuk dari belakang. Oki ditusuk oleh calon korban
percobaan pencurian dengan kekerasan (Amaq Sinta),"" tambah Tamiana.

Dalam kasus tersebut, polisi menyita 4 bilah sajam dan 3 unit sepeda motor.
Empat sajam tersebut terdiri dari tiga parang berbagai ukuran milik para
begal, dan satu buah pisau milik Amaq Sinta. Sementara 3 buah sepeda motor
yang disita terdiri atas dua sepeda motor milik pelaku begal dan 1 sepeda
motor milik Amaq Sinta.

""Jadi total pelaku pembunuhan 1 orang, yang juga calon korban kasus pencurian
dengan kekerasan.Dan yang kita amankan juga, kita jadikan tersangka, teman
korban yang lakukan percobaan pencurian dengan kekerasan, dua orang,"" ujar
Tamiana.

Diberitakan sebelumnya, kasus ini bermula dari penemuan mayat dua pria
bersimbah darah di Lombok Tengah Senin (11/4/2022) dinihari. Belakangan
diketahui bahwa kedua pria adalah pelaku begal yang dibunuh oleh korbannya.
Korban pembegalan itu, Amaq Sinta, justru dijadikan tersangka atas kasus
pembunuhan akibat aksi bela diri yang dia lakukan menyebabkan dua begal tewas.

Dua orang begal lainnya yang kabur dari Amaq Sinta, kini ditahan polisi atas
sangkaan tuduhan percobaan pencurian dengan kekerasan. Kedua begal itu juga
menjadi saksi memberatkan untuk Amaq Sinta yang justru dijerat pasal
pembunuhan.

  
  
  
[Gambas:Video 20detik]  

 ",www.detik.com
"Korban Unggah Rekaman Tokonya Digasak Maling, Berharap Viral","Senin, 23 Mei  2022 10:19 WIB","\-

Aksi pencurian di sebuah toko sembako di Kota Tanjungbalai, Sumatera Utara,
terekam CCTV meski pelaku sudah merusak kamera pengintai di salah satu sudut
ruangan. Pemilik toko yang menjadi korban, kemudian membagikan rekaman
tersebut ke sosial media berharap pelaku bisa dikenali dan segera tertangkap.

Dilihat dalam video rekaman Senin (23/5/2022), dua ada dua pria yang masuk ke
dalam toko sembako yang diketahui berlokasi di Jalan Pasar Traktor Kelurahan
Sijambi, Kecamatan Datuk Bandar.

Kedua pelaku memakai topi dan masker agar tak dikenali. Setelah berhasil
membobol pagar besi toko, secara perlahan salah seorang diantara mereka
merusak CCTV dengan cara mematahkannya.

  

""Kejadiannya hari Sabtu subuh. Jadi dia sesudah berhasil buka pintu pagar
langsung memanjat ke atas mematahkan CCTV ini,"" kata korban pemilik toko,
Sudar kepada wartawan.

Menurut Sudar, tokonya tersebut memang tak dijadikan tempat tinggal dan hanya
sebagai lokasi usaha saja. Dia hanya memasang beberapa CCTV di sudut toko
untuk keamanan.

""Tapi ada satu CCTV lagi di dalam mereka tak tau. Aksi mereka masih bisa
terekam. Itu pelaku yang pakai jaket biru mengambil rokok dan yang bakai baju
hitam mengambil beras,"" kata dia.

Dalam rekaman kejadian tersebut terjadi pada hari Sabtu (21/5) pukul 04:15
WIB. Kejadian ini baru diketahui korban pada pagi harinya saat ia membuka toko
dan melihat isi dagangannya berantakan.

""Kerugian kira-kira Rp 6 juta lebih. Sudah kami laporkan ke polisi, semoga
pelaku ini viral juga dan cepat tertangkap, "" harapnya.

  
  
  
[Gambas:Video 20detik]  

 ",www.detik.com
Polda NTB Bakal Percepat Proses Hukum Pembegal Amaq Sinta,"Kamis, 21 Apr 2022 11:29 WIB","\-

Kepolisian Daerah Nusa Tenggara Barat (Polda NTB) bakal mempercepat proses
hukum atas dua tersangka pelaku begal terhadap Amaq Sinta, W dan H. Hal
tersebut ditegaskan Direktur Reserse Kriminal Umum (Dirkrimum) Polda NTB,
Komisaris Besar Hari Brata.

""Minggu ini kita upayakan (melengkapi) berkasnya. Kita percepat. Tidak
menunggu lama, langsung kita serahkan ke kejaksaan,"" tegas Hari Brata kepada
wartawan awal pekan ini.

Menurut Hari, pihaknya berharap agar proses pemberkasan kasus begal itu tidak
akan membutuhkan waktu lama. Pasalnya, polisi sudah mengantongi semua bukti
bukti dan saksi saksi yang dibutuhkan untuk membawa kedua tersangka ke
persidangan.

  

Tim penyidik Polda NTB telah mengumpulkan keterangan beberapa saksi di tempat
kejadian perkara, termasuk saksi korban Amaq Sinta alias Murtede. Korban begal
yang sempat dijadikan tersangka pembunuhan atas aksi bela dirinya menewaskan
dua tersangka begal, sudah diperiksa sebagai saksi korban pada Selasa
(19/4/2022).

""Saksi saksinya yakni saksi-saksi di TKP (tempat kejadian perkara), termasuk
saksi korban ya. Saksi korban yakni Amaq Sinta alias Murtede,"" ujar Hari.

Hari juga menyebut bahwa polisi sudah mendapat saksi petunjuk dari beberapa
orang yang mengetahui saat keempat pelaku begal merencanakan aksinya.

""Mereka merencanakan di tempat di mana mereka melaksanakan pesta miras, di
pasar,"" tambahnya.

W dan H akan dijerat dengan Pasal 365 KUHP tentang pencurian dengan kekerasan.
Ancaman hukumannya maksimal 12 tahun penjara. H diketahui merupakan anak di
bawah umur. Laki laki 17 tahun itu akan diproses dengan sistem peradilan anak.

Diberitakan sebelumnya bahwa seorang pria NTB Amaq Sinta menjadi korban
pembegalan oleh 4 orang pada Minggu (11/4/2022). Amaq Sinta yang mencoba
membela diri, akhirnya melumpuhkan dua pelaku begal dengan pisau yang
dibawanya. Dua begal akhirnya tewas, sementara dua lainnya melarikan diri dari
TKP atas nama W dan H.

Kasus begal dengan korban Amaq Sinta ini sempat menjadi sorotan karena
keputusan penyidik Polres Lombok Tengah yang justru menetapkan Amaq Sinta yang
merupakan korban begal sebagai tersangka pembunuhan. Itu karena saat
menghadapi begal begal tersebut, Amaq Sinta melakukan pembelaan diri dengan
pisau yang dibawanya hingga menewaskan dua dari empat orang begal.

Namun Polda NTB yang mengambil alih kasus itu akhirnya memutuskan menghentikan
penyidikan atas kasus Amaq Sinta sebagai tersangka pembunuhan. Kini Amaq Sinta
sudah tidak lagi menyandang status tersangka. Namun petani asal Lombok Tengah
itu masih harus berurusan dengan polisi sebagai saksi korban atas kasus
pembegalan itu.

  
  
  
[Gambas:Video 20detik]  

 ",www.detik.com
Kronologi Perampokan-Pembunuhan Sadis di Studio Foto Semarang,"Kamis, 31 Mar 2022 18:43 WIB","\-

Rismantoro (24) ditangkap polisi kurang dari 12 jam setelah merampok toko
kamera eks studio foto di Semarang dan membunuh penjaga malamnya. Dia
ditangkap di tengah perjalanannya melarikan diri ke Kebumen.

## Berikut kronologi perampokan dan pembunuhan di eks studio foto Semarang:

###

### Senin, 28 Maret 2022

Rismantoro (24) warga Karangsembung, Kabupaten Kebumen, Jawa Tengah, datang
dan tidur-tiduran di sekitar toko kamera eks studio foto di Jalan Diponegoro
Semarang. Sebelumnya dia sudah mengintai lokasi itu dan memetakan targetnya.

""Yang bersangkutan sudah merencanakan dari awal untuk melakukan pencurian.
Pelaku sudah 'menggambar' lokasi. Pernah mengunjungi, sehingga arahnya ke mana
sudah tahu,"" kata Djuhandhani di Mapolda Jateng, Kamis (31/3/2022).

Korban, Supriono (37), menaruh curiga pada Rismantoro dan kemudian
menghampirinya. Korban yang bekerja sebagai penjaga malam toko itu sempat
menegur Rismantoro dan meminta identitasnya. Korban juga mengabarkan kepada
teman-teman sesama penjaga lewat WA.

""Ditegur lalu diancam mau dilaporkan ke polisi. Setelah melalui proses nego,
(Rismantoro) tidak jadi dilaporkan. Kemudian yang bersangkutan (Rismantoro)
mengambil batu. Di dalam tasnya juga sudah ada pisau,"" jelas Djuhandhani.

![Rilis kasus perampokan studio foto Semarang di Mapolda Jateng, Kamis
\(31/3/2022\).](https://akcdn.detik.net.id/community/media/visual/2022/03/31/rilis-
kasus-perampokan-studio-foto-semarang-di-mapolda-jateng-
kamis-3132022-2_169.jpeg?w=620)Rilis kasus perampokan studio foto Semarang di
Mapolda Jateng, Kamis (31/3/2022). Foto: Angling Adhitya Purbaya/detikJateng  
  
---  
  
### Selasa, 29 Maret 2022

Korban tidak jadi melapor ke polisi. Pelaku (Rismantoro) diizinkan menginap di
sekitar toko. Kemudian pelaku minta diantar ke toilet. Saat itulah pelaku yang
sudah memegang batu langsung menghantam kepala korban.

""Pelaku memukul kepala korban bagian bawah menggunakan batu sebanyak 3-4 kali,
kemudian korban pingsan,"" ujarnya.

Pelaku kemudian mengambil alat las di motornya. Dia hendak membongkar pintu
gulung (rolling door) tapi gagal. Kemudian dia hendak masuk lewat plafon di
pintu belakang. Namun, saat itu pelaku sempat mengetahui korban yang semula
pingsan sudah berubah posisi.

""Sebelum mengelas, yang bersangkutan melihat korban yang tadinya tertelungkup
menjadi telentang. Dan, saat itulah yang bersangkutan menusuk beberapa kali
dan menggorok leher korban,"" jelas Djuhandhani.

Pelaku masuk lewat plafon dan menggasak sejumlah kamera, lensa, drone, dan
tas. Kemudian dia kabur dengan sepeda motor ke arah tempat tinggalnya di
Kebumen. ""Pelaku beraksi sampai sekitar pukul 04.00,"" katanya.

![Rilis kasus perampokan studio foto Semarang di Mapolda Jateng, Kamis
\(31/3/2022\).](https://akcdn.detik.net.id/community/media/visual/2022/03/31/rilis-
kasus-perampokan-studio-foto-semarang-di-mapolda-jateng-
kamis-3132022_43.jpeg?w=480)Rilis kasus perampokan studio foto Semarang di
Mapolda Jateng, Kamis (31/3/2022). Foto: Angling Adhitya Purbaya/detikJateng  
  
---  
  
Korban ditemukan oleh penjaga lain di sekitar lokasi pada Selasa (29/3) pukul
06.00 WIB. Setelah mendapat laporan, polisi langsung melakukan pengejaran.

Tim Jatanras Polda Jateng menangkap pelaku saat perjalanan ke Kebumen. ""Yang
bersangkutan baru pulang dari TKP dan akan pergi. Setelah itu kami buntuti. Di
tengah jalan kami lakukan penangkapan tanpa perlawanan. Dia langsung mengaku,""
kata Djuhandhani.

Pelaku dijerat Pasal 365 KUHP ayat 4 tentang pencurian disertai pemberatan dan
atau pasal 339 KUHP tentang pembunuhan dengan ancaman pidana maksimal 20 tahun
penjara dan hukuman mati.

  
  
  
[Gambas:Video 20detik]  

 ",www.detik.com
"Pria di Berau Perkosa Gadis Keterbelakangan Mental, Korban Dicekoki Miras","Senin, 18 Apr 2022 23:00 WIB","\-

Pria berinisial SM (32) ditangkap polisi karena memperkosa gadis
keterbelakangan mental berusia 22 tahun di Kabupaten Berau, Kalimantan Timur
(Kaltim). Pelaku lebih dahulu mencekoki korban dengan anggur merah sebelum
melakukan aksi bejatnya.

""Setelah diberikan minuman, korban yang keterbelakangan mental ini mengalami
mabuk berat. Kemudian dilakukan pemerkosaan yang bersangkutan dalam kondisi
tidak sadar,"" ungkap Kapolres Berau AKBP Anggoro Wicaksono saat dimintai
konfirmasi, Senin (18/4/2022).

Anggoro menjelaskan, peristiwa itu terjadi saat korban sedang berada di salah
satu rumah rekannya di Jalan Pemuda, Kecamatan Tanjung Redeb, Berau pada Senin
dini hari (11/4). Saat itu SM datang dan mengajak rekan-rekan dan rekan-
rekannya untuk menggelar pesta miras di kediamannya.

  

Singkat cerita, rekan-rekan korban keluar membeli makanan dan korban ditinggal
sendiri di rumah pelaku. Korban yang mabuk berat lantas dibawa pelaku ke dalam
kamar kemudian diperkosa.

""Pelaku memperkosa korban saat teman-teman korban pergi membeli makanan, saat
itu korban yang dalam keadaan mabuk berat langsung dibawa pelaku di dalam
kamar dan terjadi tindak pemerkosaan,"" terangnya.

Saat rekan korban kembali di rumah pelaku, korban ditemukan dalam kondisi
setengah bugil di dalam kamar. Korban akhirnya dibawa pulang ke rumahnya.

""Pada paginya korban bangun dan didapati pihak keluarga dalam kondisi sakit di
bagian kemaluan,"" bebernya.

Atas kejadian itu pihak keluarga pun melaporkan kejadian itu ke pihak
kepolisian. Dari hasil visum didapati luka di bagian kelamin korban akibat
dugaan kekerasan seksual.

""Dalam pemeriksaan visum, korban masih perawan, tapi mengalami luka di bagian
kelamin,"" ujarnya

""Tapi kalau dilihat kronologis, kesesuaian TKP, ada indikasi penganiayaan.
Tapi nanti kita dalami lagi,"" sambungnya.

Atas kondisi tersebut, polisi langsung meringkus SM. Saat diamankan, SM yang
merupakan pekerja swasta mengakui perbuatannya.

""Hubungan yang bersangkutan teman, kami masih selidiki, karena perbuatan
pelaku sungguh tidak berperilaku kemanusiaan karena korban keterbelakangan
mental,"" tuturnya.

Akibat perbuatannya, pelaku terancam pasal 286 KUHP yang berbunyi, barang
siapa bersetubuh dengan perempuan yang bukan istrinya sedang diketahuinya
bahwa perempuan itu pingsan atau tidak berdaya terancam penjara paling lama 12
tahun.

  
  
  
[Gambas:Video 20detik]  

 ",www.detik.com
Ketua RW Gabung Komplotan Perampok Minimarket di Bandung,"Senin, 13 Des 2021 15:29 WIB","\-

Polisi menangkap komplotan spesialis perampok minimarket. Satu dari lima
pelaku merupakan ketua RW di Kabupaten Bandung.

Kelima tersangka yaitu inisial AES alias RW (46), HS (29), D (39), H alias
Gorgon (41), OYL alias Oom (41). Polisi meringkus para pelaku setelah
melakukan aksi kesembilan kalinya.

""Kami berhasil mengamankan pelaku spesialis pencurian toko atau minimarket.
Ada lima orang, mereka berasal dari Bandung dan Banten,"" ujar Kapolresta
Bandung Kombes Hendra Kurniawan di Mapolresta Bandung, Senin (13/12/2021).

Hendra mengungkapkan satu dari lima tersangka yaitu AES merupakan ketua RW di
Majalaya, Kabupaten Bandung. Kemudian, ada pula tiga residivis.

Para residivis itu diketahui sudah merencanakan pencurian semenjak mereka
bertemu di lapas. Selepas menghirup udara bebas, pada tahun 2020, mereka
berkomplot melancarkan pencurian.

""Ada juga di antara pelaku merupakan perangkat kampung, sebagai ketua RW di
Kabupaten Bandung. Bertemunya di Lapas di Banten kemudian mereka merencanakan
sesuatu kegiatan membobol minimarket,"" tutur Hendra.

Dari keterangan tersangka, mereka sudah melakukan aksinya sebanyak sembilan
kali, dan lima di Kabupaten Bandung. Saat melancarkan aksinya, mereka merusak
pintu minimarket tersebut dengan sebuah kunci raja dan linggis.

Selain membawa sejumlah barang jualan, mereka pun membawa kabur sebuah
brankas. ""Intinya mereka masuk ke dalam membobol brankas, kemudian mengambil
barang-barangnya,"" ucapnya.

Selain itu, mereka pun sering kali menggunakan mobil sewaan agar sulit dilacak
polisi. Aksi terakhir komplotan perampok itu diungkap polisi. Ada satu pelaku
yang mencoba melawan petugas polisi saat penyergapan.

Polisi pun menembak betis satu pelaku yang melawan itu. Kawanan perampok itu
dikenakan Pasal 363 KUHPidana yang ancaman hukumannya sembilan tahun penjara.

""Ada satu orang akibat melawan petugas diberikan tindakan tegas,"" ujar Hendra.

 ",www.detik.com
"Viral Begal Bacok Tukang Telur di Bekasi, Ditangkap dan Nyaris Diamuk Massa","Rabu, 02 Feb 2022 13:28 WIB","\-

Detik-detik aksi begal yang menyasar pedagang telur di Bintara Jaya, Bekasi,
terekam CCTV dan viral di media sosial. Satu dari tiga pelaku tertangkap dan
nyaris diamuk massa.

Dalam rekaman CCTV terlihat, pelaku menggunakan helm dan membawa celurit
mendatangi korban yang sedang duduk. Tanpa ba-bi-bu, pelaku lalu membacokkan
celurit kepada korban.

Korban pun tidak tinggal diam dan melawan balik pelaku. Tidak lama setelah
itu, datang salah seorang warga yang berada di salah satu ruko.

Lalu warga yang melihat aksi tersebut langsung mengejar pelaku. Namun pelaku
jatuh dan pingsan lalu hampir dihakimi warga.

Kasatreskrim Polres Metro Bekasi Kota Alexander Yurikho membenarkan kejadian
itu. Pelaku telah diamankan polisi dari lokasi kejadian.

""Warga kemudian melaporkan ke personel Polsek dan Unit Jatanras mengamankan
tersangka dari kemarahan warga yang akan menghakimi,"" ujar Alexander Yurikho
ketika dihubungi pada Rabu (2/2/2022).

Menurut Alex, korban saat itu sedang menunggu ojek _online._ Pelaku mengincar
HP yang sedang dalam genggaman korban.

""Lagi _nongkrong nunggu_ layanan antar jemput daring, pelaku kelihatannya
mengincar HP,"" imbuhnya.

Atas kejadian itu, korban mengalami luka bacokan. Korban saat ini telah dibawa
ke rumah sakit.

""Sudah mendapatkan perawatan di RS Islam Pondok Kopi Jakarta Timur, telah
dilakukan operasi jahitan di RS tersebut,"" ujarnya.

Kini polisi masih mengejar kedua pelaku yang berhasil kabur. Pelaku yang
berhasil tertangkap masih dalam perawatan di rumah sakit.

""Penyelidik akan mengolah petunjuk yang ada di TKP untuk mencari 2 Tersangka
yang lain (DPO) dengan sekaligus menunggu hasil perawatan Tersangka yang ada
di RSUD Kota Bekasi,"" ujar Alex.

 ",www.detik.com
Motif Pemuda Rampok Mini Market Indramayu: Terlilit Utang-Modal Judi,"Kamis, 02 Jun 2022 23:31 WIB","\-

Sebuah mini market di Desa Ujungjaya, Kecamatan Widasari, Kabupaten Indramayu,
Jawa Barat jadi sasaran aksi perampokan. Siapa sangka, jika yang menjadi
tersangka dalam aksi perampokan ini adalah mantan karyawan dari mini market
tersebut.

Tersangka dalam kasus ini berinisial DPA, warga Leuwigede, Kecamatan Widasari,
Kabupaten Indramayu. Adapun aksi perampokan yang dilakukan oleh pria berusia
21 tahun itu terjadi pada Selasa (31/5/2022), sekitar pukul 22.40 WIB malam.

Kapolres Indramayu AKBP Lukman Syarif mengatakan tersangka melakukan aksinya
saat mini market tersebut sudah akan tutup. Saat situasi sepi, tersangka
kemudian masuk dan mengancam kasir mini market dengan menggunakan senjata
tajam.

  

""Jadi tersangka ini sudah memata-matai mini market tersebut yang dulunya dia
pernah kerja di sana. Begitu sudah sepi dan sudah akan tutup, lalu dia masuk
ke dalam dan mengancam bagian kasir dengan menggunakan senjata tajam,"" kata
Lukman Syarif di Mapolres Indramayu, Kamis (2/6/2022).

Menurut Lukman, dalam aksi perampokan yang dilakukan seorang diri itu,
tersangka berhasil membawa kabur uang tunai senilai Rp 19.200.000. Tersangka
kabur meninggalkan lokasi kejadian dengan menggunakan sepeda motor jenis
matic.

Namun, berdasarkan hasil dari rekaman CCTV, tersangka akhirnya berhasil
diidentifikasi. Tersangka kemudian berhasil diringkus oleh pihak kepolisian
kurang dari 7 jam pasca kejadian.

Menurut Lukman, pihaknya berhasil mengamankan tersangka beserta sejumlah
barang bukti. Antara lain yakni sweater berwarna hitam, satu buah senjata
tajam, uang senilai Rp 19.200.000, dan beberapa barang bukti lainnya.

Atas perbuatannya, kata Lukman, tersangka dijerat Pasal 365 ayat (2) ke-1 KUHP
dengan ancaman hukuman paling lama 12 tahun penjara.

Saat dihadirkan dalam sebuah pers rilis yang digelar di Mapolres Indramayu,
DPA mengaku nekat melakukan aksi perampokan tersebut karena terlilit utang.
DPA mengaku kerap berhutang untuk modal bermain judi online.

""Karena punya utang sama pinjol (pinjaman online). Utangnya buat main judi
online,"" kata DPA di Mapolres Indramayu.

Di hadapan polisi, DPA sendiri mengaku sudah sekitar satu bulan tidak bekerja
setelah keluar dari Mini market yang ia rampok. Sementara untuk kebiasaan
bermain judi online, DPA mengaku sudah menjalaninya sekitar empat bulan.

 ",www.detik.com
"Pakai Safety Glass Breaker, Ini Modus Pencuri 'Pecah Kaca' di Bogor","Sabtu, 16 Apr 2022 21:30 WIB","\-

Polisi meringkus empat pelaku pencurian barang dari dalam mobil di wilayah
Bogor, Jawa Barat. Pelaku menggunakan alat berupa _safety glass breaker_ untuk
memecahkan kaca mobil korban.

""Jadi apabila kecelakaan untuk memutus safety belt termasuk untuk memecah
kaca, tapi disalahgunakan oleh yang bersangkutan untuk memecah kaca,"" kata
Kapolresta Bogor Kota, Kombes Susatyo Purnomo Condro, kepada wartawan, Sabtu
(16/4/2022).

Pelaku melakukan pencurian pada mobil secara acak. Mereka beraksi di tempat
sepi sambil mengincar barang-barang di dalam mobil yang diparkir.

""Apabila diparkir di pinggir jalan, kemudian dilihat sekilas dia melihat
apakah ada barang di belakang dan sebagainya, baru tim bergerak memecahkan dan
sebagainya,"" jelasnya.

Untuk mencegah kejadian serupa, polisi akan berpatroli di lokasi rawan. Selain
itu, masyarakat diimbau untuk berhati-hati memarkir kendaraan di tempat sepi.

Keempat pelaku yaitu YA (36), NC (24), R (23), dan H (40). Keempatnya
merupakan warga Ogan Komering Ulu Timur.

Para pelaku diketahui sudah 4 kali melakukan pencurian dengan modus memecahkan
kaca di wilayah Bogor Raya. Mereka mengicar tas dan barang berharga di dalam
mobil.

""Untuk jumlah tempat kejadian saat ini kami baru mengidentifikasi sebanyak 4
kejadian. Tempat kejadian perkara (TKP) yang pertama itu ada di Tajur yaitu
Bogor Timur, kedua di Kedung halang Bogor Utara, ada juga TKP di Kabupaten
Bogor di Tapos Cibinong, kemudian ada di Cileungsi,"" jelas Susatyo.

Keempat pelaku kini ditahan di Mapolresta Bogor Kota. Mereka dijerat Pasal 363
KUHPidana dengan ancaman hukuman pidana penjara paling lama tujuh tahun.

 ",www.detik.com
Terduga Maling Motor yang Tewas Dibakar di Bangkalan Seorang Residivis,"Rabu, 06 Okt 2021 20:09 WIB","\- Identitas terduga maling motor di Kwanyar Bangkalan yang tewas dibakar
massa telah terungkap. Polisi menyebut korban, R (50), merupakan residivis
curanmor.

""Iya. Jadi Polres Bangkalan saja pernah proses dua kali. Kasusnya curanmor,""
terang Kasat Reskrim Polres Bangkalan AKP Sigit Nursiyo Dwiyugo kepada
detikcom, Rabu (6/10/2021).

Meski begitu, lanjut Sigit, motor yang ikut dibakar bukan merupakan motor
hasil kejahatan. Namun motor korban sendiri.

""Motornya punya dia. Tapi bukan atas nama dia. Dan bukan hasil nyuri pas
kejadian,"" beber Sigit.

Menurut Sigit, saat ini pihaknya tengah menyelidiki massa yang terlibat
membakar korban. Bahkan nama-nama orang yang terlibat telah dikantongi dan
dicari untuk mempertanggungjawabkan perbuatannya.

""Ini kami lagi selidiki. Ya tetap kami cari. Kan harus mempertanggungjawabkan.
Biarpun ada pencurian sekalipun kalau menghilangkan nyawa orang ya tetap
salah,"" katanya.

""Belum dipanggil. Tapi masih kami dalami, kita masih mengumpulkan keterangan
dari saksi-saksi dahulu,"" tandas Sigit.

Sebelumnya, seorang terduga maling motor (curanmor) tewas dibakar massa.
Peristiwa itu terjadi di Desa Rabesen, Kecamatan Kwanyar, Bangkalan, Madura.

Kapolsek Kwanyar Iptu Mansur saat dikonfirmasi membenarkan kejadian tersebut.
Mansur mengatakan peristiwa itu terjadi sekitar pukul 02.00 WIB.

""Iya benar. Untuk kejadiannya kurang lebih pukul 02.00 WIB. Ya karena massa
banyak kemudian (pelaku) dibakar bersama motornya"" ujar Mansur kepada
detikcom, (5/10/2021).

[Gambas:Video 20detik]

 ",www.detik.com
Tak Gentar Sopir Gagalkan Perampokan hingga Pelaku Tabrak Trotoar,"Minggu, 09 Jan 2022 21:31 WIB","\-

Seorang sopir mobil travel bernama Ade Wahyudi (32) dirampok penumpangnya di
Duren Sawit, Jakarta Timur. Tak gentar, Ade Wahyudi melawan perampok di
mobilnya.

Ade Wahyudi dirampok di Jalan Gusti Ngurah Rai, Klender, Duren Sawit, Jakarta
Timur, pada Jumat (7/1) pukul 10.30 WIB. Ade mulanya berangkat dari Indramayu,
Jawa Barat, dan membawa empat penumpang termasuk pelaku dengan mobil Daihatsu
Xenia bernopol B-2110-KFE.

""Di Purwakarta, pelaku naik mobil korban, sementara empat penumpang lainnya
turun di tempat berbeda-beda,"" ujar Kabid Humas Polda Metro Jaya, Kombes
Zulpan dalam keterangannya, Sabtu (8/1).

Pelaku berinisial MA (26) meminta Ade diantar ke Muara Angke, Jakarta Utara.
Namun, saat korban meminta ongkos, pelaku mengaku tidak memiliki uang.

""Kemudian keduanya setuju pembayaran dilakukan ketika pelaku diantar kembali
ke Indramayu,"" katanya.

Ketika mobil berada di daerah Duren Sawit, pelaku melancarkan aksinya. Pelaku
tiba-tiba menjerat leher korban dengan ikat pinggang.

""Pelaku menjerat leher korban dengan menggunakan gesper warna hitam. Korban
melawan dengan cara menyikut dan memukul kepala pelaku, sehingga korban
terlepas dari jeratan pelaku,"" imbuh Zulpan.

Ade kemudian berteriak minta tolong. Hal tersebut sontak menjadi perhatian
warga sekitar. ""Pelaku akhirnya dapat ditangkap (massa). Selanjutnya pelaku
diserahkan ke Polsek Duren Sawit,"" ucapnya.

Selanjutnya __

Halaman

1  2  3

 ",www.detik.com
Abah Sukabumi Sempat Bantah Perkosa 10 Anak Perempuan hingga Divonis Mati,"Rabu, 27 Apr 2022 11:15 WIB","\-

Bos cilok Hendi alias Abah Heni sempat menyangkal telah memperkosa 10 anak
perempuan. Namun, bantahan Abah Heni dimentahkan oleh hakim.

Bantahan Abah Heni itu diungkapkan saat pemeriksaan terdakwa yang berlangsung
di Pengadilan Negeri (PN) Cibadak Sukabumi. Bantahan-bantahan Abah Heni
memperkosa 10 anak perempuan itu termuat juga dalam dokumen putusan.

""Bahwa terdakwa mengaku tidak pernah melakukan perbuatan pencabulan terhadap
para korban,"" ujar hakim sebagaimana dokumen putusan yang dilihat pada Rabu
(27/4/2022).

  

Kendati demikian, Abah Heni mengaku memang mengenal 10 anak perempuan yang
jadi korbannya itu. Bahkan, dia membenarkan pernah memberi uang, mencarikan
kutu hingga mengajak korban jalan-jalan menggunakan sepeda motor.

Meski Abah Heni membantah perbuatannya, bantahan itu dimentahkan oleh hakim PN
Cibadak. Pasalnya, Abah Heni tak bisa membuktikan bantahan tersebut.

""Menimbang bahwa walaupun di persidangan terdakwa menyangkal semua
keterangannya di berita acara pemeriksaan (BAP), namun terdakwa tidak dapat
membuktikan penyangkalannya terhadap keterangannya yang diberikannya pada
tingkat penyidikan di kantor polisi tersebut,"" tutur dia.

Oleh karena itu, hakim meyakini perbuatan Abah Heni terbukti bersalah
sebagaimana BAP. Menurut hakim, BAP merupakan salah satu bukti yang memperkuat
perbuatan Abah Heni.

""Bahwa terdakwa menerangkan saat berita acara pemeriksaan terdakwa mengakui
satu saja perbuatannya yaitu mencabuli para saksi korban,"" katanya.

Dalam putusan PN Cibadak, terdakwa sendiri sudah divonis selama 15 tahun
penjara dan denda Rp 250 juta subsidair 3 bulan kurungan.

Akan tetapi, jaksa mengajukan banding ke Pengadilan Tinggi (PT) Bandung. Hakim
PT Bandung lantas memperberat hukuman terdakwa dengan menjatuhkan vonis
hukuman mati.

Hukuman mati dijatuhkan hakim tinggi pada Pengadilan Tinggi (PT) Bandung dalam
sidang yang digelar pada Selasa (26/4/2022). Dalam sidang tersebut, majelis
hakim yang diketuai oleh Yuli Heryati itu menganulir putusan 15 tahun penjara
yang sebelumnya diketok hakim Pengadilan Negeri (PN) Cibadak Sukabumi.

""Menjatuhkan pidana kepada terdakwa oleh karena itu dengan pidana mati,"" ucap
hakim sebagaimana kutipan amar putusan yang diterima detikJabar.

 ",www.detik.com
"ABG di Jakbar Diperkosa Kenalan di Facebook, Pelaku Ditangkap","Kamis, 31 Mar 2022 22:41 WIB","\-

Seorang pria berinisial S (47) memperkosa remaja perempuan berusia 17 tahun di
Tamansari, Jakarta Barat. Pelaku yang sudah beristri itu bahkan memperkosa
korban hingga 8 kali.

Wakasat Reskrim Polres Metro Jakarta Barat Kompol Niko Purba mengatakan korban
dan pelaku awalnya saling mengenal via Facebook. Singkatnya, mereka berkenalan
dan pelaku mengajaknya bertemu.

""Pelaku awalnya mengajak korban makan. Pasca-makan diajak untuk ke hotel,
korban dibujuk rayu sehingga terjadi persetubuhan,"" kata Niko dalam
keterangannya, Kamis (31/3/2022).

Setelah pertemuan pertama itu, pelaku dan korban menjalani hubungan secara
intens. Pada pertemuan berikutnya, pelaku kembali membawa korban ke hotel dan
melakukan pencabulan.

""Persetubuhan berdasarkan keterangan korban itu sudah delapan kali dilakukan
(persetubuhan),"" ujarnya.

Niko mengatakan kejadian tersebut diketahui ketika korban bercerita kepada
ibunya. Sang ibu kemudian melapor polisi.

Berdasarkan keterangan ibunya, pelaku juga kerap datang ke rumah korban dan
mengajak keluar dengan alasan untuk makan. Korban juga diiming-imingi uang
jajan setelah pelaku melakukan tindakan bejatnya.

""Anak saya itu kadang dikasih uang sama dia (pelaku). Biasanya di kasih Rp 50
ribu, terus diajak makan _gitu_ ,"" kata ibu korban dalam keterangan yang
disampaikan polisi.

Polisi lalu melakukan penyelidikan. Pelaku kemudian ditangkap di Sawah Besar,
Jakarta Pusat.

Saat ini pelaku sudah ditetapkan sebagai tersangka dan ditahan. Akibat kasus
tersebut, pelaku dijerat Pasal 76D _juncto_ Pasal 81 UU Perlindungan Anak
dengan ancaman pidana minimal lima tahun dan maksimal 15 tahun penjara.

 ",www.detik.com
Siswi SMP di Purwakarta Diperkosa Gegara Celana Bolong-Diancam,"Minggu, 03 Apr 2022 06:00 WIB","\-

Jajaran Satreskrim Polres Purwakarta mengamankan SI (18), pelaku tindak pidana
persetubuhan dan pencabulan kepada siswi SMP di Purwakarta. Pelaku yang
merupakan pekerja kuli bangunan ditangkap polisi di kediamannya di Purwakarta.

""Modusnya pelaku membawa korban ke rumahnya, selanjutnya pelaku ancam pulang
enggak diantar kalau tidak mengikuti keinginan pelaku, dan korban ketakutan
tidak diantarkan pulang, lalu terjadilah persetubuhan,"" ujar Kapolres
Purwakarta AKBP Suharyadi Hery Haryanto, Sabtu (02/04/2022).

Hery, sapaan akrabnya, menjelaskan antara pelaku dan korban tidak mengenal
satu sama lain, Korban bertemu dengan pelaku ketika pacar teman pelaku membawa
korban untuk bermain.

  

Dua pasang anak tanggung itu bermain menggunakan dua sepeda motor. Teman dan
pacarnya entah melaju ke arah mana, namun pelaku dan korban berhenti ke rumah
pelaku.

Di dalam rumah pelaku sedikit sepi lantaran keluarga pelaku sibuk
beraktivitas. Pelaku mengajak korban masuk ke dalam kamar pelaku dan
terjadilah persetubuhan. ""Korban masih duduk di bangku SMP,"" kata Suhayadi.

Sementara pengakuan pelaku ia terangsang ketika melihat ada celana korban yang
bolong. Selain itu, pelaku ternyata sudah mengincar korban satu minggu
terakhir.

""Karena saya melihat celananya bolong lalu saya tertarik,,"" ungkap pelaku.

Dia mengaku awalnya korban menolak berhubungan badan. Namun pelaku mengancam
hingga akhirnya korban tak berdaya.

""Awalnya enggak mau, tapi lama-lama dia mau (karena takut),"" katanya.

Untuk mempertanggungjawabkan perbuatannya, pelaku saat ini meringkuk di hotel
prodeo Mapolres Purwakarta. S dijerat pasal 81 ayat 1 dan 2, kemudian pasal 82
ayat 1 tentang perlindungan anak ancaman kurungan maksimal 15 tahun penjara.

  
  
  
[Gambas:Video 20detik]  

 ",www.detik.com
"Terlilit Utang, Pria Bandung Barat Pura-pura Jadi Korban Begal","Kamis, 23 Apr 2020 13:26 WIB","\-

Usep Gandi (34), warga Kecamatan Lembang, Kabupaten Bandung Barat, Jawa Barat,
berpura-pura menjadi korban begal pada Rabu (22/4) malam.

Kanit Reskrim Polsek Lembang Ipda Yuhadi mengatakan awalnya Usep mengaku
dipepet empat pria mengendarai dua motor di Jalan Tangkuban Perahu atau
tepatnya depan Villa Teratai, Desa Cibogo, Kabupaten Bandung Barat. Usep
menyebut motornya dibawa kabur begal.

Usep merekayasa cerita tersebut kepada polisi. Ia seolah dihantam gagang golok
begal hingga terjungkal. Di tempat kejadian itu, warga yang menyangka terjadi
aksi kriminal, menolong Usep dan melaporkan ke Polsek Lembang.

Polisi mengecek tempat kejadian dan mengumpulkan bahan keterangan. Ada sesuatu
mencurigakan yang ditemukan polisi selagi penyelidikan.

""Jadi kami mencurigai ada yang aneh dengan kejadian pembegalan yang dialami
korban. Saat kami interogasi dan lakukan olah TKP dengan korban terkait
pembegalan tersebut, akhirnya korban mengaku bahwa pembegalan yang dialaminya
bohongan. Jadi dia pura-pura jadi korban,"" ujar Yuhadi saat dihubungi, Kamis
(23/4/2020).

Selanjutnya __

Halaman

1  2

 ",www.detik.com
Detik-detik Menegangkan Sopir di Jaktim Dirampok hingga Pelaku Tabrak Trotoar,"Minggu, 09 Jan 2022 11:09 WIB","\-

Aksi perampokan sopir angkutan _travel_ bernama Ade Wahyudi (32) di Duren
Sawit, Jakarta Timur, berhasil diungkap polisi. Pelaku inisial MA (26) pun
telah ditangkap hingga ditahan.

Peristiwa perampokan itu terjadi pada Jumat (7/1/2022), sekitar pukul 10.30
WIB. Pelaku diketahui sempat menguasai kemudi mobil korban dan berupaya
melarikan diri.

""Sampai di BKT (Banjir Kanal Timur) satu penumpang itu langsung menjerat leher
sopir pakai gesper. Nah sempat berhenti mobilnya. Sopirnya ini melawan ya
masih bisa coba lepas ikat pinggang di lehernya itu. Ada perlawanan terus
sopirnya sempat keluar. Nah pelaku kemudian ambil alih setir mau kabur,"" kata
Kapolsek Duren Sawit Kompol Suyud saat dihubungi, Minggu (9/1).

### Sopir Sempat Lawan Pelaku

Upaya pelaku ini gagal usai korban melakukan perlawanan sengit. Korban yang
sempat keluar mobil lalu mencoba kembali memasuki mobilnya.

Tindakan korban itu membuahkan hasil. Upaya pelaku MA yang sempat mau kabur
itu tidak berhasil. Mobil korban yang dikendarai pelaku itu menabrak trotoar
hingga akhirnya pelaku diamankan warga di lokasi.

""Korbannya itu sempat buka pintu dan loncat lagi jadi (pelaku) gagal kabur.
Jadi sempat maju cuman mentok trotoar karena sopirnya _nahan_ ,"" terang Suyud.

### Modus Pelaku

Hasil pemeriksaan pelaku MA mengaku sedari awal telah mengincar korban untuk
dirampok. Pelaku diketahui menaiki mobil korban dari Purwakarta, Jawa Barat.

Menurut Suyud, pelaku menunggu tidak ada penumpang lain di mobil korban selain
dirinya. Saat tiga orang penumpang di mobil korban turun di Muara Angke,
Jakarta Utara, pelaku mulai bersiap-siap melancarkan aksinya.

""Ya dia kan berpura-pura jadi penumpang, tujuannya kan ke Jakarta. Jadi dia
ikut _aja_ ke mana _aja_. Dia nunggu sopir ini sendirian. Itu modusnya seperti
itu,"" jelas Suyud.

Polisi memastikan pelaku MA merupakan pelaku tunggal dari aksi perampokan
tersebut. Tidak ada barang bukti selain gesper yang digunakan pelaku untuk
menjerat leher korban.

Pelaku kini telah ditetapkan sebagai tersangka dan ditahan di Polsek Duren
Sawit. Dia dijerat dengan Pasal 365 KUHP tentang Aksi Perampokan.

[Gambas:Video 20detik]

 ",www.detik.com
Polisi Masih Selidiki Identitas Mayat Pria Bugil dalam Karung di Tangerang,"Selasa, 31 Mei  2022 21:22 WIB","\-

Polisi masih menyelidiki identitas mayat pria dalam karung di Legok, Kabupaten
Tangerang. Mayat pria berkumis itu diperkirakan berusia 30 tahun.

""Identitasnya kita belum tahu yang paling penting cari identitas korban dulu.
Kita cari identitas dulu, melakukan autopsi. Kita cari identitas dulu biar
tahu peristiwanya _gimana_ ,"" kata Kasat Reskrim Polres Tangsel AKP Aldo
Primananda Putra saat dihubungi wartawan, Selasa (31/5/2022).

Sementara itu, terkait ciri-ciri korban saat ini belum diketahui secara
detail. Aldo menyebut diperkirakan usia korban ini berkisar di atas 30 tahun.

""Jenis kelamin laki-laki usia lebih kurang 30-an tahun ke atas, berkumis,""
tambahnya.

### Diduga Korban Pembunuhan

Polisi menduga mayat pria dalam karung ini adalah korban pembunuhan. Polisi
menemukan jasad korban terikat dengan pemberat.

""Ada dugaan mengarah ke sana (pembunuhan). Korban di dalam karung dalam
keadaan terikat dengan pemberat pada tangan dan kakinya,"" ucap Aldo.

Sementara itu, Kapolres Tangsel AKBP Sarly Sollu mengungkapkan mayat dalam
karung ini ditemukan tanpa busana.

""Benar telah ditemukan sesosok mayat berjenis kelamin laki laki tanpa busana,""
ujar Sarly.

Sarly mengungkapkan korban ditemukan dalam kondisi kepala tertutup plastik dan
mulutnya dilakban.

""Mayat terbungkus di dalam karung kepalanya dibungkus kantong plastik warna
hitam dan mulutnya dilakban bening,"" katanya.

[Gambas:Video 20detik]

  
  

 ",www.detik.com
"Fakta Baru Kasus Ibu Bunuh Anak di Semarang: Pelaku Habiskan Deposito Rp 1,2 M","Selasa, 17 Mei  2022 18:39 WIB","\-

Polisi mengungkap fakta baru kasus ibu membunuh anak balitanya di kamar hotel,
Semarang. Pelaku Riska (34) tidak hanya terjerat pinjaman online (pinjol)
namun juga menghabiskan tabungan yang dipasrahkan padanya senilai Rp 1,25
miliar.

Kasat Reskrim Polrestabes Semarang AKBP Donny Sardo Lumbantoruan mengatakan
Riska dipasrahi suaminya berupa deposito senilai Rp 1,25 miliar. Ternyata uang
itu habis dipakai. Sehingga alasan pelaku tega membunuh anaknya yang berusia 3
tahun itu bukan hanya utang Rp 38 juta.

""Berdasarkan hasil pemeriksaan tambahan dari tersangka Riska dan terhadap
suaminya, jadi ditemukan fakta baru bahwa motif dari tersangka Riska melakukan
upaya bunuh diri termasuk bunuh anaknya adalah, kalau kemarin hanya pinjol
senilai Rp 38 juta ternyata di balik itu ada permasalahan lebih besar, dia
dipercaya suami pegang deposito senilai Rp 1,25 M dan ternyata habis dipakai
selama tahun 2019-2022,"" kata Donny di Mapolrestabes Semarang, Selasa
(17/5/2022).

""Oleh karenanya yang bersangkutan takut diketahui oleh suaminya makanya ketika
dia berangkat ke hotel kemarin sama anaknya di situ mulai timbul keinginan
bunuh diri maupun bunuh anaknya,"" imbuhnya.

Uang tersebut merupakan gabungan uang suami dan pelaku yang sempat bekerja
sebelum menikah. Namun ternyata uang itu terus dipakai pelaku untuk belanja
online, bahkan sempat digunakan wisata keluarga. Tapi saat wisata pelaku
berbohong mendapatkan promo, padahal menggunakan deposito itu.

""Jadi dia jalan-jalan dan itu sebenarnya liburan keluarga cuma dia modusnya
membohongi suami seolah liburan yang mereka lakukan itu harga promo. Ternyata
harga normal dan uang dari deposito,"" jelas Donny.

Ia menjelaskan saat ini langkah yang dilakukan yaitu mengumpulkan keterangan
dan bukti termasuk berkoordinasi dengan bank untuk mengecek rekening.

Diberitakan sebelumnya, peristiwa tragis ibu bunuh anak balita itu terjadi
pada Selasa (10/5) lalu di sebuah hotel di Semarang. Saat itu, petugas hotel
menemukan Riska di kamar dalam kondisi lemas, sedangkan di sampingnya terbujur
jasad sang anak.

Riska mengaku takut dengan suaminya karena selama ini baik namun ketika tahu
soal uang tersebut suaminya marah. Dia bermaksud bunuh diri setelah membunuh
anaknya, namun gagal meski sang buah hati sudah meregang nyawa.

  
  
  
[Gambas:Video 20detik]  

 ",www.detik.com
Terekam CCTV! 'Perjuangan' Maling Panjat Pagar 2 M Hanya Ambil Barang Ini,"Rabu, 11 Mei  2022 09:39 WIB","\-

Aksi pencuri terekam CCTV di perumahan Graha Kartika Desa Belangwetan,
Kecamatan Klaten Utara, Klaten, Jawa Tengah. Maling itu menggasak sepeda BMX
anak yang terparkir di teras rumah.

Padahal, rumah tersebut terlindung pagar setinggi sekitar 2 meter. Saat ini
kasus pencurian itu tengah ditangani Polsek Klaten Utara.

""Kejadiannya itu hari Senin (9/5) pagi pukul 02.58 WIB. Yang diambil sepeda
BMX warna hitam, ada hijaunya,"" ungkap pemilik rumah Ira Mei (35) kepada ,
Rabu (11/5/2022) pagi.

Kejadian tersebut, terang Ira, baru disadari keluarganya pada Selasa (10/5)
siang saat bersih- bersih rumah. Mereka baru sadar sepeda itu sudah raib dari
tempatnya. Kemudian, mereka memeriksa CCTV.

""Pelaku hanya seorang diri, kalau dilihat hanya berjalan kaki tapi bawa motor
atau tidak saya tidak tahu. Pelaku mengenakan masker,"" lanjut Ira.

Akibat kejadian itu, sebut Ira, anaknya kehilangan sepeda. Harga sepeda
tersebut sekitar Rp 1,5 juta.

""Harganya sekitar Rp 1,5 juta. Sudah kami laporkan ke bhabinkamtibmas dan
dilanjutkan ke Polsek,"" imbuh Ira.

Dikatakan Ira, dari CCTV pelaku hanya beraksi sekitar tiga menit. Pelaku naik
memanjat ke pagar dan menarik sepeda dengan tali.

""Naik ke pagar lompat dan sepeda ditarik pakai tali. Naik dari pojok rumah
tapi terus turun, lalu naik ke pagar sudah bawa tali, itu sepeda anak saya
yang nomor satu,"" papar Ira.

Padahal tinggi pagar, sambung Ira, sekitar dua meter. Saat kejadian
keluarganya semua ada di rumah.

""Kami ada di rumah tapi tidak dengar apa-apa, padahal ada di rumah. Selain
pakai masker, (pelaku) juga pakai penutup kepala,"" imbuh Ira.

Kanit Reskrim Polsek Klaten Utara, Ipda Riyanto pada wartawan menjelaskan
kasus itu sudah dilaporkan usai kejadian. Polsek akan melakukan penyelidikan.

""Kita akan melakukan penyidikan berdasarkan CCTV. Kerugian sepeda BMX seharga
sekitar Rp 1,5 juta,"" jelas Riyanto.

  
  
  
[Gambas:Video 20detik]  

 ",www.detik.com
Viral Emak-emak Naik ke Atas Kap Mobil Coba Gagalkan Pencurian di Jaktim,"Sabtu, 04 Jun 2022 16:36 WIB","\-

Video memuat aksi seorang ibu-ibu naik ke atas kap mobil viral di media
sosial. Tindakan itu disebut sebagai upaya wanita tersebut menggagalkan
pencurian mobilnya.

Peristiwa itu terjadi di daerah Ciracas, Jakarta Timur, pada Kamis (2/6)
sekitar pukul 23.00 WIB. Video viral itu awalnya memperlihatkan kondisi jalan
yang relatif masih ramai.

Tidak berselang lama, muncul mobil berwarna _silver_. Namun, di atas kap mobil
itu ada wanita yang berupaya menghentikan laju kendaraan tersebut.

Kapolres Metro Jakarta Timur Kombes Budi Sartono membenarkan peristiwa
tersebut. Dia menyebut pelaku berinisial RA telah ditangkap.

""Sebelum 1x24 jam kita tangkap yang bersangkutan di Bekasi,"" kata Budi kepada
wartawan, Sabtu (4/6/2022).

Budi mengatakan kasus itu berawal saat korban berinisial LN berniat menjual
mobilnya lewat jasa pemasaran di media sosial. Pelaku yang melihat unggahan
korban tertarik dan datang ke rumah korban untuk melakukan transaksi.

Menurut Budi, tercatat sudah empat kali pelaku datang ke rumah korban. Pelaku
saat itu selalu berdalih ingin melakukan _test drive_ terlebih dahulu.

Pada Kamis (2/6) malam, pelaku dan korban lalu kembali bertemu. Pelaku pun
kembali meminta melakukan _test drive._

""Nah tiap _tes drive_ mobil korban selalu ikut di mobil itu. Tiga hari
berturut-turut korban ikut terus sehingga niat tersangka untuk membawa mobil
jadi tidak bisa,"" katanya.

Pelaku lalu membawa mobil korban ke arah SPBU Ciracas. Saat korban lengah
pelaku lalu memukul korban hingga terjatuh dari mobil.

Korban yang tidak menyerah tetap berupaya menggagalkan pencurian pelaku.
Korban LN lalu nekat naik ke atas kap mobil dengan harapan menghentikan laju
kendaraan yang dikemudikan pelaku.

""Yang pasti setelah mobil itu berusaha kabur dan _nabrak_ truk, korban datang
lagi ke mobil itu dan berusaha menghalangi lalu naik ke kap mobil. Tersangka
kabur hingga korban jatuh,"" tutur Budi.

Korban lalu membuat laporan ke Polres Metro Jakarta Timur pada Jumat (3/6)
dini hari. Kurang dari 24 jam pelaku berhasil ditangkap di daerah Kranggan,
Bekasi.

Atas perbuatannya, pelaku kini telah ditetapkan sebagai tersangka. Dia dijerat
dengan Pasal 365 dan 351 KUHP dengan ancaman 9 tahun penjara.

 ",www.detik.com
Keji! Gadis Disabilitas Mental di Kupang Diperkosa Tiga Pemuda,"Senin, 25 Apr 2022 20:02 WIB","\-

Seorang gadis berinisial E (22) asal Kecamatan Fatuleu, Kabupaten Kupang
mengalami nasib nahas. Gadis penyandang disabilitas ini mengalami kekerasan
seksual beberapa waktu lalu.

Ia diperkosa tiga pemuda yang masih tetangganya di Kecamatan Fatuleu,
Kabupaten Kupang, Nusa Tenggara Timur (NTT).

Aksi pemerkosaan tergolong keji dan sadis. Kedua tangan korban diikat dengan
posisi terangkat pada dahan pohon, mata korban ditutup dengan BH korban dan
mulut korban disumbat dengan daun jati putih.

  

Ketiga pelaku masing-masing DT alias Dani (22), ZT alias Zaka (19) dan NT
alias Niko (24) merupakan warga di desa yang sama dengan korban.

DT alias Dani dan ZT alias Zaka adalah saudara sepupu. Sementara NT alias Niko
adalah paman dari ZT.

Kapolres Kupang, AKBP FX Irwan Arianto yang dikonfirmasi Senin (25/4/2022)
membenarkan adanya laporan ini. ""Laporannya sudah kita terima dan diproses,""
tandasnya.

Korban malah sudah dua kali diperkosa dalam waktu yang berbeda. Sebelumnya
pada tanggal 31 Maret 2022, korban diperkosa oleh DT di kebun.

Sebelum kejadian, korban ke kebun untuk membersihkan kebun. Pelaku DT yang
mengetahui keberadaan korban di kebun kemudian membuntuti korban.

Di kebun tersebut, DT memperkosa korban. Usai memperkosa korban, pelaku DT pun
kabur meninggalkan korban seorang diri.

Korban pulang ke rumah dan menceritakan pada pamannya sehingga dilaporkan ke
Polres Kupang. Saat itu polisi sudah mencari pelaku DT namun belum berhasil
menemukan DT.

Belakangan DT mengetahui kalau korban sudah melaporkan ke polisi atas kasus
perkkosaan yang dilakukannya. Kamis (14/4/2022), pelaku yang mengetahui korban
ada di kebun mengajak ZT dan NT.

Kebetulan korban lagi panen jagung seorang diri dan usai panen korban pun
hendak pulang ke rumah. Saat pulang, korban berpapasan dengan tiga orang
pelaku di jalan.

DT, ZT dan NT pun menyeret korban ke hutan dekat kebun. Kedua tangan korban
diikat dan digantung pada dahan pohon.

Mulut korban kemudian disumbat dengan daun jati putih dan DT membuka BH korban
kemudian dipakai menutup mata korban. Mereka pun menelanjangi korban dan
bergiliran memperkosa korban.

Pelaku DT sempat memarahi korban karena korban melaporkan aksi pemerkosaan
yang dilakukan DT pada 31 Maret 2022 ke polisi sehingga polisi mencari DT.

Usai melakukan aksi bejatnya, ketiga pelaku meninggalkan korban dalam posisi
tangan terikat, mata tertutup dan mulut tersumbat serta tubuh bagian bawah
dalam keadaan tanpa busana.

Korban pun berusaha menyelamatkan diri dengan menggoyang tangan nya yang
terikat di dahan pohon hingga dahan pohon patah dan korban.

Secara kebetulan paman korban melintas di dekat lokasi kejadian dan melihat
ketiga pelaku keluar dari hutan sambil menghindar dari paman korban.

Paman korban berusaha ke hutan dan menemukan korban yang baru selesai
diperkosa berusaha mencari jalan keluar masih dengan mata terikat dan mulut
tersumbat daun serta kedua tangan korban juga terikat.

Paman korban dan korban kemudian melaporkan kasus ini ke Polres Kupang. Korban
pun divisum dan diperiksa penyidik unit PPA Satreskrim Polres Kupang.

""Hasil visum pada korban ada robekan tidak beraturan karena korban diperkosa
secara brutal oleh ketiga pelaku,"" ujar Kapolres Kupang AKBP FX Irwan Arianto.

Polisi sudah memeriksa sejumlah saksi terkait kasus ini dan masih menggali
keterangan dan informasi dari korban karena korban gagap dan lamban berpikir
dan berkata-kata.

  
  
  
[Gambas:Video 20detik]  

 ",www.detik.com
"Mertua Sebut Kamar Anak Perempuan Dipasangi CCTV, Ini Penjelasan AKP DK","Kamis, 26 Mei  2022 07:50 WIB","\-

Perwira Direktorat Reserse Narkoba Polda Metro Jaya, AKP DK, terlibat konflik
dengan ibu mertua, Nurmila Sangadji dan adik ipar perempuannya, Claudia
Senduk. Nurmila mengaku memang telah lama tak nyaman dengan sikap AKP DK saat
mereka tinggal serumah.

Pasalnya, kata Nurmila, AKP DK memasang CCTV di seluruh kamar rumah, termasuk
kamar yang dia dan Claudia tempati. Nurmila mengaku sudah menyampaikan
keberatan soal CCTV di kamar tersebut.

""Saya tidak nyaman saja di rumah situ, bukan tidak mau jaga anak ya. Karena di
kamar kami, (kamar) saya ada CCTV, di kamar anak saya ada CCTV, di kamar anak
saya ada CCTV,"" kata Nurmila kepada di Mabes Polri, Jalan Trunojoyo, Kebayoran
Baru, Jakarta Selatan (Jaksel), Rabu (25/5/2022).

Hal ini diungkap Nurmila usai mengadukan 3 orang penyidik Subdit Jatanras
Ditreskrimum Polda Metro Jaya yang menangani laporan DK atas tuduhan pencurian
terhadap Nurmila dan Claudia. Nurmila dan Claudia sebelumnya dilaporkan AKP DK
ke Polda Metro Jaya pada 26 Februari 2022.

Nurmila dan anaknya Claudia tinggal serumah dengan AKP DK lantaran anaknya,
yang juga kakak kandung Claudia, Iptu CS menikah dengan AKP DK. Iptu CS
meninggal dunia akibat leukemia pada Desember 2021.

""Yang saya keberatan, anak saya ini (Claudia) masih remaja, masih gadis.
Kayaknya kurang etis buat saya sama si beliau (AKP DK) itu,"" tutur Nurmila.

###

### Adik Ipar Sempat Protes soal CCTV

Pada kesempatan yang sama, Claudia mengaku sempat protes kepada mendiang
kakaknya, Iptu CS, soal AKP DK yang memasang CCTV di kamar tidurnya. Namun,
menurut Claudia, Iptu CS mau tak mau menuruti AKP DK.

""Saya nggak terima sih (CCTV dipasang di kamar tidur). Saya sudah bilang ke
kakak kandung saya, saya bilang, 'Kak seharusnya (CCTV) nggak harus dipasang
di kamar sih'. Saya bilang seperti itu. Terus kakak saya (Iptu CS) bilang, 'Ya
gimana, namanya suami saya yang suruh,"" ucap Claudia menirukan percakapan
dengan Iptu CS kala itu.

Claudia pun akhirnya tak bisa berbuat apa-apa karena sadar rumah yang
ditinggalinya adalah milik AKP DK. Baru sekarang, lanjut Claudia, dia berani
mengungkapkan dirinya merasa dilecehkan dengan pemasangan CCTV di kamar
tidurnya tersebut.

""Jadi ya _gimana_ juga saya nggak bisa _ngelak_ karena memang saya tinggal di
situ juga. Jadi menurut saya sekarang baru saya bisa ungkapkan bahwa ada
terjadinya pelecehan seksual,"" kata Claudia.

""Jadi mohon juga untuk bisa diberikan hukuman yang setara atas apa yang sudah
dia perbuat, apalagi sekarang ditambahnya kita dituduh mencuri yang padahal
kami nggak ada mencuri,"" lanjut Claudia.

### Dilaporkan atas Tuduhan Pencurian

AKP DK melaporkan Nurmila dan Claudia atas tuduhan dugaan pencurian. Rekama
CCTV yang menjadi barang bukti DK melaporkan dirinya dan ibunya dinilainya
tidak valid.

""Dia hanya memakai bukti CCTV yang saya lagi beres-beres. Jadi tolong, itu
bukti yang nggak valid menurut saya,"" ujar Claudia dia.

Sebelumnya Nurmila mengadukan masalah yang dihadapinya lantaran menantunya
sendiri, AKP DK, melaporkan dirinya ke Polda Metro Jaya dengan tuduhan
mencuri.

""Klien kami dituduh sebagai pencurian pemberatan, atau pencurian biasa,
padahal klien saya sebagai ibu mertuanya atau Claudia sebagai adik ipar (dari
AKP DK),"" kata kuasa hukum Nurmila, Jay Tambunan.

Jay mendampingi Nurmila Sangadji yang merasa dikriminalisasi oleh penyidik
Polda Metro Jaya. Ketiga penyidik tersebut diadukan ke Propam Mabes Polri atas
dugaan keberpihakan dalam menangani laporan DK atas tuduhan pencurian terhadap
Nurmila dan Claudia.

""Aneh bagi kita, seorang menantu tinggal bersama ibu mertua dan adik iparnya,
begitu diusir dari rumah itu. Lalu kemudian dilaporkan sebagai pencurian
pemberatan,"" kata Jay.

  

[Gambas:Video 20detik]

  
  
  

Selanjutnya __

Halaman

1  2

 ",www.detik.com
Begini Analisis Polisi soal Marak Begal dan Tawuran Gangster di Jadetabek,"Jumat, 11 Mar 2022 23:57 WIB","\-

Aksi begal dan tawuran _gangster_ yang terjadi di beberapa wilayah Jadetabek
akhir-akhir ini kembali marak. Kapolda Metro Jaya Irjen Fadil Imran memberikan
perhatian serius terkait aksi begal ini.

Direktur Reskrimum Polda Metro Jaya Kombes Tubagus Ade Hidayat mengungkap
fakta terkait beberapa kejadian begal ini rata-rata dilakukan oleh anak di
bawah umur. Salah satu contohnya kasus begal ibu hamil di Mustika Jaya,
Kabupaten Bekasi, yang terjadi pada Selasa (8/3). Empat dari enam pelaku yang
ditangkap ternyata masih di bawah umur.

""Hasil pengungkapan, sebagian besar didapatkan fakta bahwa para pelaku
semuanya di TKP yang sudah diungkap, rata-rata usia di bawah 20 tahun atau
usia belasan tahun, yang pekerjaannya adalah pelajar,"" kata Kombes Tubagus Ade
Hidayat kepada wartawan, Jumat (11/3/2022).

Dari fakta tersebut, polisi menyimpulkan ada tiga klaster pelaku, yakni
klaster penyakit masyarakat, kenakalan remaja, dan pelaku kriminal. Dari
ketiga klaster tersebut, upaya penanggulangannya dilakukan secara berbeda.

###

### Gangster Ingin Unjuk Eksistensi

Tubagus kemudian menyampaikan analisis terkait proses terjadinya begal dari
tiga klaster tersebut. Salah satunya adanya perkumpulan komunitas atau
_gangster _yang ingin menunjukkan eksistensi atau kehebatan kelompoknya.

""Mereka kumpul dalam satu komunitas, kemudian mereka identifikasi diri sebagai
kelompok kuat. Agar bisa disebut kelompok kuat, maka harus lakukan tindakan
berani yang diidentifikasikan berani lukai orang lain dan ini terjadi di
Depok,"" jelas Tubagus Ade.

""Korban nggak punya masalah dengan kelompok itu. Tetapi indikatornya, agar
bisa disebut hebat, harus melakukan tindakan-tindakan kriminal, yakni berani
melukai orang lain, berani melakukan tindakan kriminal,"" tambahnya.

Di sisi lain, mereka mengidentifikasi kelompok lain sebagai musuh. ""Itulah
kemudian kenapa ramai terjadi aksi-aksi tawuran,"" imbuhnya.

###

### Medsos Dimanfaatkan Jadi Sarana Unjuk Eksistensi

Tubagus menambahkan faktor media sosial juga mempengaruhi terjadinya aksi
kriminalitas. Para pelaku kerap melakukan janji lewat media sosial sebelum
melakukan tawuran.

""Karena agak unik, setiap kejadian tawuran diabadikan di beberapa medsos dan
diekspos agar bisa mengidentifikasikan diri sebagai kelompok hebat,"" katanya.

Dari hasil analisis tersebut, polisi menyimpulkan maraknya aksi begal dan
tawuran ini lebih cenderung pada permasalahan sosial. Polda Metro Jaya
membentuk tim khusus yang lebih fokus pada tindakan kriminal.

""Dari tiga klaster tadi, maka Ditkrimum lebih fokus ke yang masalah kriminal
kenakalan remaja, penyakit masyarakat, dan yang berorientasi pada yang jelas-
jelas kriminalitas,"" tuturnya.

Permasalahan sosial ini terjadi dari ketahanan keluarga. Keluarga diharapkan
lebih mengawasi anak-anaknya saat bepergian pada jam-jam malam.

""Kalau sudah orientasi pada kriminal, maka kepolisian wajib lakukan tindakan
hukum yang tegas terukur. Upaya-upaya ke depan akan terus kita lakukan
melibatkan semua _stakeholder_ terkait pendidik, sekolah, RT-RW setempat,
organisasi-organisasi kepemudaan bisa cegah ini terjadi. Karena kepolisian
modern berorientasi pada bagaimana agar hal ini terjadi,"" tutur Tubagus Ade.

[Gambas:Video 20detik]

  

Selanjutnya __

Halaman

1  2

 ",www.detik.com
Nahas Begal di Bandung Berakhir Tewas Dimassa,"Senin, 23 Mei  2022 18:30 WIB","\-

Begal berinisial AH tewas usai dihakimi massa. Dia kepergok warga saat hendak
merampas tas milik korban yang merupakan ibu-anak.

Aksi tersebut terjadi di Jalan Pasir Impun, Gempolsari, Kecamatan Bandung
Kulon, Kota Bandung pada Sabtu (21/5/2022) malam. Awalnya pelaku melakukan
aksi pembegalan terhadap seorang perempuan dan anaknya.

""Ada seorang ibu-ibu membonceng anaknya dengan memakai tas selempang. Saat mau
memasuki komplek, diikuti sepeda motor yang dinaiki pelaku. Ibu itu awalnya
tidak curiga karena disangka warga komplek,"" ujar Pjs Kasubbag Humas
Polrestabes Bandung Kompol Rahayu Mustikaningsih di Mapolrestabes Bandung,
Jalan Jawa, Kota Bandung, Senin (23/5/2022).

  

Pelaku yang menggunakan sepeda motor itu lantas memepet korban. Tiba-tiba,
pelaku menarik tas selempang yang dibawa korban.

""Sehingga korban dan anaknya jatuh. Korban mempertahankan tas. Saat
mempertahankan tas, pelaku mengeluarkan senjata tajam golok. Ibu itu takut dan
spontan meminta tolong,"" kata Rahayu.

Di waktu bersamaan, ada salah seorang warga yang melintas di dekat TKP. Warga
bernama Nandang itu membantu korban dan menahan sepeda motor pelaku agar tak
melarikan diri.

""Setelah itu, Pak Nandang disabet hingga mengenai siku sebelah kiri. Pelaku
saat itu berusaha melarikan diri,"" tutur dia.

Warga yang menolong itu lantas berteriak 'maling'. Teriakan warga terdengar
hingga membuat warga komplek yang lain keluar rumah menuju ke lokasi.

Saat di TKP perampasan itu, begal hendak melarikan diri. Namun, warga sudah
menahan hingga berujung begal diamuk massa.

Saat itu, pelaku langsung tersungkur pingsan. Polisi yang menerima laporan
datang ke lokasi dan melakukan evakuasi terhadap pelaku ke RS Sartika Asih.

""Pelaku dalam kondisi pingsan saat dibawa ke rumah sakit. Kemarin sore
dinyatakan meninggal dunia,"" ujar Rahayu

  
  
  
[Gambas:Video 20detik]  

 ",www.detik.com
"Curi Motor Emak-emak Sedang Belanja, Pria di Ini Dimassa Orang Satu Pasar","Kamis, 31 Mar 2022 13:25 WIB","\-

Seorang maling motor di Semboro, Jember babak belur dihajar orang satu pasar.
Pelaku kepergok saat akan melakukan pencurian motor (curanmor) milik seorang
emak-emak yang tengah belanja.

Pelaku adalah Topo (39) warga Desa Gambirono, Bangsalsari. Pelaku kepergok
saat akan mencuri motor Honda Vario P 2944 KX milik Yuliastingsih di Pasar
Krempyeng, Semboro.

""Saya tidak tahu kalau motor saya yang dicuri. Tiba-tiba ada teriakan maling,
dan ternyata motor yang dibawa itu milik saya,"" kata Yuliastingsih, Kamis
(31/3/2022).

Yuliastingsih mengaku saat kejadian sedang berada di dalam pasar sedang
belanja kebutuhaan jelang Ramadan. Begitu mendengar banyak orang berkerumun
sambil berteriak maling, dia pun mendekat.

""Saya datangi asal teriakan itu, dan juga berusaha mengamankan motor milik
saya. Takut tadi saya. Malingnya kata orang-orang sih sudah diamankan dan
dipukuli,"" katanya.

Korban bersyukur motornya bisa diselamatkan, meski rumah kuncinya telah rusak.
Ini karena pelaku telah menjebolnya saat akan dicuri.

""Saat saya cek kondisi motor hidup, kunci kontaknya juga rusak. Tapi
Alhamdulillah masih selamat motor saya,"" ucapnya.

Sementara itu, pelaku yang tertangkap massa sempat menjadi bulan-bulanan
pegunjung dan pedagang pasar. Sejumlah warga tampak melayangkan bogem ke
pelaku. Beruntung, petugas Polsek Semboro yang melintas langsung mengamankan.

""Kami sudah amankan pelaku ke Mapolsek Semboro, dan menenangkan kondisi warga
yang emosi karena dugaan pencurian motor ini,"" kata Kanit Reskrim Mapolsek
Semboro Bripka Anton Wijaya.

Selain pelaku, petugas juga mengamankan barang bukti motor korban yang hendak
dicuri. Saat ini pelaku telah ditahan dan masih diperiksa.

""Sementara barang bukti sudah kami amankan, kita juga masih melakukan
interogasi lebih lanjut atas kejadian ini,"" pungkas Anton.

  
  
  
[Gambas:Video 20detik]  

 ",www.detik.com
"4 Dari 6 Begal Ibu Hamil di Bekasi Masih ABG, Begini Modus dan Perannya","Jumat, 11 Mar 2022 21:37 WIB","\-

Empat dari enam begal yang merampas motor ibu hamil FR alias S (31) di Mustika
Jaya, Bekasi, masih di bawah umur. Para pelaku memiliki peran masing-masing
dalam melancarkan aksinya itu.

""Pelaku tidak ditampilkan karena usia di bawah umur, 14 tahun dan 15 tahun,""
kata Kabid Humas Polda Metro Kombes E Zulpan dalam jumpa pers di Polda Metro
Jaya, Jumat (11/3/2022).

Keempat pelaku itu berinisial MA alias A (15), RAF (15), AS (17), dan MD (16).
Sementara dua pelaku lainnya adalah MP (20) dan IZ (20).

### Modus Operandi

Zulpan mengatakan, dalam melakukan aksinya, para pelaku kerap melakukan
patroli di lokasi yang tergolong sepi. Di lokasi itu pelaku lalu menunggu
korban hingga akhirnya melakukan pembegalan.

""Modus pelaku cari korban pakai motor keliling pantau sasaran. Jadi target
utama wanita dan memepet dan acungkan celurit,"" kata Zulpan.

Meski rata-rata masih ABG, para pelaku tidak segan-segan melukai korbannya.
Dalam kasus ini, korban S didorong dari motornya hingga terjatuh.

""Apabila korban melawan, mereka melukai, apabila tidak melawan, akan
dijatuhkan dan ambil motornya,"" terang Zulpan.

### Peran Para Tersangka

Komplotan ini diketuai oleh remaja RAF (15). Sebagai inisiator, RAF jugalah
yang mendorong korban.

RAF orang yang mengajak para pelaku melakukan pencurian. Dia inisiator
sekaligus mendorong korban hingga terjatuh dan menodongkan senjata tajam jenis
celurit kepada korban,"" kata Zulpan.

Berikut peran keenam tersangka:

  1. MP alias M (20) berperan mengambil motor korban dan menodongkan senjata tajam jenis golok ke korban.
  2. IZ (20) berperan menodongkan golok ke korban
  3. MAH alias A (15) berperan mengendarai motor Honda Beat dan membonceng tersangka MP
  4. RAF (15) berperan sebagai inisiator, mendorong korban hingga jatuh dan menodongkan celurit. Tersangka RAF diboncengkan tersangka AS (17)
  5. AS (17) berperan mengendarai motor Honda Beat berboncengan dengan tersangka RAF
  6. MD (16) berperan mengendarai motor Honda Beat dan berboncengan dengan tersangka IZ.

Para pelaku ditangkap oleh tim yang dipimpin oleh Kasubdit Resmob Polda Metro
Jaya AKBP Handik Zusen, Kasubdit Jatanras Polda Metro Jaya AKBP Awaludin Amin,
dan Kasat Reskrim Polres Metro Bekasi Kompol Aris Timang. Keenam pelaku ini
telah ditahan di Polda Metro Jaya dengan dikenakan Pasal 365 KUHP dengan
ancaman 9 tahun penjara.

  

Selanjutnya __

Halaman

1  2

 ",www.detik.com
Terungkapnya Pembunuhan Gadis ABG Kebumen,"Sabtu, 21 Mei  2022 18:12 WIB","\-

Gadis ABG di Kebumen, F (14) ditemukan tewas di ladang di wilayah Dusun Watu
Gede, Desa Kaliputih, Kecamatan Alian, Kebumen. Gadis ABG itu ternyata tewas
di tangan kekasihnya RK (17) dengan bantuan HS temannya.

Jasad F ditemukan tanpa identitas pada Sabtu (14/5) lalu oleh seorang pencari
rumput. Proses pencarian identitas korban dilakukan polisi dengan menyebar
ciri-ciri korban di media sosial akhirnya diketahui ada keluarga yang mengaku
kehilangan anggotanya.

Belakangan gadis itu diketahui dibunuh teman prianya sehari sebelumnya. F dan
RK diketahui bertemu pertama pada Kamis (12/5) pekan lalu.

""Janjian melalui WA (WhatsApp). Kemudian janjian bertemu di Alun-alun Kebumen,
Kamis sekitar pukul 03.00 WIB,"" kata Dirreskrimum Polda Jateng Kombes
Djuhandhani Raharjo Puro di Mapolda Jateng, Kamis (19/5/2022).

Setelah bertemu, korban diajak ke Waduk Wadaslintang. Kala itu pelaku pergi
bersama seorang temannya. di waduk itu, mereka sempat minum minuman keras lalu
pulang ke rumah masing-masing.

Keesokan harinya, pada Jumat (13/5), mereka bertiga kembali bertemu di Waduk
Wadaslintang kemudian menuju ke Desa Ketekan. Di tengah perjalanan, pelaku,
dan korban mencari tempat untuk berduaan.

""Temannya pergi ke Desa Semawung,"" terang Djuhandani.

Pelaku dan korban diketahui berpacaran. Saat momen berdua itu pelaku tiba-tiba
menjerat leher korban, memukuli, dan menendang gadis itu berkali-kali hingga
tewas. Usai membunuh korban, pelaku lalu membawa ponsel dan motor korban.

""Handphone korban dibawa pelaku kemudian dijual. Motor yang dipakai itu motor
korban. Dibawa, dipreteli sama pelaku,"" ungkap Djuhandani.

Pelaku pun ditangkap di rumahnya di Wonosobo pada Rabu (18/5). ""Alasan pelaku
(membunuh) karena korban sering berkata kasar, sengak begitu,"" imbuh
Djuhandhani.

![Polisi menggelar jumpa pers kasus pembunuhan ABG di Kebumen, Jumat
\(20/5/2022\).](https://akcdn.detik.net.id/community/media/visual/2022/05/20/tersangka-
pembunuh-abg-kebumen_169.jpeg?w=620)Polisi menggelar jumpa pers kasus
pembunuhan ABG di Kebumen, Jumat (20/5/2022). Foto: Rinto
Heksantoro/detikJateng  
  
---  
  
Belakangan polisi juga menangkap teman RK, yakni HS (15). Polisi menyebut HS
turut menyaksikan saat pelaku membunuh kekasihnya F, bahkan dia turut membantu
pelaku menjual barang-barang milik korban.

""Pelaku ada dua orang, RK dan HS tapi pelaku utama RK. Atas hasil penyelidikan
dan alat bukti yang cukup, kami tetapkan dua pelaku sebagai tersangka,"" kata
Kapolres Kebumen, AKBP Burhanuddin saat menggelar pers rilis di Mapolres
Kebumen, Jumat (20/5).

""Kemudian HS (15) juga turut serta menyaksikan dan menjual kendaraan bermotor
dan handphone daripada korban, kami tetapkan sebagai tersangka,"" kata
Burhanuddin.

Burhanuddin menuturkan pelaku sempat mengajak korban berhubungan badan di
lokasi kejadian. Usai berhubungan, barulah pelaku membunuh korban dengan cara
mencekik dan menjerat leher F dengan tali. Tak hanya itu, pelaku juga beberapa
kali memukuli korban dan menginjaknya.

""Sedangkan kawannya satu tadi HS (15) di lokasi hanya menyaksikan,"" terangnya.

Kedua tersangka dibekuk petugas di rumahnya masing-masing pada Rabu (18/5).
Untuk mempertanggungjawabkan perbuatannya, kini para tersangka harus mendekam
di sel tahanan Mapolres Kebumen dan bakal dijerat pasal 76c Jo pasal 80
ayat(3) UU RI No 35 tahun 2014 sebagai pengganti UU No 23 tahun 2002 tentang
Perlindungan Anak.

  
  
  
[Gambas:Video 20detik]  

 ",www.detik.com
Simalakama Korban Begal Lombok,"Jumat, 15 Apr 2022 06:49 WIB","\-

Baru-baru ini masyarakat kembali digemparkan kasus korban begal menjadi
tersangka, setelah membunuh pelaku. Hal ini dialami Murtede alias Amaq Sinta
(34) warga Dusun Matek Maling, Desa Ganti, Kecamatan Praya Timur, Kabupaten
Lombok Tengah, Nusa Tenggara Barat.

Peristiwa terjadi saat Amaq Sinta dibegal empat orang saat mengendarai sepeda
motornya di jalan Desa Ganti untuk mengantarkan makanan buat ibunya, di Lombok
TImur, pada Minggu malam (10/4). dia tidak melarikan diri, melainkan melawan
dan bertarung dengan mereka yang menggunakan senjata tajam.

Selanjutnya, dia melawan para pelaku dengan sebilah pisau kecil yang dia bawa
sambil teriak meminta tolong. Namun, tidak ada warga yang datang.

Dalam kejadian itu, dua pelaku tewas setelah bersimbah darah. Sedangkan dua
pelaku lain melarikan diri setelah dua kawannya tumbang di tempat.

 ",www.detik.com
"2 Terduga Pelaku Begal di Loteng NTB Tewas, Begini Kronologinya","Selasa, 12 Apr 2022 21:55 WIB","\-

Pihak kepolisian melakukan penyelidikan terhadap misteri kematian dua pria
diduga pelaku begal, yang mayatnya ditemukan bersimbah darah di jalan raya
Lombok Tengah, Nusa Tenggara Barat (NTB).

Kapolres Lombok Tengah AKBP Hery Indra Cahyono melalui Wakapolres Kompol Ketut
Tamiana, mengungkapkan kronologis kejadian.

""Mereka berdua meninggal akibat berduel dan mendapat perlawanan dari
korbannya,"" ungkap Kompol Tamiana dalam keterangannya Selasa (12/4/2022).

  

Tamiana menyebutkan, korban percobaan pencurian yang kini ditetapkan sebagai
tersangka pembunuhan berinisial M alias AS (34) warga Desa Ganti, Praya Timur.

Saat ini M sudah diamankan di Polres Lombok Tengah.

Selain M alias AS, polisi juga juga berhasil mengamankan dua pelaku percobaan
pencurian lainnya yakni W (32) dan H (17) yang merupakan teman atau rekanan
dari terduga pelaku P dan OWP yang meninggal di lokasi kejadian.

""Peristiwa itu berawal saat korban percobaan pencurian (pelaku pembunuhan) M
alias AS, akan menuju Lombok Timur. Ketika tiba di TKP, M dihadang oleh empat
orang pelaku yaitu P dan OWP (terduga pelaku yang meninggal), bersama dua
rekannya yaitu W dan H,"" jelasnya.

Ketika keempat pelaku akan mengambil sepeda motor milik M alias AS, M
berusahan melakukan perlawanan dengan masing-masing membawa senjata tajam yang
mengakibatkan dua orang pelaku P dan OWP meninggal dunia.

""Sedangkan kedua pelaku yaitu W dan H melarikan diri ketika melihat dua
temannya tersungkur,"" ujarnya.

""Saat ini ketiga pelaku baik pelaku pembunuhan maupun pelaku percobaan
pencurian masih kita lakukan pemeriksaan lebih lanjut,"" sambungnya.()

  
  
  
[Gambas:Video 20detik]  

 ",www.detik.com
Maling Pompa Air di Labuhanbatu Nekat Beraksi di Siang Hari,"Minggu, 08 Mei  2022 23:58 WIB","\-

Sebuah rekaman CCTV memperlihatkan aksi diduga pencurian mesin pompa air
terjadi di Labuhanbatu, Sumatera Utara (Sumut). Aksi di siang bolong ini
dilakukan dengan cepat, dalam waktu hanya 17 detik.

Dilihat, Minggu (8/5/2022), dalam rekaman memperlihatkan aksi pencurian ini
sebenarnya sempat diketahui oleh pemilik rumah. Namun para pelaku lebih cepat
sembilan detik meninggalkan tempat tersebut, dari sampainya pemilik rumah di
tempat pencurian.

""Kejadiannya semalam (Sabtu), sekitar jam 2 siang. Di Torpis atas (Jalan
Torpisang Mata), di bekas Rumah Sakit Kasih Ibu,"" kata anak pemilik rumah,
Salwa (22), ketika dikonfirmasi detikSumut.

  

Salwa mengatakan pencurian ini dilakukan oleh tiga orang berboncengan sepeda
motor.  
Menurutnya, beberapa informasi telah diberikan oleh masyarakat terkait dengan
para pelaku ini.

""Bonceng tiga naik kereta (motor). Ada dapat info, sudah tahu lah dimana
alamat dia,"" kata Salwa.

Salwa mengungkapkan aksi pencurian seperti ini bukan kali pertama menimpa
mereka. Sebelumnya mesin pompa air mereka juga sudah dua kali digasak para
pencuri.

Selain itu, mereka juga pernah kehilangan bola lampu dan barang lainnya.
Karena itu orang tua Salwa akhirnya memasang CCTV agar bisa mengetahui suasana
yang terjadi di sekitar tempatnya tersebut.

""Ini bukan yang pertama kali. Kalau untuk pompa air ini yang ketiga.
Sebelumnya yang lain juga sering kehilangan, kayak lampu, tabung gas, udah
seringlah pokoknya,"" beber dia.

Karena itu aksi pencurian kali ini, Salwa telah mereka laporkan ke polisi.
Laporan tersebut dibuat oleh ayahnya, pada Sabtu (7/5) kemarin, beberapa saat
setelah kejadian.

Menurutnya, kerugian yang mereka alami berkisar sekitar Rp 1 Juta. Dia
berharap para pelaku bisa segera ditangkap polisi agar korbannya tidak semakin
banyak.

Kasat Reskrim Polres Labuhanbatu AKP Rusdi Marzuki membenarkan polisi telah
menerima laporan pencurian tersebut. Saat ini, polisi katanya sedang melakukan
penyelidikan atas laporan tersebut.

""Ya benar ada bang. Laporannya dibuat Sabtu kemarin, pukul 17.00 WIB,"" kata
Rusdi.

  
  
  
[Gambas:Video 20detik]  

 ",www.detik.com
Kakek Pelaku Pencurian Pikap di 3 Kabupaten Ditangkap di Klaten,"Selasa, 05 Apr 2022 13:21 WIB","\-

Kakek dua cucu, Bayu Kirno (57), ditangkap polisi terkait kasus pencurian
mobil pikap di tiga kabupaten. Warga Desa Sanggaran, Kecamatan Kranggan,
Temanggung itu ditangkap bersama Tri Lugianto (40) warga Desa Tegalrejo,
Kecamatan Argomulyo, Kota Salatiga.

""Lokasi kejahatan keduanya ada di Kabupaten Purworejo, Boyolali dan di Klaten
ada dua TKP. Total ada empat TKP, di Klaten ada dua yaitu di Jatinom dan
Trucuk,"" terang Kapolres Klaten AKBP Eko Prasetyo pada wartawan saat
konferensi pers di Mapolres Jalan Diponegoro, Selasa (5/4/2022).

Eko menyebut keduanya ditangkap setelah ada laporan pencurian mobil pikap
milik Yono (27) warga Boyolali. Mobil pikap Futura AD-8037-SM milik korban
hilang saat diparkir di depan sekolah di Dusun Selogringging.

""Kejadian pada hari Senin, 14 Maret 2022 pukul 00.30 WIB. TKP di depan sekolah
madrasah di Dusun Selogringging, Kecamatan Tulung, "" jelas Eko.

Dari laporan itu, kata Eko, Polres Klaten berkoordinasi dengan Polda Jateng
untuk menyelidiki komplotan tersebut. Kedua pelaku ini lalu ditangkap di rumah
masing-masing.

""Keduanya ditangkap Sat Reskrim di rumah. Diamankan satu unit mobil Futura,
satu sepeda motor beat, kunci letter T dan dua ponselnya,"" sebut Eko.

Saat melakukan aksinya mereka merusak pintu mobil dengan kunci T. Setelah itu
kabel soket diganti tersangka, lalu mobil itu dibawa kabur.

""Modusnya pelaku ini (Bayu) merusak pintu mobil dengan kunci letter T. Setelah
itu mobil dibawa kabur,"" imbuh Eko Prasetyo.

Kanit Resmob Sat Reskrim Polres Klaten, Ipda Ardi Nugraha Putra menambahkan
Bayu berperan sebagai pengambil mobil. Sementara rekannya yang mengawasi
lokasi.

""Yang memetik atau mengambil adalah BK (bayu) dengan kunci T dan temannya
mengawasi. Tapi aksinya random, tapi khusus mobil pikap,"" ujar Ardi.

Ardi menyebut Bayu merupakan residivis pencurian kendaraan bermotor jenis
pikap. Sebelum ditangkap juga beraksi di lokasi lain dan sudah dipenjara.

""BK itu residivis karena sebelumnya masuk karena kasus ranmor juga. Hasil
dijual utuh Rp 25 juta,"" lanjut Ardi.

## Pengakuan pelaku

Terpisah, Bayu mengaku sudah beberapa kali beraksi. Dia beralasan mencuri
untuk memenuhi kebutuhan hidup karena sudah tidak kerja lagi.

""Ya untuk kebutuhan ekonomi. Dulu saya kerja bengkel dan pernah menjadi sopir,
paling butuh waktu 10 menit,"" ujar Bayu, yang mengaku punya dua cucu pada
wartawan.

  
  
  
[Gambas:Video 20detik]  

 ",www.detik.com
Sindikat Curanmor Spesialis Kos 14 TKP di Blitar Diringkus,"Kamis, 30 Des 2021 15:16 WIB","\- Sebanyak tiga orang anggota sindikat curanmor di Blitar dibekuk. Sasaran
mereka adalah rumah kos yang berada di kabupaten dan Kota Blitar.

Ketiga pelaku curanmor itu adalah AD, NR, BZ dan satu tersangka ML yang DPO.
Dalam pengakuannya, mereka telah beraksi di sembilan lokasi.

Lima lokasi berada di wilayah Kecamatan Sananwetan, Kota Blitar. Mereka
melancarkan aksinya selama bulan Oktober sampai Nopember 2021. Dan empat
lokasi lain, berada di Kabupaten Blitar.

""Ada 14 korban yang melaporkan motor mereka dicuri. Mereka semua merupakan
warga yang tinggal di rumah kos. Jadi komplotan ini memang sindikat pencurian
motor spesialis rumah kos sasarannya,"" papar Kapolresta Blitar AKBP Yudhi Hery
Setiawan, Kamis (30/12/2021).

Modus komplotan ini, bebernya, mereka menggunakan aplikasi google map untuk
memetakan lokasi sasaran. Rumah kos yang sudah terpetakan menjadi sasaran
selanjutnya, dipantau selama beberapa hari sebelum mereka beraksi. Ketika
situasi rumah kos kondusif, komplotan ini membagi tugas ketika beraksi.

""Mereka berbagi tugas. Ada yang merusak rumah kunci motor menggunakan kunci T.
Ada yang memasukkan motor curian ke mobil rental. Ada di satu lokasi, mereka
mencuri dua motor,"" ungkapnya.

Motor-motor hasil curian itu, kemudian mereka setorkan kepada seorang penadah
di wilayah Madura. Kepada para anggota sindikat curanmor ini, polisi
menjeratnya dengan pasal 363 KUHP jo Pasal 65 KUHP. Dan Pasal 363 KUHP jo
Pasal 56 KUHP. Ancamannya tujuh tahun penjara.

 ",www.detik.com
"Truk Distributor Bahan Bangunan di Depok Raib Dicuri, Sempat Terlacak GPS","Kamis, 19 Mei  2022 09:42 WIB","\-

Sebuah truk milik perusahaan distributor bahan bangunan, PT Elite Sukses
Bersama di Jalan Raya Proklamasi, Abadijaya, Sukmajaya, Depok, raib dicuri.
Aksi pelaku terekam CCTV.

""Truk di parkir di depan gudang, dibobol pakai kunci T. Yang parkir di depan
itu ada 3 di luar,"" ujar Manajer Logistik PT Elite Sukses Bersama, Nugroho,
saat dihubungi , Kamis (19/5/2022).

Menurut Nugroho, ada dua pelaku yang terekam kamera CCTV. Tiga truk pada
bagian pintu sempat dibobol, satu di antaranya berhasil digondol maling.

Nugroho menjelaskan kejadian berlangsung pada Senin, (16/5) malam. Truk saat
itu diparkir di depan toko.

""(Kejadian) jam 03.26 WIB, pelaku yang terlihat CCTV 2 orang. Truk (jenis)
Colt Diesel Mitsubishi 136 PS,"" ujarnya.

Karyawan toko sempat mengetahui aksi pencuri tersebut. Namun, pelaku berhasil
melarikan diri.

""Kan pas diambil _nyerempet_ truk sebelahnya. Jadi suaranya kencang, anak-anak
di gudang pada _ngerti_ , pada bangun. Di GPS terakhir sebelum dimatikan itu
di Jalan Raya Bogor,"" ungkap dia.

Nugroho menyatakan sudah melaporkan kejadian tersebut ke Polsek Sukmajaya.
Menurutnya, dua pencuri menggunakan topi saat menjalankan aksinya.

""Sudah (laporan). Dua-duanya pakai topi, yang satu pakai kaus, yang satu
sweater. Saya lihat CCTV sama sekali enggak kenal, asing lah dengan orang
itu,"" tutupnya.

telah menghubungi Polsek Sukmajaya terkait kejadian pencurian truk ini. Namun
hingga berita ini dimuat belum ada jawaban dari pihak Polsek Sukmajaya.

 ",www.detik.com
"Restorative Justice, Kejari Setop Penuntutan Curanmor di Tabanan","Minggu, 10 Apr 2022 22:00 WIB","\-

Kejaksaan Negeri (Kejari) Tabanan mulai menerapkan pola penanganan perkara
melalui restorative justice.

Ada dua perkara yang telah ditangani melalui pendekatan ini. Dua perkara
tersebut terkait pidana lalu lintas dan pencurian.  
  
Dua perkara itu telah diekspos dan dimusyawarahkan. Proses tersebut dilakukan
dengan melibatkan dua pihak yang berperkara yakni korban dan tersangkanya.  
  
""Sudah dimusyawarahkan. Melibatkan dua belah pihak yakni korban dan
tersangkanya,"" jelas Kepala Seksi Pidana Umum di Kejari Tabanan, I Dewa Gede
Putra Awatara, Minggu (10/4/22).  
  
Ia menjelaskan, penanganan dua perkara secara restorative justice tersebut
memberikan hasil yang berbeda.  
  
Satu perkara yakni kecelakaan lalu lintas yang terjadi di lingkungan Banjar
Tohjiwa, Desa Nyambu, Kecamatan Kediri tetap berlanjut ke proses hukum
berikutnya di pengadilan.

  
  
Berbeda dengan proses penanganan terhadap kasus pencurian motor dengan
tersangkanya seorang pria tua, I Wayan Suarsa, sepakat diselesaikan dengan
jalan damai oleh kedua belah pihak yang berperkara.  
  
Ia menyebutkan musyawarah terkait perkara pencurian itu dilakukan di kantor
Camat Pupuan belum lama ini.  
  
Saat ini pihaknya sedang menunggu petunjuk dari Kejaksaan Agung. Setidaknya
dalam 14 hari ke depan.  
  
Ia menjelaskan penyelesaian perkara yang disepakati damai akan menjadi dasar
dan pertimbangan dalam proses persidangan di pengadilan. ()

  
  
  
  
[Gambas:Video 20detik]  

 ",www.detik.com
"Curi Uang Kurban-Emas 200 Gram, Pria di Bengkulu Ditangkap","Senin, 30 Mei  2022 23:45 WIB","\-

Seorang pria di Kota Bengkulu, Bengkulu, ditangkap polisi karena diduga
melakukan pencurian. Pria bernama Rio itu diduga mencuri uang dan emas.

Kasat Reskrim Polres Bengkulu AKP Welliwanto Malau mengatakan peristiwa itu
terjadi pada Minggu (29/5/2022) sekitar pukul 19.30 WIB di Desa Kampung Muara
Aman, Kabupateng Lebong. Saat itu korban yang baru pulang ke rumah, dia
mendapati kondisi pintu yang terbuka.

Korban yang terkejut pun langsung mengecek kondisi kamarnya. Ternyata lemari
pakaiannya yang dikunci telah dibuka secara paksa.

  

""Korban mengecek dompet yang berisikan uang kurban masyarakat sebesar Rp 25
juta, dompet yang berisikan emas perhiasan korban sebanyak 200 gram dan dompet
tabungan anak korban sebesar Rp. 14 juta sudah tidak ada lagi,"" kata Welli,
Senin (30/05/2022).

Karena peristiwa itu, korban pun membuat laporan ke polisi. Polisi yang
menyelidiki kemudan berhasil menangkap pelaku.

""Pada pukul 02.15 WIB tim opsnal mendapati informasi bahwa tersangka Rio
sedang berada di salah satu tempat hiburan malam di jalan pariwisata Pantai
Panjang, saat itu tersangka sedang mabuk bersama teman wanitanya, lalu kita
lakukan penangkapan,"" ungkap Welli.

Dari tangan Rio, polisi mengamankan uang Rp 7 juta, 3 keping emas dan 2
handphone.

  
  
  
[Gambas:Video 20detik]  

 ",www.detik.com
"Komplotan Begal Surabaya Diringkus, Polisi: Mereka Pengangguran dan Pengamen","Selasa, 22 Mar 2022 13:01 WIB","\-

Kasus begal dan jambret yang meresahkan masyarakat Surabaya telah dibongkar
Unit Reskrim Polsek Asemrowo Surabaya. Sebanyak 8 pelaku merupakan
pengangguran hingga pengamen jalanan.

Dari kasus tersebut, terkuak target dan wilayah untuk melancarkan aksi 8 orang
asal Surabaya Utara tersebut. Polsek Asemrowo menunjukkan 4 sepeda motor matic
yang telah dimodifikasi untuk melancarkan aksi itu.

""Pada bagian karbulator, filter, dan injeksi sepeda motor, telah diganti
dengan kapasitas yang lebih besar,"" kata Kapolsek Asemrowo, Kompol Hari
Kurniawan kepada , Selasa (22/3/2022).

Menurut Hari, pelaku juga telah memodifikasi akselerasi sepeda motor mereka.
Agar bisa tancap gas lebih cepat ketika ada petugas kepolisian yang mengejar.
Sebab, sepeda motor yang memiliki kapasitas mesin 110 sampai 150cc akan lebih
kencang.

""Semua kendaraan dimodif agar lebih cepat menghindari kami. Bahkan, saat kami
kejar di kawasan Kalianak dengan kondisi banyak truk, mereka nekat lawan arus,
bahkan salip-salipan, seolah mereka tidak takut,"" kata Hari.

Mirisnya, para pelaku terbilang nekat dan tak segan melukai para korbannya
bila masih berupaya melawan. Sebagian besar korbannya ada yang terluka.

""Itu dikarenakan pengaruh sabu-sabu dan miras yang mereka konsumsi sebelum
beraksi,"" papar Hari.

Hari dan para anggotanya juga membantu perawatan hingga pengantaran korban
luka.

""Kami sempat membantu mengobati sampai mengantar pulang ke rumahnya.
Alhamdulillah, mereka selamat, hanya saja gigi dan wajahnya sudah terluka
karena jatuh,"" ujar polisi dengan 1 melati di pundaknya itu.

Salah satu korban, Sriatun mengatakan, dirinya terluka pada bagian bibir,
rahang, dan pipi kirinya. Saat kejadian, dirinya sedang melakukan perjalanan
dari arah Gresik menuju Surabaya, berboncengan dengan suaminya, Huda.

Dalam perjalanan, keduanya dihadang 2 pria yang mengendarai motor matic.
Bahkan, Sriatun dan Huda tiba2 dipepet dan para pelaku berupaya menarik tas
slempang milik Sriatun.

""Pas saya melawan, malah ditendang. Saya sama suami langsung jatuh, saya masuk
ke selokan, bibir saya luka, gigi saya bagian depan patah,"" tutur Sriatun.

Akibat kejadian itu, dia dan sang suami terluka di bagian wajah dan motornya
mengalami kerusakan parah. Namun begitu, Sriatun mengaku bersyukur karena tas
miliknya tak berpindah tangan.

Mereka dan warga yang menyaksikan peristiwa itu lantas mendatangi Polsek
Asemrowo untuk melapor. Selang beberapa hari kemudian, komplotan tersebut
berhasil diringkus.

""Ya semoga, kejadian seperti ini tidak terjadi lagi, baik ke saya atau pun
orang lain,"" tutup warga Gresik itu.

Sebelumnya, Polsek Asemrowo memamerkan 8 pelaku jambret dan begal yang telah
dibekuk. Seluruhnya beraksi dan terbagi menjadi 4 komplotan atau grup yang
berbeda.

Seluruh pelaku merupakan kaum pengangguran hingga pengamen jalanan,
diantaranya:  
\- MS (15), warga Tambak Asri  
\- HS (25), warga Tambak Asri  
\- F (23), warga Kalianak Timur  
\- MFA (20), warga Tambak Asri Bunga Rampah  
\- AAF (18), warga Kalianak Timur  
\- MR (19), warga Kalianak Timur  
\- RSB (17), warga Simomagerejo  
\- S (32), warga Tambak Asri

Para pelaku merupakan komplotan begal dan jambret yang berbeda. Namun,
seluruhnya beraksi di seluruh wilayah Asemrowo Surabaya, terutama sejumlah
titik yang sepi dan kerap dilintasi pengendara sepeda motor. Seperti kawasan
Kalianak, Margomulyo, hingga Asemrowo.

  
  
  
[Gambas:Video 20detik]  

 ",www.detik.com
Nekat! Pria di Kampar Coba Perkosa Pacar-Kepergok Ayah,"Senin, 23 Mei  2022 16:52 WIB","\-

Aksi nekat pemuda berinisial DH (25) di Kampar, Riau membuat geleng kepala.
Bagaimana tidak, ia nekat masuk rumah dan coba memperkosa kekasihnya hingga
kepergok sang ayah.

Kapolsek Siak Hulu Kampar, Kompol Zuhri Siregar mengatakan peristiwa percobaan
pemerkosaan terjadi, Minggu (22/5) pukul 02.00 WIB. Korban IY (18) diketahui
warga Desa Kubang Jaya, Siak Hulu.

""Insiden ini dilaporkan oleh ayah korban ke Mapolsek Siak Hulu,"" ujar Zuhri
kepada , Senin (23/5/2022).

  

Zuhri menyebut saat kejadian ayah korban mendengar anak sulungnya IY teriak
minta tolong. Kemudian ayah korban langsung masuk ke kamar dan menemukan
pelaku berusaha kabur.  
  
Dengan cepat ayah korban, langsung menangkap pelaku. Warga yang dengar
langsung berdatangan untuk menangkap pelaku.

""Setelah diamankan orangtua korban langsung menghubungi Polsek Siak Hulu. Unit
Reskrim Polsek Siak Hulu langsung bergerak menuju ke rumah korban untuk
menjemput pelaku yang telah diamankan,"" katanya.

Hasil pemeriksaan, pelaku mengaku coba melakukan pemerkosaan terhadap sang
kekasih. Namun rencana itu gagal setelah kepergok ayah korban.

""Pelaku mengakui perbuatannya telah mencoba memperkosa atau meyetubuhi korban.
Dugaan korban dan pelaku ini ada hubungan (pacaran), tetapi masih terus
didalami,"" katanya.

Atas insiden itu turut diamankan barang bukti berupa selimut warna merah, baju
daster warna cream, baju kemeja warna merah biru, celana kain warna hitam. Ada
juga celana dalam warna hitam.

Pelaku sendiri kini telah tahan di Mapolsek Siak Hulu. Pelaku dijerat Pasal 53
Jo Pasal 285 KUHP Pidana tentang percobaan persetubuhan atau persetubuhan.

  
  
  
[Gambas:Video 20detik]  

 ",www.detik.com
"Restorative Justice, Jaksa Hentikan Penuntutan 6 Kasus KDRT-Pencurian","Senin, 11 Apr 2022 21:06 WIB","\-

Kejaksaan Agung (Kejagung) melakukan penghentian penuntutan berdasarkan
_restorative justice_ terhadap 6 kasus pidana seperti KDRT hingga pencurian.
Kasus tersebut dihentikan salah satunya karena telah ada perdamaian antara
korban dan tersangka.

""Jaksa Agung RI melalui Jaksa Agung Muda Tindak Pidana Umum (Jampidum) Dr
Fadil Zumhana menyetujui 6 Permohonan Penghentian Penuntutan Berdasarkan
Keadilan Restoratif,"" kata Kapuspenkum Kejagung Ketut Sumedana dalam
keterangan tertulis, Senin (11/4/2022).

Penghentian penuntutan itu dilakukan berdasarkan ekspose atau gelar perkara
bersama jajaran Kejagung. Ekspose tersebut dilakukan secara virtual yang
dihadiri oleh Jampidum Fadil Zumhana, Direktur Tindak Pidana terhadap Orang
dan Harta Benda Agnes Triani, Koordinator pada Jaksa Agung Muda Bidang Tindak
Pidana Umum, Kepala Kejaksaan Tinggi, Kepala Kejaksaan Negeri yang mengajukan
permohonan _restorative justice_ serta Kasubdit dan Kasi Wilayah di Direktorat
TP Oharda.

Adapun 6 berkas perkara yang dihentikan penuntutannya berdasarkan keadilan
restoratif adalah sebagai berikut:

1\. Tersangka Theodorus Gregorius Manteiro alias Sinyo dari Kejaksaan Negeri
Bantul yang disangka melanggar Pasal 44 ayat (1) UU RI No. 23 Tahun 2004
tentang Penghapusan Kekerasan Dalam Rumah Tangga.

2\. Tersangka Budi dari Kejaksaan Negeri Pesisir Selatan yang disangka
melanggar Pasal 480 ayat (1) KUHP tentang Penadahan.

3\. Tersangka Andika Yance dari Kejaksaan Negeri Bukit Tinggi yang disangka
melanggar Pasal 44 ayat (1), (4) UU No 23 Tahun 2004 tentang Penghapusan
Kekerasan Dalam Rumah Tangga.

4\. Tersangka I Made Eka Susila dari Kejaksaan Negeri Badung yang disangka
melanggar Pasal 335 KUHP tentang Pengancaman.

5\. Tersangka I Komang Duwi Antara dari Kejaksaan Negeri Jembrana yang
disangka melanggar Pasal 362 KUHP tentang Pencurian.

6\. Tersangka I Wayan Suarsa dari Kejaksaan Negeri Tabanan yang disangka
melanggar Pasal 362 KUHP tentang Pencurian.

Adapun alasan pemberian penghentian penuntutan berdasarkan keadilan restoratif
ini diberikan antara lain, para tersangka baru pertama kali melakukan
perbuatan pidana/belum pernah dihukum; ancaman pidana denda atau penjara tidak
lebih dari 5 tahun.

""Telah dilaksanakan proses perdamaian dimana tersangka telah meminta maaf dan
korban sudah memberikan permohonan maaf, tersangka berjanji tidak akan lagi
mengulangi perbuatannya, proses perdamaian dilakukan secara sukarela, dengan
musyawarah untuk mufakat, tanpa tekanan, paksaan dan intimidasi,"" ujar Ketut.

Selain itu, tersangka dan korban setuju untuk tidak melanjutkan permasalahan
ke persidangan karena tidak akan membawa manfaat yang lebih besar.

Selain itu, alasan lain pemberian penghentian penuntutan berdasarkan keadilan
restoratif yaitu:

1\. Dalam perkara Tersangka Andika Yance, tersangka dan korban Belinda Fitri
adalah pasangan suami-istri dan berusaha untuk mempertahankan hubungan rumah
tangga.

2\. Dalam perkara Tersangka I Made Eka Susila, tersangka adalah keponakan dari
saksi korban I Ketut Sudendi yang tinggal di dalam pekarangan rumah yang sama
dan selama ini tinggal dan hidup berdampingan secara harmonis dan selayaknya
hubungan antara paman dan keponakan.

3\. Dalam perkara Tersangka I Komang Duwi Antara, tersangka telah memberikan
ganti kerugian terhadap 2 aki yang telah diambil dengan merek sama.

Jaksa Agung RI ST Burhanuddin berpesan dalam setiap keputusan restorative
justice, inisiatif korban untuk memberi maaf atas perbuatan yang dilakukan
oleh tersangka merupakan hal utama sehingga terwujudnya perdamaian yang muncul
dari hati nurani Korban, dan terkait dengan ganti rugi, restitusi dan
rehabilitasi adalah keputusan dari Korban.

Jampidum Fadil juga menyampaikan penyelesaian perkara melalui _restorative
justice_ memiliki keunggulan dengan tidak mengedepankan pemidanaan, akan
tetapi mengedepankan pemulihan kepada kepentingan korbannya. Serta, tanpa kata
maaf serta damai dari korban, tidak akan mungkin perkara diajukan dalam konsep
mediasi penal (penyelesaian perkara di luar persidangan) atau _restorative
justice_.

Selanjutnya, Jampidum Fadil memerintahkan kepada para Kepala Kejaksaan Negeri
untuk menerbitkan Surat Ketetapan Penghentian Penuntutan (SKP2) Berdasarkan
Keadilan Restoratif, sesuai Berdasarkan Peraturan Jaksa Agung Nomor 15 Tahun
2020 dan Surat Edaran JAM Pidum Nomor: 01/E/EJP/02/2022 tanggal 10 Februari
2022 tentang Pelaksanaan Penghentian Penuntutan Berdasarkan Keadilan
Restoratif sebagai perwujudan kepastian hukum.

 ",www.detik.com
Tingkah Konyol Guru SD Saat Ketahuan Bikin Sandiwara Perampokan Rp 150 Juta,"Rabu, 23 Feb 2022 21:01 WIB","\-

Sri Wahyuliati Ningsih (42) bertingkah konyol saat sandiwara perampokan Rp 150
juta dibongkar polisi. Guru salah satu SDN di Kecamatan Ngoro, Mojokerto ini
berpura-pura pingsan hingga menyembunyikan KTP di saku celana.

Kasat Reskrim Polres Mojokerto AKP Tiksnarto Andaru Rahutomo mengatakan, tim
yang ia terjunkan menjemput Sri di Polsek Ngoro, Mojokerto pada Senin (21/2).
Pihaknya ingin menggali keterangan lebih mendalam dari Sri setelah menemukan
sejumlah kejanggalan perampokan yang dilaporkan guru SD tersebut.

""Kami ingin membawa dia ke Polres Mojokerto untuk Kami gali keterangannya.
Namun, dia menolak. Aneh, padahal kami ingin membantunya yang mengaku menjadi
korban perampokan,"" kata Andaru kepada detikJatim, Rabu (23/2/2022).

Tanpa alasan yang jelas, lanjut Andaru, saat itu Sri menolak dibawa ke kantor
Satreskrim Polres Mojokerto. Sejurus kemudian ia tiba-tiba lemas dan pingsan.
Sri pun dilarikan ke RS Dharma Husada, Ngoro untuk menjalani perawatan.

Ternyata, PNS asal Desa Jiken, Kecamatan Tulangan, Sidoarjo itu berpura-pura
sakit setelah sandiwara perampokan yang ia buat mulai dibongkar polisi. Karena
dokter yang merawatnya menyatakan kondisinya saat itu normal.

""Dia (Sri) pura-pura sakit. Dokter menyatakan kondisinya normal semua,""
ungkapnya.

Andaru pun menerjunkan anggotanya untuk menjaga Sri di rumah sakit. Saat
itulah Sri kembali bertingkah konyol. Tanpa sadar sedang diawasi polisi, ibu
dua anak itu mengeluarkan uang dan KTP dari saku celananya. Padahal saat
melaporkan perampokan yang menimpanya, ia mengaku tidak membawa kartu
identitas.

""Sambil tiduran di bed rumah sakit, dia merogoh saku celananya. Tanpa dia
sadari, anggota melihat dia menghitung uang dan mengeluarkan KTP. Padahal saat
kami tanya di Polsek Ngoro, dia mengaku tidak bawa identitas,"" jelasnya.

Setelah sadar, Sri kembali diinterogasi polisi di rumah sakit. Alih-alih
mengaku tidak kehilangan uang Rp 150 juta, ia menyampaikan cerita berbeda ke
polisi. Ia mengklaim dirampok orang dalam perjalanan pulang dari mengajar pada
Senin (21/2) siang. Sehingga tas miliknya berisi uang Rp 500.000, kartu ATM
dan SIM, amblas.

Menurut Sri, uang Rp 150 juta yang ia sebut dirampok, masih ada di Bank Jatim
Rp 100 juta dan Rp 50 juta di koperasi. Berbagai cerita karangan Sri tersebut
akhirnya dipatahkan polisi. Ternyata guru SD itu tidak pernah sekali pun
dirampok. Ia juga tidak mempunyai deposito di Bank Jatim karena uang di
rekeningnya hanya sekitar Rp 3 juta.

Sri akhirnya mengakui perbuatannya membuat laporan perampokan palsu. Ia nekat
membuat sandiwara perampokan tersebut untuk menutupi perbuatannya yang
menghabiskan uang pemberian orang tuanya Rp 150 juta. Orang tuanya meminta Sri
mendepositokan uang tersebut. Salah satunya untuk persediaan biaya pendidikan
dua anak Sri.

Sri melapor ke Polsek Ngoro, Mojokerto pada Senin (21/2) sekitar pukul 13.00
WIB. Ia mengaku dirampok 4 orang di Jalan Raya Desa Tanjangrono, Ngoro,
Mojokerto, tepatnya di Jembatan Tanjangrono pada hari yang sama sekitar pukul
11.45 WIB.

Menurut pengakuannya, pelaku mengendarai sepeda motor Honda Vario dan Yamaha
RX King warna hitam. Sementara guru salah satu SDN di Kecamatan Ngoro tersebut
seorang diri mengendarai sepeda motor Honda BeAT nopol W 4351 NCE.

Komplotan perampok kabur setelah merampas tas miliknya yang berisi uang Rp 150
juta. PNS asal Desa Jiken, Kecamatan Tulangan, Sidoarjo itu mengaku baru
mencairkan uang tersebut dari Bank Jatim Cabang Pembantu Mojosari, Mojokerto
sekitar pukul 10.00-11.15 WIB.

Tim dari Satreskrim Polres Mojokerto yang diterjunkan menyelidiki kasus ini
menemukan sejumlah kejanggalan. Hasil pengecekan ke Bank Jatim Cabang Pembantu
Mojosari, Sri hari itu tidak pernah mencairkan uang Rp 150 juta. Saldo di
rekeningnya hanya sekitar Rp 3 juta.

Tidak hanya itu, warga yang mencari rumput di sekitar Jembatan Tanjangrono
juga tidak pernah melihat perampokan pada jam yang disebutkan Sri.

  
  
  
[Gambas:Video 20detik]  

 ",www.detik.com
Biadab! Pria Ini Tega Cabuli-Perkosa Anak Berkebutuhan Khusus di Sidoarjo,"Selasa, 19 Apr 2022 23:43 WIB","\-

Pria paruh baya ini sungguh biadab. Dia tega mencabuli dan memperkosa anak
tetangganya, yang ironisnya merupakan anak berkebutuhan khusus.

Pelaku yang tak bermoral itu bernama Hariyono (50). Dia adalah warga Sidoarjo
yang sehari-hari mengantar jemput korban ke SLB.

Kapolresta Sidoarjo Kombes Kusumo Wahyu Bintoro menjelaskan pelaku yang telah
ditetapkan sebagai tersangka itu adalah tetangga dekat korban.

Bahkan, menurutnya, keluarga korban telah memberikan kepercayaan kepada
tersangka untuk mengantar-jemput korban yang berkebutuhan khusus.

""Tetapi H mengkhianati kepercayaan itu dengan mencabuli korban. Harusnya H
menjaga korban, bukan malah mencabulinya,"" kata Kusumo, Selasa (19/4/2022).

Saat konferensi pers di Mapolresta Sidoarjo Kombes Kusumo mengatakan tersangka
awalnya melakukan perbuatan cabul hingga melakukan pemerkosaan pada Maret
kemarin.

""Semua dilakukan di rumah korban. Tadinya cuma mencabuli. Korban sempat
berontak tapi karena kondisinya difabel tersangka tetap menang,"" kata Kusumo.

Selanjutnya, pemerkosaan terhadap korban terjadi pada Jumat 4 Maret lalu. Saat
itu siang di ruang tamu rumah korban.

Karena situasi di rumah itu sepi tersangka mencabuli untuk kemudian memperkosa
korban.

Setelah tindakan bejat pelaku itu korban mengeluh sakit di bagian vitalnya
kepada bibinya. Mengetahui itu kakak kandung korban melaporkan kejadian itu ke
polisi.

""Tersangka kami tangkap di rumahnya keesokan harinya. Tersangka ini sempat
meminta korban agar tidak bercerita kepada siapa pun tentang perbuatan
bejatnya,"" ujarnya.

Polisi akan menjerat Hariyono dengan Pasal 81 Ayat (2) UU 35/2014 tentang
Perlindungan Anak dengan ancaman hukuman penjara minimal 5 tahun, maksimal 15
tahun.

""Juga dengan Pasal 82 Ayat (1) undang-undang yang sama dengan ancaman hukuman
penjara minimal 5 tahun dan maksimal 15 tahun,"" kata Kusumo.

  
  
  
[Gambas:Video 20detik]  

 ",www.detik.com
"Tembaga Rp 179 Juta Dicuri dari Kapal di Sunda Kelapa, Pelaku Ditangkap","Rabu, 11 Mei  2022 15:41 WIB","\-

Seorang pria berinisial A (47) ditangkap polisi setelah kedapatan mencuri 4
drum tembaga dalam sebuah kapal KM Bintang Natuna Jaya di Pelabuhan Sunda
Kelapa, Jakarta Utara. Muatan tembaga yang dicuri pelaku senilai 179 juta.

Kapolsek Kawasan Sunda Kelapa Kompol Seto Handoko Putra mengatakan peristiwa
tersebut terjadi pada Senin (1/11/2021). Saat itu kapal Bintang Natuna Jaya
tengah sandar di dermaga 06 S Pelabuhan Sunda Kelapa.

Seto mengatakan, pada 22 Oktober, korban atas nama Ferdinand berencana
mengirim muatan berapa tembaga bekas sebanyak 13 drum dari Natuna ke Jakarta
menggunakan kapal KM Bintang Natuna Jaya.

Pada 1 November, korban kemudian mendapatkan informasi dari penerima muatan
atas nama Geri bahwa muatan hanya berisi 9 drum.

""Ferdinand mendapat informasi dari Geri selaku penerima barang tembaga di
Jakarta bahwa jumlah tembaga yang diterima hanya 9 drum sehingga tidak sesuai
dengan jumlah di dalam daftar barang,"" kata Seto dalam keterangannya, Rabu
(11/5/2022).

Awalnya korban mencoba menanyakan keberadaan tembaga tersebut kepada pemilik
kapal. Namun, karena tak kunjung ketemu, akhirnya pada Jumat (25/4/2022),
korban melaporkan hal tersebut ke Polsek Kawasan Sunda Kelapa.

Atas laporan tersebut, Seto mengatakan pihaknya kemudian melakukan
penyelidikan lebih lanjut. Hingga pada Sabtu (23/5), pihaknya mendapat
informasi bahwa pada November tahun lalu ada tembaga yang dilaporkan keluar
dari pelabuhan diangkut menggunakan sampan. Setelah ditelusuri lebih dalam,
diketahui tembaga tersentuh dijual oleh pelaku yang diketahui sebagai seorang
cincu kapal.

""Mendapat informasi dari masyarakat bahwa sekira bulan November 2021 ada
tembaga yang keluar dari Pelabuhan Sunda Kelapa diangkut menggunakan sampan.
Berdasarkan informasi tersebut diketahui bahwa yang menjual tembaga tersebut
adalah Cincu KM Bintang Natuna Jaya bernama Abeng,"" ujarnya.

Hingga pada Selasa (10/5) kemarin, pihak kepolisian mendapatkan laporan bahwa
kapal Bintang Natuna Jaya tengah berada di Pelabuhan Sunda Kelapa.
Selanjutnya, pihaknya mendatangi gudang 06 S dan berhasil menangkap pelaku di
sana.

""Selanjutnya, anggota melaksanakan penyelidikan dan ternyata KM Bintang Natuna
Jaya sedang berada di Natuna. Pada hari Selasa, tanggal 10 Mei 2022, anggota
Unit Reskrim mendapat informasi bahwa KM Bintang Natuna Jaya sudah berada di
Pelabuhan Sunda Kelapa. Selanjutnya, anggota mendatangi Gudang 06 S Pelabuhan
Sunda Kelapa dan berhasil mengamankan Abeng,"" jelasnya.

 _Baca selengkapnya di halaman selanjutnya._

Selanjutnya __

Halaman

1  2

 ",www.detik.com
"3 Pelaku Begal Mobil di OKU Timur Ditangkap, Dalangnya Ditembak Mati","Selasa, 24 Mar 2020 10:28 WIB","\-

Polisi menangkap seorang pelaku begal mobil yang menggunakan senjata api di
Ogan Komering Ulu Timur, Sumatera Selatan. Pelaku pun terpaksa ditembak mati
karena menembak polisi.

""Seorang pelaku perampokan berinisial KI (45) telah kami tangkap. Pelaku
ditangkap kemarin malam di Air Pao, Baturaja Timur,"" kata Kapolres OKU Timur,
AKBP Erlintang Jaya, Selasa (24/3/2020).

Dikatakan Erlin, KI adalah otak pelaku dan dalang di balik perampokan pemilik
rental mobil pada Minggu (23/2) lalu. Bahkan KI lah yang merencanakan untuk
mengeksekusi korban.

""KI merencanakan semua perampasan mobil dari sopir rental. Dia rapatkan di
tempat dia di daerah Bantan dan ke mana-mana selalu bawa senjata api rakitan,""
kata Erlin.

Dalam peristiwa perampokan itu, pemilik mobil bernama Suyono berhasil kabur.
Meskipun kepala, pipi dan keningnya bocor dipukul 2 dari 5 pelaku yang beraksi
saat itu.

""Pelaku ada 5 orang. Ada 3 yang sudah kita tangkap, 1 meninggal, dan satu
masih DPO. Korban ini sempat diajak minum miras dan pakai sabu sebelum
mobilnya dirental, tapi korban tidak mau,"" kata Erlin.

Dalam kondisi sadar itulah, korban dapat kabur menyelamatkan diri saat
dikeroyok para pelaku. Namun satu unit mobil minibus digasak pelaku.

""Mobil ini KI suruh antar temannya sama seseorang di Baturaja. Ini masih kita
selidiki karena mobil kecelakaan di jalan, masuk parit,"" kata mantan Kasubdit
III Jatanras tersebut.

Pelaku KI terpaksa ditindak tegas karena menyerang polisi saat ditangkap.
Bahkan dia melepaskan tembakan 3 kali hingga akhirnya dilumpuhkan dan tewas
dalam perjalanan ke rumah sakit.

 ",www.detik.com
"Duel dengan Satpam, Begini Detik-detik Pegawai Bank Merampok di Jaksel","Rabu, 06 Apr 2022 14:01 WIB","\-

Aksi perampokan bersenjata api terjadi di sebuah bank di kawasan Cilandak,
Jakarta Selatan. Tersangka BS (43), yang juga pegawai bank swasta, sempat
berduel dengan satpam hingga melepaskan tembakan.

Perampokan bank ini terjadi pada Selasa (5/4/2022) sekitar pukul 14.30 WIB.
Pelaku datang seorang diri ke bank dengan mengendarai mobil Daihatsu Xenia
bernopol B-2374-SFN.

""Di TKP tersebut awalnya tersangka memasuki bank dan kemudian setelah masuk ke
bank menodongkan senjata yang menyerupai senjata api. Ditodongkan kepada staf
maupun kepada karyawan yang ada di bank,"" kata Kapolres Metro Jakarta Selatan
Kombes Budhi Herdi dalam jumpa pers di Polres Jaksel, Rabu (6/4/2022).

Budhi menuturkan, tersangka juga meminta karyawan dan nasabah untuk tiarap dan
mengikuti keinginannya. Namun petugas keamanan bank berinisial F menolak hal
tersebut hingga tersangka marah dan melepaskan tembakan dan mengenai pipi F.

""Salah seorang sekuriti F tidak mau tiarap, sehingga tersangka kemudian marah
dan menembakkan senjata yang dia bawa,"" kata dia.

""Kena peluru _airsoft gun_ di pipinya (F), karena pada saat itu diperintahkan
untuk tiarap langsung pada saat itu tidak mau, dan kemudian langsung ditembak
oleh pelaku,"" katanya.

Karena diketahui senjata yang dibawa tersangka bukan senjata api, saksi F pun
berani melakukan perlawanan. Sementara itu, sebagian karyawan dan nasabah yang
ada di dalam pergi keluar untuk meminta bantuan.

""Sehingga timbul keberanian satpam atas nama F untuk melawan terhadap
tersangka dan saat itu juga terjadi pergumulan. Dan sebagian karyawan keluar
dan teriak meminta tolong,"" kata dia.

Budhi menambahkan, saat kejadian ada petugas kepolisian yang tengah berpatroli
di sana. Kemudian, karena melihat adanya orang yang berhamburan keluar dari
bank untuk meminta tolong, akhirnya polisi menuju TKP.

""Pada saat itu juga ada patroli di sekitar. Karena melihat orang berhamburan
dan ada permintaan tolong, kemudian secara refleks anggota segera turun dari
mobil patroli dan langsung menuju ke TKP,"" kata dia.

Tersangka kemudian diamankan dan digeledah. Dari hasil penggeledahan ditemukan
senjata _airsoft gun_ , pisau lipat, kabel _ties_ , hingga alat kejut dan bom
asap yang akan digunakan pelaku dalam keadaan terdesak.

""Kami juga menemukan petasan asap dan juga ada juga tali _ties_. Jadi nanti
kalau terjepit, dia akan menggunakan ini,"" jelasnya.

Lebih lanjut, Budhi mengatakan saat ini tersangka sudah diamankan di Polres
Metro Jakarta Selatan beserta barang buktinya. Atas kasus tersebut, tersangka
dijerat Pasal 365 _juncto_ Pasal 53 KUHP dan UU Darurat dengan ancaman hukuman
hingga 10 tahun penjara.

 _Baca di halaman selanjutnya: motif tersangka merampok._

[Gambas:Video 20detik]

  
  

Selanjutnya __

Halaman

1  2

 ",www.detik.com
"Kejar Pelaku Pencurian Motor, Polisi di Tangerang Tertembak","Rabu, 16 Feb 2022 16:30 WIB","\-

Seorang anggota Polsek Tangerang berinisial AD tertembak pelaku pencurian
kendaraan bermotor (curanmor). AD tertembak saat ingin menangkap dua pelaku
curanmor tersebut.

Kapolres Metro Tangerang Kota Kombes Komarudin menjelaskan, AD hendak
menangkap dua orang pelaku curanmor di kawasan Terminal Poris, Kota Tangerang,
pada Senin (14/2/2022) malam. Pada saat hendak diamankan, salah satu pelaku
menyerang AD menggunakan senjata api.

""Jadi pada saat ingin melakukan penangkapan terhadap orang yang diduga
melakukan kejahatan curanmor, jadi ada dua pelaku, yang satu berhasil
melarikan diri, yang satu lagi diberikan tindakan tegas,"" kata Komarudin saat
dihubungi , Rabu (16/2).

""Pada saat diberikan tindakan tegas itu karena menyerang anggota kita yang
saat ini kena serempetan (peluru) itu. Jadi diserang, disikut, kemudian juga
berbalik badan, nah pada saat diberikan tindakan tegas terkena serempetan
peluru,"" sambungnya.

Komarudin juga menyebutkan pelaku sempat menghantam muka anggota kepolisian
dengan batu. Petugas akhirnya memberikan tindakan tegas dengan melumpuhkan
salah satu pelaku curanmor itu, sedangkan satu pelaku lainnya melarikan diri.

""Sebenarnya dua-duanya sudah tertangkap. Pada saat tertangkap itu, dia sempat
jongkok, kemudian menghantam muka anggota dengan batu,"" ujar Komarudin.

""Dia berhasil melarikan diri. Jadi dua-duanya melakukan penyerangan, yang satu
bisa dilumpuhkan, yang satu berhasil melarikan diri,"" sambungnya.

Lebih lanjut, Komarudin menyebutkan peluru yang ditembak oleh pelaku mengenai
pinggang AD. Saat ini, AD masih harus beristirahat.

""Kena badannya, pinggangnya. Masih kita berikan istirahat sebentar,"" jelasnya.

Sementara itu, pelaku yang sempat dilumpuhkan oleh anggota kepolisian
meninggal di rumah sakit. Sedangkan pelaku lainnya melarikan diri.

""Belum tertangkap (pelaku kedua) dan itu pun sudah sempat melukai anggota, ya,
menghantam anggota dengan batu,"" tambahnya.

 ",www.detik.com
"Korban Begal Dibebaskan dari Penjara, Tetap Berstatus Tersangka","Kamis, 14 Apr 2022 10:58 WIB","\-

Amaq Santi alias M (34) kini bisa agak lega. Korban begal di Lombok Tengah
yang justru jadi tersangka karena membunuh dua orang pelaku begal itu,
akhirnya tak ditahan lagi. Polisi akhirnya menangguhkan penahanannya setelah
diajukan oleh keluarga.

""Iya betul sudah ditangguhkan,"" kata Kabid Humas Polda Nusa Tenggara Barat
(NTB), Kombes Artanto pada detikcom Kamis (14/4/2022).

Artanto mengatakan, penangguhan penahanan dilakukan setelah pihak keluarga
bersedia menjadi jaminan jika pada kemudian hari Amaq Santi tidak kooperatif.
Selain itu, kepada polisi Amaq Santi menegaskan tidak akan melarikan diri,
tidak akan menghilangkan barang bukti dan tidak akan mengulangi perbuatan yang
sama.

  

""Penjamin adalah dari pihak keluarganya. Pertimbangannya yang bersangkutan
tidak akan melarikan diri, tidak akan mengulangi perbuatannya, tidak akan
menghilangkan barang buktinya,"" jelas Artanto.

Sementara itu, dua orang tersangka begal kini masih ditahan di Mapolres Lombok
Tengah. Kasusnya pun masih terus dilakukan penyidikan oleh pihak kepolisian.

""Proses pemberkasan masih berlangsung dengan melengkapi syarat materil dan
formil. MA siap menemui penyidik manakala dibutuhkan oleh penyidik,"" tutur
Artanto.

Diberitakan sebelumnya, M alias AS (34), seorang pria di Lombok Tengah, Nusa
Tenggara Barat (NTB) harus meringkuk di penjara ia melakukan perlawanan
terhadap 4 pria yang berusaha membegalnya. AS ditetapkan sebagai tersangka
pembunuhan setelah dua orang pelaku begal itu diketahui tewas di tangannya.

Ironisnya, dua pelaku begal lain yang melarikan diri saat melihat dua kawannya
tersungkur, justru menjadi saksi atas kasus pembunuhan tersebut. Warga Desa
Ganti, Praya Timur, Lombok Tengah, itu sedang dalam perjalanan menuju Lombok
Timur saat empat orang begal menghadangnya di jalan. Keempat pelaku masing
masing berinisial P, OWP, W, dan H.

""Peristiwa itu berawal saat korban percobaan pencurian M alias AS, akan menuju
Lombok Timur. Ketika tiba di TKP, AS dihadang oleh empat orang pelaku yaitu P
dan OWP, bersama dua rekannya yaitu W dan H,"" ungkap Wakapolres Lombok Tengah
Kompol Ketut Tamiana.

Ketika keempat pelaku akan mengambil sepeda motor miliknya, AS berusaha
melakukan perlawanan dengan senjata tajam yang dibawanya. Pelaku begal, P dan
OW yang juga membawa senjata tajam, tewas di tangan AS.

""Sedangkan kedua pelaku yaitu W dan H melarikan diri ketika melihat dua
temannya tersungkur,"" jelas Tamiana.

W dan H akhirnya ditangkap polisi dan ditetapkan menjadi tersangka kasus
pencurian. Di sisi lain, W dan H juga menjadi saksi atas kasus pembunuhan yang
menjerat AS.

""Saat ini ketiga pelaku, baik pelaku pembunuhan maupun pelaku percobaan
pencurian masih kita lakukan pemeriksaan lebih lanjut,"" ujar dia.

  
  
  
[Gambas:Video 20detik]  

 ",www.detik.com
"Duel Maut Amaq Sinta Lawan 4 Begal, Ini Kronologinya Kata Polisi","Sabtu, 16 Apr 2022 06:13 WIB","\-

Polres Lombok Tengah menjadi sorotan paska penetapan Amaq Sinta, seorang
korban begal, sebagai tersangka pembunuhan atas 2 orang pelaku yang
membegalnya. Amaq Sinta sendiri sempat ditahan di Mapolres Lombok, sebelum
akhirnya diberi penangguhan penahanan. Namun status tersangka pembunuhan masih
disandangnya hingga kini. Kepolisian menyebut penetapan tersangka atas Amaq
Sinta sudah berdasarkan hasil olah tempat kejadian perkara dan kesaksian dari
dua pelaku begal yang selamat.

Dari jumpa pers di Mapolres Lombok Tengah pada Selasa (12/4/2022), tersisa
cerita kronologi duel maut yang melibatkan Amaq Sinta dan keempat pelaku begal
pada saat kejadian. Kronologi itulah yang kemudian membuat penyidik mengambil
kesimpulan bahwa Amaq Sinta pantas diproses hukum sebagai tersangka
pembunuhan.

Wakapolres Lombok Tengah Kompol I Ketut Tamiana yang memimpin jumpa pers
tersebut menjelaskan, kasus pembegalan itu terjadi pada 10 April 2022, pukul
01.30 WITA di tempat kejadian perkara (TKP) Jl. Raya Desa Ganti, Kecamatan
Praya Timur, Kabupaten Lombok Tengah.

  

""Di mana kasus ini diawali dengan adanya percobaan pencurian dengan kekerasan.
Jumlah pelakunya empat orang, korban satu orang,"" ujar Tamiana mengawali
paparannya.

Ia mengungkap empat nama pelaku pembegalan, terdiri atas Pendi, Oki, Wahid,
dan Holidi.

""Sedangkan korbannya adalah M alias AS,"" ujarnya, merujuk pada Amaq Sinta.

Ia lantas menambahkan, ""Terkait dengan kronologi kejadian tersebut, terjadilah
kasus penganiayaan dengan pemberatan mengakibatkan dua orang korban meninggal
dunia atas nama Oki dan Pendi.""

Tamiana lantas memaparkan kronologis peristiwa pada dinihari tersebut. ""Di
mana kronologi kejadian ini, pada saat dilakukan percobaan pencurian dengan
kekerasan, kendaraan daripada korban yang dalam hal ini sekarang sebagai
pelaku pembunuhan, dirampas oleh pelaku Pendi dan Oki, atau korban Oki dan
Pendi dalam kasus pembunuhan,"" ujarnya.

""Di mana pada saat itu, pelaku pembunuhan atau korban percobaan pencurian
mempertahankan kendaraannya yang dirampas. Di mana modusnya, pelaku, si Oki ,
menebas tangan daripada korban, dalam hal ini, pelaku pembunuhan. Akhirnya
terjadi pertengkaran di sana. Terjadi pembelaan diri. si korban percobaan
pencurian, dalam hal ini pelaku pembunuhan, mengambil sajam (senjata tajam) di
pinggangnya. Selanjutnya (ia) menusuk dada daripada korban Pendi, atau pelaku
percobaan pencurian dengan kekerasan,"" papar Tamiana.

""Selanjutnya, pelaku Oki melarikan diri dengan membawa kendaraan dari pelaku
atau korban percobaan pencurian. Selanjutnya pelaku atau korban mengejar
pelaku Oki, atau korban Oki. Korban Oki terjatuh dari kendaraan milik pelaku
atau korban, dalam hal ini, korban percobaan pencurian. Selanjutnya korban
menusuk punggung dari pelaku Oki, dalam hal ini korban pembunuhan, sehingga
Oki meninggal dunia di TKP. Sedangkan teman dari pelaku, dalam hal ini korban,
atas nama Wahid dan Holidi, melarikan diri melihat temannya tersungkur,""
Tamiana menambahkan.

""Itulah kronologi kejadian penganiayaan yang menyebabkan korban meninggal
dunia, yang diawali oleh kasus pencurian dengan kekerasan oleh 2 korban dan 2
pelaku,"" tegasnya.

Tamiana menyebut bahwa kasus tersebut terungkap dalam waktu kurang dari 24
jam. ""Terkait dengan proses penanganan kasus ini, kurang dr 24 jam kasus ini
terungkap dengan alat bukti berupa keterangan saksi dan hasil olah TKP,""
tambahnya.

Tamiana menyebut ada 4 bilah sajam dan 3 unit kendaraan yang disita polisi
dari peristiwa itu. Empat sajam tersebut terdiri dari tiga parang berbagai
ukuran milik para begal, dan satu buah pisau milik AmaqSinta. Sementara 3 buah
sepeda motor yang disita terdiri atas dua sepeda motor milik pelaku begal dan
1 sepeda motor milik Amaq Sinta.

""Selanjutnya, setelah dilakukan penyelidikan, dilakukan gelar perkara, kasus
ini ditingkatkan menjadi proses sidik,"" ujar Tamiana.

""Para korban (pelaku begal) kita ketemukan di TKP dalam keadaan bersimbah
darah, sebagaimana keterangan dua teman korban yang diduga pelaku curas
(pencurian dengan kekerasan),"" kata dia.

""Jadi total pelaku pembunuhan 1 orang, yang juga calon korban kasus pencurian
dengan kekerasan.Dan yang kita amankan juga, kita jadikan tersangka, teman
korban yang lakukan percobaan pencurian dengan kekerasan, dua orang,"" tegas
Tamiana.

  
  
  
[Gambas:Video 20detik]  

 ",www.detik.com
Akhir Pelarian Sopir Angkot Pembunuh Teman Kencan Gegara Kurang Bayaran,"Minggu, 15 Mei  2022 06:40 WIB","\-

Pembunuhan perempuan inisial RN (39) yang jasadnya ditemukan setengah
telanjang di indekos Bogor Barat, Kota Bogor, akhirnya terungkap. RN ternyata
dibunuh oleh seorang sopir angkot di Bogor, Agung Prawira (23).

Agung melarikan diri usai membunuh wanita yang merupakan teman kencannya itu.
Pelarian Agung berakhir setelah dua pekan hingga polisi menangkapnya di
Terminal Laladon, Bogor, pada Jumat (13/5).

Penangkapan itu mendapat perlawanan. Polisi terpaksa memberikan tembakan
terukur hingga bisa melumpuhkan Agung.

## Korban Teman Kencan Agung yang Dikenal Via MiChat

Polisi mengungkapkan RN adalah teman kencan Agung yang dikenal via MiChat.
Agung dan korban janjian bertemu di indekos korban pada Sabtu (30/5) malam
untuk berkencan dengan kesepakatan membayar Rp 1 juta.

""Kronologisnya tersangka dan korban berjanjian lewat aplikasi MiChat, kemudian
ada kesepakatan harga yang tidak dipenuhi sebesar 1 juta, sedangkan pelaku
ketika di lokasi hanya bawa uang 200 ribu,"" kata Kaporesta Bogor Kota Kombes
Susatyo Purnomo Condro dalam jumpa pers, Jumat (13/5/2022).

##  
Motif Pembunuhan Gegara Kurang Bayar

Susatyo mengatakan awalnya korban dan Agung janjian via Michat untuk
berkencan. Mereka sepakat harga yang ditentukan adalah Rp 1 juta.

Namun setelah selesai berkencan, Agung tidak menyepakati perjanjian tersebut.
Keduanya cekcok hingga akhirnya Agung membunuh korban.

""Kemudian terjadi cekcok dan korban dijerat menggunakan sarung bantal guling,
kemudian mulutnya dibekap dengan tisu hingga akhirnya korban meninggal di
lokasi,"" tambah Susatyo.

Agung mencekik leher serta menyumpal mulut korban dengan tisu. Setelah
kejadian itu Agung pun melarikan diri.

  
 _Baca di halaman selanjutnya: Agung kabur bawa HP korban._

[Gambas:Video 20detik]

  
  

Selanjutnya __

Halaman

1  2  3

 ",www.detik.com
"Heboh Makassar Rawan Begal, Danny Klaim Kota Daeng Aman Usai Pantau CCTV","Kamis, 07 Apr 2022 08:00 WIB","\-

Wilayah Kota Makassar, Sulawesi Selatan (Sulsel) belakangan dihebohkan dengan
isu rawan begal. Wali Kota Makassar Moh Ramdhan 'Danny' Pomanto mengklaim Kota
Daeng aman karena punya 203 kamera pengawas atau CCTV.

Isu tersebut muncul usai heboh kasus penembakan petugas Dinas Perhubungan
(Dishub) Kota Makassar. Pesan-pesan berantai kemudian bermunculan jika
Makassar rawan begal, termasuk di sekitar lokasi penembakan petugas Dishub.

""Itu fenomena (kasus penembakan) bukan hanya (terjadi di) Makassar, (tapi juga
hampir) seluruh Indonesia. Tidak boleh justifikasi bahwa penembakan hanya di
Makassar,"" ucap Danny Pomanto saat dihubungi, Rabu (6/4/2022)

  

Terkait kasus penembakan, Danny percaya aparat kepolisian akan mengusut
tuntas. Apalagi saat polisi disebutnya sudah menemui titik terang. Di samping
itu tetap menjaga situasi Makassar tetap aman dan kondusif.

""Polrestabes, Dansat Brimob, dan Kabag Ops patroli satu kota, satu malam full.
Orang lagi tidur, kita patroli langsung pimpin langsung TNI-Polri koordinasi
di daerah rawan malam dan ini sudah aktif sampai sahur sudah berjalan terus,""
jelasnya.

Pemkot Makassar pun diakuinya terus memantau keamanan dan situasi warga Kota
Makassar lewat CCTV. Ada sekitar 203 kamera pemantau yang disebar di setiap
ruas jalan untuk melakukan pengawasan tersebut.

""Itu juga ada CCTV yang ada Infokom kita maksimalkan sekarang untuk pasang itu
CCTV di beberapa titik rawan,"" sambungnya.

Menurutnya kamera pengawas CCTV akan diperluas penempatannya di tiap lorong
kelurahan Kota Makassar. Dengan begitu pengawasan diharapkan bisa lebih
maksimal.

""Itu ada anggarannya di kelurahan saya tidak tahu,kurang lebih Rp 300 atau Rp
400 juta anggaran kelurahan diantara itu pengadaan CCTV,"" pungkasnya.

## Kasus Penembakan Petugas Dishub Makassar

Sebelumnya petugas Dishub Makassar Najamuddin Sewang tewas ditembak orang tak
dikenal (OTK) saat melintas di pertigaan Jalan Danau-Jalan Manunggal 22,
Kecamatan Tamalate, Makassar, sekitar pukul 10.54 Wita, Minggu (3/4). Kasus
ini masih diusut kepolisian.

Danny turut menanggapi insiden ini. Menurutnya peristiwa itu sifatnya
situasional. Tidak bisa serta merta menjadikan Makassar tidak aman.

""Masalah aman tidak aman, saya kira itu relatif. Karena kejadian begini kan
tidak selalu terjadi, dan terjadi juga di Jawa, di mana penembakan-penembakan
begini kan,"" kata Danny.

## CCTV Dipasang di Titik Rawan

Kepala Dinas Informasi dan Komunikasi (Diskominfo) Kota Makassar Mahyuddin
mengatakan, ada 203 CCTV yang disebar beroperasi di ruas Kota Makassar. Kamera
ini dipasang di titik rawan jalan terjadinya kejahatan.

""Sudah pasang di beberapa titik rawan Barukang, Kandea, Perintis dan Urip
(sumoharjo) sering terjadi perkelahian,"" ungkap Mahyuddin.

CCTV juga telah dipasang di sejumlah daerah yang sering terjadi perang
kelompok antarmasyarakat. Seperti di perbatasan antara wilayah Bunga Ejaya-
Bontoala, Tallo, Panakukang, dan Ujung Tanah.

""Fungsinya CCTV dengan adanya ini orang berbuat jahat pasti akan takut karena
di lihat ada mengawasi, keamanan warga pasti lebih nyaman,"" ucapnya.

Mahyuddin menyebut CCTV itu dipantau dalam sebuah ruangan khusus yang disebut
war room di Balai Kota Makassar. Semua kejadian yang terpantau dalam kamera di
203 titik itu.

""Kami juga di sini kalau ada kejadian pas waktu terpantau anggota kami
kemudian ditindaklanjuti kepolisian,"" paparnya.

  
  
  
[Gambas:Video 20detik]  

 ",www.detik.com
"Selain Diperkosa, 2 ABG di Bener Meriah Diduga Disekap oleh 8 Pria","Minggu, 22 Mei  2022 12:05 WIB","\-

Polisi mendalami dugaan penyekapan terhadap dua anak di bawah umur yang
diperkosa delapan pria di Bener Meriah, Aceh. Korban disebut berada di salah
satu gudang durian di Bener Meriah selama tiga hari.

""Kronologi awal belum tau kita karena masih dalam tahap proses pemeriksaan
awal. Menurut keterangan sementara iya demikian (disekap),"" kata Kasat Reskrim
Polres Bener Meriah AKP Erjan Dasmi saat dimintai konfirmasi , Minggu
(22/5/2022).

Erjan mengatakan, polisi masih memeriksa kedelapan tersangka serta saksi-saksi
untuk mengungkap lebih jelas kasus tersebut. Dia mengaku belum dapat
memastikan apakah benar korban disekap atau tidak.

  

""Kalau untuk kejelasannya belum pasti apakah mereka disekap atau tidak.
Intinya mereka di gudang itu ada tiga hari,"" jelas Erjan.

Menurutnya, kedua korban datang ke gudang durian tersebut setelah diajak
seorang tersangka berusia 17 tahun. Korban dengan tersangka disebut saling
kenal tapi belum diketahui hubungan di antara mereka.

Setelah tiba di sana, pelaku tersebut memanggil tujuh kawannya ESP (24), AR
(22), ZR (22), SP (24), WS (22), MK (22) dan satu tersangka berusia 19 tahun.
Mereka datang dalam waktu berbeda selama tiga hari tersebut.

""Selama tiga hari di sana yakni tanggal 17-19 Mei, korban diperkosa
bergantian. Misalnya hari ini oleh dua orang, besok dua orang dan lusa dua
orang,"" jelas Erjan.

Kasus itu terungkap setelah korban melaporkan aksi pemerkosaan yang dialaminya
ke orang tuanya. Tak terima anaknya dilecehkan, orang tua korban kemudian
melapor ke polisi.

Usai mendapat laporan, polisi turun tangan melakukan penyelidikan. Dalam
hitungan jam, polisi menciduk para tersangka di rumah masing-masing, Kamis
(19/5).

Polisi masih mendalami kasus pemerkosaan tersebut. Para tersangka masih
diperiksa di Satuan Reserse dan kriminal (Satreskrim) Polres Bener Meriah.
Dalam kasus itu, polisi menyita sejumlah barang bukti antara lain pakaian yang
dipakai korban.

  
  
  
[Gambas:Video 20detik]  

 ",www.detik.com
Polda Sulsel Limpahkan Berkas AKBP Mustari Tersangka Pemerkosa ABG ke Kejati,"Senin, 28 Mar 2022 13:42 WIB","\-

Polda Sulawesi Selatan (Sulsel) melakukan tahap I pelimpahan berkas perkara
milik AKBP Mustari, polisi Sulsel yang menjadi tersangka kasus pemerkosaan
remaja putri. Pelimpahan dilakukan ke Kejaksaan setelah penyidik menyatakan
berkas perkara AKBP Mustari sudah rampung.

""Perkara itu sudah dilimpahkan ke Kejaksaan, berkasnya sudah rampung,"" ujar
Dirkrimum Polda Sulsel Kombes Onny Trimurti Nugroho saat dihubungi , Senin
(28/3/2022).

Onny mengatakan, pelimpahan berkas perkara dilakukan hari ini ke Jaksa
peneliti Kejaksaan Tinggi (Kejati) Sulsel. Dia berharap berkas perkara kasus
AKBP Mustari dapat dinyatakan lengkap atau P21 oleh Kejaksaan.

  

""Pastinya tadi pagi sudah dilimpahkan di Kejaksaan,"" katanya.

Diketahui, penyidik merampungkan berkas perkara milik AKBP Mustari dalam kurun
waktu 24 hari sejak gelar perkara penetapan tersangka pada Jumat (4/3) lalu.
Kombes Onny menuturkan penyidik menargetkan berkas perkara ini bisa segera
dilakukan tahap II, yakni pelimpahan tersangka dan berkas perkara.

""Jadi perkara Mustari tahap I hari ini dan semoga segera dinyatakan lengkap,""
katanya.

Diberitakan sebelumnya, penyidik Subdirektorat Remaja, Anak, dan Wanita
(Renakta) Ditreskrimum Polda Sulsel melakukan gelar perkara sekitar pukul
16.00 Wita, Jumat (4/3). Setelah dua jam gelar perkara, penyidik sepakat AKBP
Mustari cukup bukti melakukan pemerkosaan.

Dalam gelar perkara, penyidik menemukan sejumlah alat bukti, berupa tisu bekas
pakai yang membuat AKBP Mustari layak jadi tersangka.

""Makanya mereka (penyidik) sepakat berdasarkan bukti-bukti untuk menaikkan
(status AKBP Mustari) tersangka,"" ungkap Kombes Onny.

## AKBP Mustari Dipecat Tidak Hormat

Selain jadi tersangka, AKBP Mustari juga sudah disanksi pemberhentian tidak
dengan hormat (PTDH) pada sidang kode etik pada Jumat (11/3). AKBP Mustari
dinyatakan bersalah melanggar kode etik profesi Polri, yakni melanggar Pasal 7
Ayat 1 huruf B Peraturan Kapolri (Perkap) Nomor 14 2011 tentang Kode Etik
Profesi Polri

""Hasilnya menjatuhkan sanksi berupa sanksi yang sifatnya tidak administratif
berupa perilaku pelanggaran dinyatakan sebagai perbuatan tercela,"" kata ketua
sidang kode etik Kombes Ai Afriandi.

""Kemudian kedua, sanksi yang sifatnya administratif berupa direkomendasikan
pemberhentian tidak dengan hormat atau PTDH dari dinas kepolisian negara
republik Indonesia,"" sambung Afriandi.

  
  
  
[Gambas:Video 20detik]  

 ",www.detik.com
"Kejar Pencuri Motor, Pria di Tangerang Babak Belur Dikeroyok Pelaku","Jumat, 04 Mar 2022 12:32 WIB","\-

Seorang pria, Feby Iswanto (20), babak belur dipukuli pelaku pencurian sepeda
motor (curanmor) di Ciledug, Kota Tangerang. Feby dikeroyok para pelaku saat
mencoba menggagalkan pencurian motor.

Kasi Humas Polres Metro Tangerang Kota Kompol Abdul Rachim menyebutkan
peristiwa itu terjadi pada Rabu (2/3/2022) sekitar pukul 04.30 WIB. Dia
mengatakan kejadian ini bermula saat empat pelaku hendak melakukan curanmor
dan dipergoki Feby.

""Ketika saksi Feby sedang berada di teras rumah, melihat satu orang pelaku
curanmor sedang mendorong mengeluarkan sepeda motor dari depan rumah saksi
atau tetangganya yang bukan pemilik rumah,"" kata Abdul Rachim saat dihubungi,
Jumat (4/2/2022).

Rachim mengungkapkan, setelah melihat kejadian tersebut, Feby berinisiatif
meneriaki para pelaku maling. Menurutnya, setelah itu, Feby mengejar sendiri
para pelaku yang berjumlah empat orang tersebut.

""Saksi berinisiatif berteriak maling... maling... dan empat pelaku langsung
melarikan diri sambil membawa sepeda motor korban. Kemudian saksi seorang diri
berlari mengejar pelaku dan empat pelaku berhenti untuk mengeroyok saksi,""
tambahnya.

Akhirnya para pelaku berhasil melarikan diri dari kejaran Feby ke arah
Kelurahan Paninggilan, Kecamatan Ciledug, Kota Tangerang.

""Setelah itu, empat pelaku berhasil melarikan diri dengan membawa sepeda motor
korban ke arah Peninggilan hingga saksi kehilangan jejak terhadap pelaku,""
tuturnya.

Sementara itu, Rachim mengungkapkan motor yang menjadi incaran para pelaku
adalah milik Rizky Ardiansyah (25). Dia menuturkan motor korban dicuri di
garasi dan pagar garasi dalam keadaan tidak terkunci.

""Kejadian berawal pada Selasa (1/3/2022) sekitar pukul 23.30 WIB. Korban
memarkir dan mengunci setang sepeda motornya di garasi. Setelah itu korban
menutup pagar garasi tanpa menggemboknya, lalu masuk ke dalam rumah untuk
istirahat,"" ungkapnya.

Menurutnya, dalam melancarkan aksinya, keempat pelaku ini membagi tugas. Yang
menggasak motor korban ini hanya dilakukan oleh satu orang pelaku dan sisanya
berjaga di depan rumah korban.

""Selanjutnya, pada Rabu (2/3/2022) sekitar pukul 04.30 WIB, tiga orang pelaku
berjaga di atas dua sepeda motor di depan rumah tempat kejadian dan satu orang
pelaku mendorong mengeluarkan sepeda motor tersebut,"" jelasnya.

[Gambas:Video 20detik]

 ",www.detik.com
Heboh Pria Tangan-Mulut Dilakban Ditemukan Tergeletak di Jalanan Bogor,"Kamis, 23 Des 2021 19:38 WIB","\-

Warga di Jalan Transyogi, Kecamatan Tanjungsari, Kabupaten Bogor dihebohkan
dengan temuan seorang pria dengan kondisi mulut dan tangan dilakban, Selasa
(21/12).

Pria itu bernama Odon dan merupakan sopir truk gudang di Sunter Jakarta Utara
yang mengaku telah dirampok saat istirahat di dalam truk yang dikemudikannya.

Kapolsek Tanjungsari Iptu Hartanto membenarkan peristiwa tersebut. Pihaknya
bahkan berhasil menemukan truk yang disebut Odon dibawa perampok.

""Itu kejadiannya benar, ya. Kita juga sudah temukan truknya di kawasan
Cikalong, masuk Cianjur,"" kata Hartanto kepada , Kamis (23/12/2021).

""Jadi pagi itu sopir ditemukan, kondisinya mulut dan tangan dilakban. Kita
kemudian lakukan pengembangan, dan akhirnya truk ditemukan. Tapi kondisinya
sudah kosong dan kunci truk masih menggantung, cuma barang-barang dalam truk
semua hilang,"" beber Hartanto menambahkan.

Kepada polisi, Odon mengaku truk itu dibawa dari gudang di kawasan Sunter,
Jakarta Utara. Aksi perampokan itu, kata Odon, terjadi ketika ia sedang
istirahat di lampu merah Karang Tengah.

Menurutnya total ada 3 orang yang merampoknya. Dari keterangan Odon, juga
terungkap kalau salahsatu perampok adalah temannya sendiri.

""Dari pengakuan sopir bernama Odon ini, pelaku perampokan ada 3 orang. Setelah
kita desak, ternyata salahsatu pelakunya itu adalah temannya sendiri. Teman
sopir di perusahaan sebelumnya. Disini kita agak curiga sih,"" kata Hartanto.

Hartanto mengatakan, Odon kemudian mengaku kalau sebenarnya ia tidak dibawa di
dalam truk oleh pelaku. Ia dibawa menggunakan minibus yang dikemudikan oleh
pelaku yang ia kenal sebagai temannya.

""Jadi pelaku itu kan ada 3. Nah sopir Odon ini dibawa di dalam minibus yang
dikendarai oleh yang katanya temannya itu, sementara truk dibawa oleh dua
pelaku lainnya. Tetapi dia (Odon) mengaku tidak tahu dibawa kemana saja, tahu-
tahu dibuang di Tanjungsari,"" kata Hartanto.

Hartanto menyebut, kasus ini diserahkan selanjutnya ke Polsek Sunter, Jakarta
Utara. Karena menurutnya, diduga aksi pencurian atau perampokan itu terjadi di
sekitar gudang di Sunter.

""Kita sudah sampaikan ke pihak perusahaan pemilik truk agar membuat laporan ke
Polsek Sunter, karena kita duga kejadiannya memang disana. Sopir Odon juga
kita serahkan,"" imbuhnya.

 ",www.detik.com
